   8m__12m 
  -0.022292 ,  -0.079365, -0.012186 
  -0.020965 ,  -0.087356, -0.026626 
  -0.019599 ,  -0.095132, -0.038735 
  -0.018194 ,  -0.102624, -0.047550 
  -0.016751 ,  -0.109761, -0.052467 
  -0.015271 ,  -0.116476, -0.053295 
  -0.013754 ,  -0.122701, -0.050272 
  -0.012203 ,  -0.128372, -0.044010 
  -0.010617 ,  -0.133426, -0.035412 
  -0.008997 ,  -0.137806, -0.025543 
  -0.007346 ,  -0.141457, -0.015499 
  -0.005663 ,  -0.144331, -0.006264 
  -0.003950 ,  -0.146385, 0.001393 
  -0.002208 ,  -0.147580, 0.007002 
  -0.000438 ,  -0.147885, 0.010417 
  0.001358 ,  -0.147276, 0.011805 
  0.003179 ,  -0.145736, 0.011585 
  0.005024 ,  -0.143255, 0.010337 
  0.006892 ,  -0.139832, 0.008701 
  0.008781 ,  -0.135471, 0.007265 
  0.010689 ,  -0.130186, 0.006480 
  0.012616 ,  -0.123999, 0.006597 
  0.014560 ,  -0.116939, 0.007641 
  0.016519 ,  -0.109042, 0.009429 
  0.018492 ,  -0.100352, 0.011614 
  0.020477 ,  -0.090920, 0.013763 
  0.022473 ,  -0.080802, 0.015434 
  0.024478 ,  -0.070063, 0.016260 
  0.026490 ,  -0.058770, 0.016014 
  0.028508 ,  -0.046998, 0.014642 
  0.030530 ,  -0.034824, 0.012271 
  0.032555 ,  -0.022330, 0.009180 
  0.034580 ,  -0.009601, 0.005746 
  0.036604 ,  0.003278, 0.002374 
  0.038625 ,  0.016219, -0.000574 
  0.040642 ,  0.029133, -0.002846 
  0.042652 ,  0.041932, -0.004339 
  0.044655 ,  0.054528, -0.005117 
  0.046647 ,  0.066837, -0.005391 
  0.048629 ,  0.078775, -0.005476 
  0.050596 ,  0.090264, -0.005722 
  0.052549 ,  0.101226, -0.006442 
  0.054484 ,  0.111592, -0.007840 
  0.056401 ,  0.121294, -0.009959 
  0.058298 ,  0.130273, -0.012653 
  0.060172 ,  0.138475, -0.015593 
  0.062022 ,  0.145851, -0.018313 
  0.063847 ,  0.152362, -0.020271 
  0.065644 ,  0.157974, -0.020941 
  0.067411 ,  0.162660, -0.019901 
  0.069148 ,  0.166403, -0.016912 
  0.070852 ,  0.169190, -0.011978 
  0.072521 ,  0.171019, -0.005367 
  0.074155 ,  0.171894, 0.002407 
  0.075751 ,  0.171825, 0.010634 
  0.077307 ,  0.170831, 0.018497 
  0.078823 ,  0.168936, 0.025172 
  0.080296 ,  0.166172, 0.029939 
  0.081725 ,  0.162575, 0.032280 
  0.083108 ,  0.158189, 0.031946 
  0.084444 ,  0.153059, 0.028992 
  0.085732 ,  0.147239, 0.023771 
  0.086970 ,  0.140783, 0.016886 
  0.088156 ,  0.133751, 0.009107 
  0.089290 ,  0.126202, 0.001266 
  0.090369 ,  0.118201, -0.005849 
  0.091393 ,  0.109811, -0.011598 
  0.092361 ,  0.101097, -0.015560 
  0.093271 ,  0.092125, -0.017582 
  0.094121 ,  0.082959, -0.017774 
  0.094912 ,  0.073661, -0.016480 
  0.095641 ,  0.064294, -0.014203 
  0.096309 ,  0.054917, -0.011521 
  0.096913 ,  0.045586, -0.008988 
  0.097453 ,  0.036355, -0.007054 
  0.097928 ,  0.027275, -0.005994 
  0.098337 ,  0.018392, -0.005874 
  0.098680 ,  0.009748, -0.006558 
  0.098955 ,  0.001382, -0.007738 
  0.099162 ,  -0.006673, -0.008996 
  0.099301 ,  -0.014387, -0.009884 
  0.099370 ,  -0.021735, -0.010003 
  0.099370 ,  -0.028697, -0.009073 
  0.099300 ,  -0.035257, -0.006984 
  0.099159 ,  -0.041402, -0.003815 
  0.098947 ,  -0.047126, 0.000178 
  0.098664 ,  -0.052425, 0.004601 
  0.098310 ,  -0.057299, 0.008986 
  0.097884 ,  -0.061751, 0.012864 
  0.097387 ,  -0.065788, 0.015834 
  0.096818 ,  -0.069420, 0.017626 
  0.096177 ,  -0.072659, 0.018134 
  0.095465 ,  -0.075519, 0.017426 
  0.094681 ,  -0.078015, 0.015727 
  0.093826 ,  -0.080166, 0.013369 
  0.092900 ,  -0.081990, 0.010737 
  0.091903 ,  -0.083506, 0.008197 
  0.090836 ,  -0.084734, 0.006039 
  0.089700 ,  -0.085693, 0.004431 
  0.088494 ,  -0.086404, 0.003396 
  0.087219 ,  -0.086883, 0.002817 
  0.085875 ,  -0.087152, 0.002470 
  0.084465 ,  -0.087225, 0.002072 
  0.082988 ,  -0.087120, 0.001341 
  0.081444 ,  -0.086852, 0.000059 
  0.079836 ,  -0.086433, -0.001881 
  0.078163 ,  -0.085877, -0.004443 
  0.076427 ,  -0.085192, -0.007446 
  0.074629 ,  -0.084389, -0.010585 
  0.072770 ,  -0.083474, -0.013480 
  0.070851 ,  -0.082454, -0.015733 
  0.068872 ,  -0.081332, -0.017002 
  0.066837 ,  -0.080112, -0.017059 
  0.064745 ,  -0.078796, -0.015837 
  0.062598 ,  -0.077384, -0.013447 
  0.060397 ,  -0.075876, -0.010177 
  0.058144 ,  -0.074271, -0.006448 
  0.055841 ,  -0.072568, -0.002755 
  0.053488 ,  -0.070764, 0.000402 
  0.051088 ,  -0.068859, 0.002604 
  0.048641 ,  -0.066849, 0.003574 
  0.046151 ,  -0.064732, 0.003226 
  0.043617 ,  -0.062508, 0.001687 
  0.041043 ,  -0.060175, -0.000721 
  0.038430 ,  -0.057732, -0.003523 
  0.035779 ,  -0.055179, -0.006159 
  0.033093 ,  -0.052518, -0.008068 
  0.030373 ,  -0.049751, -0.008770 
  0.027622 ,  -0.046881, -0.007945 
  0.024840 ,  -0.043913, -0.005478 
  0.022031 ,  -0.040850, -0.001489 
  0.019196 ,  -0.037701, 0.003688 
  0.016338 ,  -0.034471, 0.009540 
  0.013457 ,  -0.031171, 0.015448 
  0.010557 ,  -0.027809, 0.020770 
  0.007639 ,  -0.024395, 0.024927 
  0.004706 ,  -0.020941, 0.027477 
  0.001759 ,  -0.017458, 0.028176 
  -0.001199 ,  -0.013960, 0.026997 
  -0.004166 ,  -0.010457, 0.024131 
  -0.007140 ,  -0.006964, 0.019945 
  -0.010119 ,  -0.003493, 0.014928 
  -0.013100 ,  -0.000057, 0.009610 
  -0.016082 ,  0.003331, 0.004492 
  -0.019062 ,  0.006659, -0.000029 
  -0.022039 ,  0.009916, -0.003708 
  -0.025009 ,  0.013090, -0.006471 
  -0.027971 ,  0.016172, -0.008416 
  -0.030923 ,  0.019152, -0.009774 
  -0.033862 ,  0.022022, -0.010862 
  -0.036786 ,  0.024776, -0.012014 
  -0.039694 ,  0.027407, -0.013514 
  -0.042582 ,  0.029911, -0.015540 
  -0.045449 ,  0.032285, -0.018126 
  -0.048293 ,  0.034527, -0.021146 
  -0.051111 ,  0.036636, -0.024322 
  -0.053902 ,  0.038613, -0.027267 
  -0.056664 ,  0.040459, -0.029532 
  -0.059394 ,  0.042178, -0.030677 
  -0.062090 ,  0.043773, -0.030329 
  -0.064751 ,  0.045249, -0.028244 
  -0.067374 ,  0.046612, -0.024344 
  -0.069958 ,  0.047867, -0.018733 
  -0.072500 ,  0.049022, -0.011690 
  -0.074999 ,  0.050083, -0.003641 
  -0.077453 ,  0.051057, 0.004886 
  -0.079860 ,  0.051952, 0.013322 
  -0.082218 ,  0.052775, 0.021113 
  -0.084526 ,  0.053532, 0.027775 
  -0.086782 ,  0.054230, 0.032934 
  -0.088984 ,  0.054875, 0.036355 
  -0.091131 ,  0.055471, 0.037946 
  -0.093221 ,  0.056022, 0.037753 
  -0.095252 ,  0.056533, 0.035932 
  -0.097223 ,  0.057005, 0.032727 
  -0.099133 ,  0.057440, 0.028427 
  -0.100980 ,  0.057838, 0.023344 
  -0.102763 ,  0.058197, 0.017779 
  -0.104480 ,  0.058515, 0.012010 
  -0.106131 ,  0.058790, 0.006281 
  -0.107714 ,  0.059017, 0.000801 
  -0.109228 ,  0.059190, -0.004255 
  -0.110671 ,  0.059304, -0.008739 
  -0.112044 ,  0.059351, -0.012529 
  -0.113344 ,  0.059323, -0.015527 
  -0.114572 ,  0.059213, -0.017666 
  -0.115725 ,  0.059010, -0.018910 
  -0.116804 ,  0.058707, -0.019270 
  -0.117807 ,  0.058293, -0.018804 
  -0.118734 ,  0.057761, -0.017624 
  -0.119584 ,  0.057100, -0.015890 
  -0.120356 ,  0.056303, -0.013803 
  -0.121051 ,  0.055360, -0.011583 
  -0.121667 ,  0.054266, -0.009448 
  -0.122205 ,  0.053014, -0.007590 
  -0.122663 ,  0.051598, -0.006150 
  -0.123041 ,  0.050014, -0.005204 
  -0.123340 ,  0.048260, -0.004749 
  -0.123559 ,  0.046333, -0.004709 
  -0.123698 ,  0.044234, -0.004947 
  -0.123756 ,  0.041964, -0.005287 
  -0.123735 ,  0.039526, -0.005544 
  -0.123633 ,  0.036924, -0.005552 
  -0.123452 ,  0.034165, -0.005192 
  -0.123190 ,  0.031256, -0.004410 
  -0.122850 ,  0.028206, -0.003221 
  -0.122429 ,  0.025026, -0.001710 
  -0.121930 ,  0.021726, -0.000009 
  -0.121353 ,  0.018320, 0.001727 
  -0.120697 ,  0.014821, 0.003351 
  -0.119964 ,  0.011245, 0.004751 
  -0.119153 ,  0.007606, 0.005875 
  -0.118266 ,  0.003920, 0.006737 
  -0.117304 ,  0.000204, 0.007420 
  -0.116266 ,  -0.003527, 0.008052 
  -0.115155 ,  -0.007256, 0.008784 
  -0.113969 ,  -0.010966, 0.009750 
  -0.112711 ,  -0.014643, 0.011032 
  -0.111382 ,  -0.018271, 0.012632 
  -0.109982 ,  -0.021836, 0.014456 
  -0.108512 ,  -0.025325, 0.016312 
  -0.106974 ,  -0.028725, 0.017928 
  -0.105368 ,  -0.032026, 0.018991 
  -0.103696 ,  -0.035217, 0.019189 
  -0.101958 ,  -0.038291, 0.018268 
  -0.100157 ,  -0.041239, 0.016079 
  -0.098293 ,  -0.044058, 0.012616 
  -0.096368 ,  -0.046742, 0.008035 
  -0.094383 ,  -0.049290, 0.002651 
  -0.092339 ,  -0.051700, -0.003094 
  -0.090238 ,  -0.053973, -0.008681 
  -0.088082 ,  -0.056110, -0.013579 
  -0.085871 ,  -0.058115, -0.017318 
  -0.083608 ,  -0.059990, -0.019557 
  -0.081293 ,  -0.061741, -0.020137 
  -0.078930 ,  -0.063374, -0.019107 
  -0.076518 ,  -0.064893, -0.016726 
  -0.074060 ,  -0.066307, -0.013431 
  -0.071557 ,  -0.067621, -0.009777 
  -0.069012 ,  -0.068842, -0.006363 
  -0.066426 ,  -0.069976, -0.003743 
  -0.063800 ,  -0.071029, -0.002345 
  -0.061137 ,  -0.072007, -0.002408 
  -0.058437 ,  -0.072913, -0.003937 
  -0.055704 ,  -0.073751, -0.006704 
  -0.052939 ,  -0.074522, -0.010269 
  -0.050143 ,  -0.075229, -0.014044 
  -0.047319 ,  -0.075869, -0.017373 
  -0.044468 ,  -0.076441, -0.019627 
  -0.041592 ,  -0.076941, -0.020294 
  -0.038694 ,  -0.077363, -0.019054 
  -0.035774 ,  -0.077701, -0.015829 
  -0.032835 ,  -0.077944, -0.010796 
  -0.029879 ,  -0.078083, -0.004367 
  -0.026908 ,  -0.078105, 0.002866 
  -0.023924 ,  -0.077997, 0.010211 
  -0.020928 ,  -0.077744, 0.016969 
  -0.017923 ,  -0.077330, 0.022527 
  -0.014910 ,  -0.076737, 0.026434 
  -0.011891 ,  -0.075949, 0.028456 
  -0.008868 ,  -0.074947, 0.028597 
  -0.005844 ,  -0.073713, 0.027084 
  -0.002820 ,  -0.072228, 0.024320 
  0.000202 ,  -0.070474, 0.020815 
  0.003221 ,  -0.068436, 0.017102 
  0.006233 ,  -0.066095, 0.013655 
  0.009238 ,  -0.063437, 0.010819 
  0.012234 ,  -0.060450, 0.008766 
  0.015218 ,  -0.057121, 0.007479 
  0.018189 ,  -0.053442, 0.006770 
  0.021145 ,  -0.049406, 0.006326 
  0.024085 ,  -0.045008, 0.005773 
  0.027005 ,  -0.040250, 0.004752 
  0.029905 ,  -0.035131, 0.002994 
  0.032783 ,  -0.029660, 0.000369 
  0.035638 ,  -0.023843, -0.003077 
  0.038466 ,  -0.017695, -0.007125 
  0.041267 ,  -0.011232, -0.011412 
  0.044040 ,  -0.004474, -0.015486 
  0.046781 ,  0.002555, -0.018878 
  0.049490 ,  0.009827, -0.021179 
  0.052166 ,  0.017313, -0.022110 
  0.054805 ,  0.024976, -0.021569 
  0.057408 ,  0.032780, -0.019657 
  0.059972 ,  0.040685, -0.016664 
  0.062496 ,  0.048646, -0.013032 
  0.064978 ,  0.056620, -0.009287 
  0.067418 ,  0.064558, -0.005963 
  0.069812 ,  0.072411, -0.003514 
  0.072161 ,  0.080129, -0.002249 
  0.074463 ,  0.087662, -0.002280 
  0.076716 ,  0.094957, -0.003503 
  0.078919 ,  0.101964, -0.005615 
  0.081071 ,  0.108631, -0.008153 
  0.083170 ,  0.114910, -0.010571 
  0.085216 ,  0.120753, -0.012317 
  0.087207 ,  0.126112, -0.012922 
  0.089142 ,  0.130946, -0.012068 
  0.091020 ,  0.135212, -0.009639 
  0.092840 ,  0.138875, -0.005737 
  0.094601 ,  0.141899, -0.000670 
  0.096302 ,  0.144256, 0.005096 
  0.097941 ,  0.145920, 0.011003 
  0.099518 ,  0.146871, 0.016481 
  0.101033 ,  0.147094, 0.021032 
  0.102483 ,  0.146577, 0.024292 
  0.103869 ,  0.145316, 0.026078 
  0.105189 ,  0.143311, 0.026400 
  0.106443 ,  0.140568, 0.025451 
  0.107630 ,  0.137097, 0.023556 
  0.108750 ,  0.132914, 0.021112 
  0.109801 ,  0.128043, 0.018518 
  0.110784 ,  0.122509, 0.016102 
  0.111697 ,  0.116344, 0.014074 
  0.112540 ,  0.109585, 0.012488 
  0.113313 ,  0.102273, 0.011246 
  0.114014 ,  0.094452, 0.010124 
  0.114645 ,  0.086172, 0.008818 
  0.115204 ,  0.077483, 0.007014 
  0.115691 ,  0.068440, 0.004455 
  0.116106 ,  0.059102, 0.000998 
  0.116448 ,  0.049526, -0.003341 
  0.116718 ,  0.039774, -0.008374 
  0.116915 ,  0.029906, -0.013759 
  0.117039 ,  0.019984, -0.019038 
  0.117089 ,  0.010071, -0.023704 
  0.117067 ,  0.000226, -0.027276 
  0.116971 ,  -0.009490, -0.029374 
  0.116803 ,  -0.019019, -0.029780 
  0.116561 ,  -0.028304, -0.028473 
  0.116246 ,  -0.037293, -0.025642 
  0.115859 ,  -0.045934, -0.021656 
  0.115399 ,  -0.054180, -0.017017 
  0.114866 ,  -0.061986, -0.012283 
  0.114262 ,  -0.069314, -0.007987 
  0.113586 ,  -0.076127, -0.004555 
  0.112838 ,  -0.082394, -0.002248 
  0.112019 ,  -0.088089, -0.001119 
  0.111129 ,  -0.093190, -0.001016 
  0.110170 ,  -0.097679, -0.001601 
  0.109140 ,  -0.101545, -0.002416 
  0.108042 ,  -0.104781, -0.002959 
  0.106875 ,  -0.107384, -0.002765 
  0.105640 ,  -0.109356, -0.001491 
  0.104338 ,  -0.110705, 0.001021 
  0.102969 ,  -0.111442, 0.004719 
  0.101534 ,  -0.111583, 0.009329 
  0.100035 ,  -0.111147, 0.014401 
  0.098471 ,  -0.110158, 0.019364 
  0.096843 ,  -0.108643, 0.023615 
  0.095154 ,  -0.106632, 0.026603 
  0.093402 ,  -0.104157, 0.027919 
  0.091590 ,  -0.101253, 0.027352 
  0.089718 ,  -0.097958, 0.024925 
  0.087788 ,  -0.094311, 0.020897 
  0.085800 ,  -0.090350, 0.015723 
  0.083756 ,  -0.086118, 0.009992 
  0.081656 ,  -0.081655, 0.004340 
  0.079502 ,  -0.077002, -0.000634 
  0.077296 ,  -0.072202, -0.004455 
  0.075037 ,  -0.067294, -0.006835 
  0.072729 ,  -0.062317, -0.007704 
  0.070371 ,  -0.057310, -0.007210 
  0.067965 ,  -0.052310, -0.005691 
  0.065513 ,  -0.047351, -0.003607 
  0.063016 ,  -0.042467, -0.001470 
  0.060476 ,  -0.037686, 0.000243 
  0.057893 ,  -0.033039, 0.001162 
  0.055270 ,  -0.028548, 0.001078 
  0.052608 ,  -0.024238, -0.000029 
  0.049909 ,  -0.020128, -0.001996 
  0.047174 ,  -0.016235, -0.004513 
  0.044404 ,  -0.012572, -0.007182 
  0.041602 ,  -0.009151, -0.009587 
  0.038768 ,  -0.005978, -0.011370 
  0.035906 ,  -0.003061, -0.012293 
  0.033016 ,  -0.000399, -0.012279 
  0.030100 ,  0.002005, -0.011424 
  0.027160 ,  0.004157, -0.009980 
  0.024198 ,  0.006060, -0.008312 
  0.021216 ,  0.007723, -0.006827 
  0.018215 ,  0.009155, -0.005903 
  0.015197 ,  0.010367, -0.005816 
  0.012164 ,  0.011374, -0.006683 
  0.009119 ,  0.012188, -0.008431 
  0.006062 ,  0.012827, -0.010793 
  0.002996 ,  0.013308, -0.013344 
  -0.000076 ,  0.013647, -0.015556 
  -0.003155 ,  0.013863, -0.016880 
  -0.006236 ,  0.013975, -0.016826 
  -0.009319 ,  0.014001, -0.015051 
  -0.012401 ,  0.013961, -0.011415 
  -0.015480 ,  0.013872, -0.006017 
  -0.018554 ,  0.013752, 0.000804 
  -0.021622 ,  0.013620, 0.008501 
  -0.024681 ,  0.013491, 0.016390 
  -0.027729 ,  0.013381, 0.023727 
  -0.030765 ,  0.013304, 0.029808 
  -0.033785 ,  0.013275, 0.034054 
  -0.036788 ,  0.013304, 0.036087 
  -0.039773 ,  0.013404, 0.035771 
  -0.042736 ,  0.013583, 0.033224 
  -0.045677 ,  0.013848, 0.028797 
  -0.048592 ,  0.014208, 0.023017 
  -0.051480 ,  0.014665, 0.016511 
  -0.054339 ,  0.015224, 0.009923 
  -0.057167 ,  0.015885, 0.003828 
  -0.059962 ,  0.016650, -0.001335 
  -0.062722 ,  0.017517, -0.005312 
  -0.065444 ,  0.018483, -0.008043 
  -0.068128 ,  0.019545, -0.009650 
  -0.070770 ,  0.020697, -0.010395 
  -0.073369 ,  0.021932, -0.010614 
  -0.075924 ,  0.023243, -0.010655 
  -0.078431 ,  0.024621, -0.010803 
  -0.080890 ,  0.026058, -0.011236 
  -0.083298 ,  0.027541, -0.011988 
  -0.085654 ,  0.029062, -0.012954 
  -0.087956 ,  0.030607, -0.013910 
  -0.090202 ,  0.032166, -0.014563 
  -0.092390 ,  0.033726, -0.014608 
  -0.094518 ,  0.035274, -0.013801 
  -0.096586 ,  0.036798, -0.012007 
  -0.098591 ,  0.038285, -0.009250 
  -0.100531 ,  0.039724, -0.005719 
  -0.102405 ,  0.041101, -0.001762 
  -0.104212 ,  0.042406, 0.002160 
  -0.105950 ,  0.043626, 0.005533 
  -0.107617 ,  0.044752, 0.007863 
  -0.109212 ,  0.045772, 0.008759 
  -0.110734 ,  0.046677, 0.007993 
  -0.112181 ,  0.047459, 0.005547 
  -0.113553 ,  0.048110, 0.001632 
  -0.114847 ,  0.048622, -0.003328 
  -0.116063 ,  0.048990, -0.008743 
  -0.117199 ,  0.049208, -0.013925 
  -0.118255 ,  0.049271, -0.018178 
  -0.119229 ,  0.049177, -0.020884 
  -0.120120 ,  0.048923, -0.021587 
  -0.120928 ,  0.048507, -0.020055 
  -0.121651 ,  0.047930, -0.016310 
  -0.122289 ,  0.047191, -0.010632 
  -0.122841 ,  0.046292, -0.003523 
  -0.123306 ,  0.045235, 0.004355 
  -0.123684 ,  0.044024, 0.012259 
  -0.123974 ,  0.042661, 0.019459 
  -0.124175 ,  0.041151, 0.025324 
  -0.124288 ,  0.039501, 0.029392 
  -0.124311 ,  0.037714, 0.031419 
  -0.124245 ,  0.035798, 0.031397 
  -0.124088 ,  0.033759, 0.029542 
  -0.123842 ,  0.031605, 0.026246 
  -0.123505 ,  0.029342, 0.022018 
  -0.123078 ,  0.026978, 0.017403 
  -0.122561 ,  0.024521, 0.012912 
  -0.121954 ,  0.021978, 0.008945 
  -0.121256 ,  0.019358, 0.005753 
  -0.120469 ,  0.016668, 0.003406 
  -0.119592 ,  0.013916, 0.001807 
  -0.118626 ,  0.011109, 0.000714 
  -0.117572 ,  0.008254, -0.000202 
  -0.116429 ,  0.005359, -0.001296 
  -0.115198 ,  0.002430, -0.002884 
  -0.113880 ,  -0.000526, -0.005181 
  -0.112476 ,  -0.003504, -0.008261 
  -0.110986 ,  -0.006499, -0.012038 
  -0.109412 ,  -0.009504, -0.016266 
  -0.107753 ,  -0.012514, -0.020574 
  -0.106012 ,  -0.015526, -0.024512 
  -0.104189 ,  -0.018536, -0.027614 
  -0.102286 ,  -0.021538, -0.029465 
  -0.100302 ,  -0.024530, -0.029760 
  -0.098241 ,  -0.027507, -0.028351 
  -0.096103 ,  -0.030468, -0.025271 
  -0.093889 ,  -0.033407, -0.020740 
  -0.091601 ,  -0.036323, -0.015135 
  -0.089240 ,  -0.039212, -0.008950 
  -0.086808 ,  -0.042071, -0.002737 
  -0.084307 ,  -0.044896, 0.002965 
  -0.081739 ,  -0.047683, 0.007690 
  -0.079104 ,  -0.050428, 0.011107 
  -0.076405 ,  -0.053126, 0.013049 
  -0.073644 ,  -0.055774, 0.013534 
  -0.070823 ,  -0.058364, 0.012755 
  -0.067943 ,  -0.060890, 0.011049 
  -0.065007 ,  -0.063347, 0.008847 
  -0.062017 ,  -0.065726, 0.006618 
  -0.058975 ,  -0.068019, 0.004803 
  -0.055883 ,  -0.070216, 0.003757 
  -0.052743 ,  -0.072309, 0.003708 
  -0.049558 ,  -0.074286, 0.004723 
  -0.046330 ,  -0.076135, 0.006711 
  -0.043061 ,  -0.077845, 0.009427 
  -0.039754 ,  -0.079403, 0.012516 
  -0.036411 ,  -0.080795, 0.015556 
  -0.033035 ,  -0.082007, 0.018114 
  -0.029628 ,  -0.083025, 0.019799 
  -0.026192 ,  -0.083833, 0.020314 
  -0.022731 ,  -0.084416, 0.019490 
  -0.019247 ,  -0.084759, 0.017303 
  -0.015742 ,  -0.084846, 0.013877 
  -0.012220 ,  -0.084662, 0.009461 
  -0.008682 ,  -0.084193, 0.004405 
  -0.005132 ,  -0.083424, -0.000890 
  -0.001572 ,  -0.082341, -0.006016 
  0.001995 ,  -0.080932, -0.010599 
  0.005567 ,  -0.079184, -0.014342 
  0.009140 ,  -0.077088, -0.017047 
  0.012711 ,  -0.074634, -0.018628 
  0.016279 ,  -0.071814, -0.019109 
  0.019840 ,  -0.068624, -0.018608 
  0.023392 ,  -0.065060, -0.017313 
  0.026931 ,  -0.061121, -0.015453 
  0.030456 ,  -0.056807, -0.013261 
  0.033963 ,  -0.052122, -0.010953 
  0.037449 ,  -0.047071, -0.008701 
  0.040912 ,  -0.041665, -0.006623 
  0.044349 ,  -0.035914, -0.004777 
  0.047758 ,  -0.029832, -0.003173 
  0.051135 ,  -0.023437, -0.001779 
  0.054479 ,  -0.016748, -0.000545 
  0.057786 ,  -0.009790, 0.000586 
  0.061054 ,  -0.002587, 0.001657 
  0.064280 ,  0.004832, 0.002686 
  0.067461 ,  0.012436, 0.003666 
  0.070596 ,  0.020192, 0.004562 
  0.073682 ,  0.028062, 0.005318 
  0.076716 ,  0.036010, 0.005873 
  0.079696 ,  0.043996, 0.006167 
  0.082619 ,  0.051976, 0.006162 
  0.085483 ,  0.059909, 0.005842 
  0.088287 ,  0.067750, 0.005225 
  0.091027 ,  0.075454, 0.004358 
  0.093702 ,  0.082975, 0.003313 
  0.096309 ,  0.090267, 0.002178 
  0.098846 ,  0.097285, 0.001046 
  0.101312 ,  0.103984, 0.000000 
  0.103704 ,  0.110318, -0.000891 
  0.106020 ,  0.116246, -0.001583 
  0.108259 ,  0.121726, -0.002058 
  0.110419 ,  0.126718, -0.002319 
  0.112498 ,  0.131186, -0.002384 
  0.114495 ,  0.135094, -0.002279 
  0.116407 ,  0.138412, -0.002028 
  0.118234 ,  0.141111, -0.001648 
  0.119974 ,  0.143166, -0.001141 
  0.121625 ,  0.144557, -0.000497 
  0.123187 ,  0.145267, 0.000302 
  0.124657 ,  0.145282, 0.001274 
  0.126036 ,  0.144595, 0.002425 
  0.127321 ,  0.143202, 0.003743 
  0.128512 ,  0.141104, 0.005186 
  0.129608 ,  0.138306, 0.006679 
  0.130608 ,  0.134817, 0.008118 
  0.131511 ,  0.130653, 0.009374 
  0.132317 ,  0.125833, 0.010307 
  0.133025 ,  0.120380, 0.010784 
  0.133634 ,  0.114322, 0.010695 
  0.134144 ,  0.107691, 0.009970 
  0.134555 ,  0.100522, 0.008594 
  0.134866 ,  0.092856, 0.006609 
  0.135077 ,  0.084733, 0.004117 
  0.135188 ,  0.076202, 0.001269 
  0.135199 ,  0.067308, -0.001751 
  0.135110 ,  0.058104, -0.004746 
  0.134921 ,  0.048641, -0.007529 
  0.134632 ,  0.038974, -0.009944 
  0.134244 ,  0.029157, -0.011880 
  0.133756 ,  0.019247, -0.013284 
  0.133170 ,  0.009299, -0.014159 
  0.132486 ,  -0.000632, -0.014557 
  0.131704 ,  -0.010489, -0.014563 
  0.130825 ,  -0.020219, -0.014277 
  0.129850 ,  -0.029769, -0.013791 
  0.128780 ,  -0.039088, -0.013170 
  0.127615 ,  -0.048128, -0.012442 
  0.126357 ,  -0.056843, -0.011588 
  0.125006 ,  -0.065189, -0.010549 
  0.123564 ,  -0.073126, -0.009238 
  0.122032 ,  -0.080617, -0.007559 
  0.120411 ,  -0.087629, -0.005434 
  0.118702 ,  -0.094134, -0.002821 
  0.116907 ,  -0.100105, 0.000263 
  0.115027 ,  -0.105521, 0.003729 
  0.113064 ,  -0.110366, 0.007418 
  0.111020 ,  -0.114626, 0.011109 
  0.108895 ,  -0.118293, 0.014541 
  0.106692 ,  -0.121362, 0.017438 
  0.104413 ,  -0.123832, 0.019550 
  0.102059 ,  -0.125708, 0.020678 
  0.099632 ,  -0.126996, 0.020704 
  0.097135 ,  -0.127707, 0.019614 
  0.094568 ,  -0.127856, 0.017499 
  0.091935 ,  -0.127460, 0.014549 
  0.089237 ,  -0.126540, 0.011035 
  0.086476 ,  -0.125119, 0.007274 
  0.083655 ,  -0.123223, 0.003597 
  0.080775 ,  -0.120878, 0.000304 
  0.077839 ,  -0.118115, -0.002365 
  0.074850 ,  -0.114964, -0.004260 
  0.071809 ,  -0.111457, -0.005332 
  0.068719 ,  -0.107627, -0.005636 
  0.065583 ,  -0.103506, -0.005319 
  0.062402 ,  -0.099128, -0.004589 
  0.059179 ,  -0.094525, -0.003689 
  0.055918 ,  -0.089731, -0.002860 
  0.052619 ,  -0.084777, -0.002305 
  0.049286 ,  -0.079693, -0.002164 
  0.045921 ,  -0.074509, -0.002498 
  0.042527 ,  -0.069254, -0.003287 
  0.039106 ,  -0.063954, -0.004432 
  0.035661 ,  -0.058633, -0.005781 
  0.032195 ,  -0.053314, -0.007148 
  0.028710 ,  -0.048019, -0.008346 
  0.025208 ,  -0.042765, -0.009215 
  0.021693 ,  -0.037570, -0.009640 
  0.018167 ,  -0.032448, -0.009569 
  0.014632 ,  -0.027412, -0.009011 
  0.011092 ,  -0.022471, -0.008036 
  0.007548 ,  -0.017635, -0.006755 
  0.004004 ,  -0.012910, -0.005303 
  0.000461 ,  -0.008300, -0.003814 
  -0.003076 ,  -0.003809, -0.002400 
  -0.006607 ,  0.000561, -0.001139 
  -0.010128 ,  0.004811, -0.000066 
  -0.013637 ,  0.008942, 0.000829 
  -0.017131 ,  0.012955, 0.001589 
  -0.020608 ,  0.016853, 0.002279 
  -0.024065 ,  0.020640, 0.002963 
  -0.027499 ,  0.024319, 0.003694 
  -0.030910 ,  0.027894, 0.004491 
  -0.034293 ,  0.031371, 0.005338 
  -0.037647 ,  0.034751, 0.006179 
  -0.040969 ,  0.038040, 0.006925 
  -0.044257 ,  0.041241, 0.007468 
  -0.047508 ,  0.044355, 0.007702 
  -0.050721 ,  0.047386, 0.007537 
  -0.053893 ,  0.050335, 0.006924 
  -0.057023 ,  0.053202, 0.005863 
  -0.060107 ,  0.055986, 0.004409 
  -0.063143 ,  0.058686, 0.002676 
  -0.066131 ,  0.061299, 0.000821 
  -0.069067 ,  0.063822, -0.000971 
  -0.071950 ,  0.066250, -0.002509 
  -0.074778 ,  0.068579, -0.003620 
  -0.077549 ,  0.070800, -0.004168 
  -0.080261 ,  0.072908, -0.004074 
  -0.082912 ,  0.074893, -0.003327 
  -0.085501 ,  0.076748, -0.001985 
  -0.088026 ,  0.078464, -0.000167 
  -0.090485 ,  0.080030, 0.001953 
  -0.092877 ,  0.081438, 0.004173 
  -0.095200 ,  0.082676, 0.006275 
  -0.097453 ,  0.083736, 0.008052 
  -0.099634 ,  0.084607, 0.009323 
  -0.101742 ,  0.085281, 0.009952 
  -0.103776 ,  0.085748, 0.009851 
  -0.105734 ,  0.086000, 0.008988 
  -0.107616 ,  0.086029, 0.007386 
  -0.109420 ,  0.085830, 0.005116 
  -0.111145 ,  0.085396, 0.002289 
  -0.112790 ,  0.084723, -0.000952 
  -0.114354 ,  0.083807, -0.004440 
  -0.115836 ,  0.082648, -0.007996 
  -0.117235 ,  0.081243, -0.011433 
  -0.118551 ,  0.079594, -0.014565 
  -0.119784 ,  0.077703, -0.017211 
  -0.120931 ,  0.075573, -0.019204 
  -0.121993 ,  0.073210, -0.020401 
  -0.122969 ,  0.070620, -0.020684 
  -0.123858 ,  0.067810, -0.019979 
  -0.124661 ,  0.064790, -0.018258 
  -0.125377 ,  0.061569, -0.015551 
  -0.126005 ,  0.058160, -0.011950 
  -0.126546 ,  0.054574, -0.007610 
  -0.126999 ,  0.050824, -0.002744 
  -0.127364 ,  0.046925, 0.002385 
  -0.127640 ,  0.042891, 0.007482 
  -0.127829 ,  0.038737, 0.012240 
  -0.127930 ,  0.034479, 0.016364 
  -0.127943 ,  0.030132, 0.019596 
  -0.127869 ,  0.025712, 0.021734 
  -0.127706 ,  0.021235, 0.022655 
  -0.127457 ,  0.016717, 0.022323 
  -0.127121 ,  0.012172, 0.020792 
  -0.126699 ,  0.007615, 0.018204 
  -0.126191 ,  0.003061, 0.014769 
  -0.125597 ,  -0.001477, 0.010751 
  -0.124919 ,  -0.005988, 0.006440 
  -0.124156 ,  -0.010457, 0.002129 
  -0.123310 ,  -0.014875, -0.001915 
  -0.122381 ,  -0.019232, -0.005467 
  -0.121370 ,  -0.023518, -0.008362 
  -0.120278 ,  -0.027725, -0.010500 
  -0.119105 ,  -0.031847, -0.011849 
  -0.117854 ,  -0.035876, -0.012435 
  -0.116523 ,  -0.039807, -0.012333 
  -0.115116 ,  -0.043637, -0.011652 
  -0.113632 ,  -0.047360, -0.010517 
  -0.112073 ,  -0.050974, -0.009054 
  -0.110440 ,  -0.054477, -0.007382 
  -0.108735 ,  -0.057867, -0.005598 
  -0.106958 ,  -0.061141, -0.003779 
  -0.105110 ,  -0.064298, -0.001979 
  -0.103194 ,  -0.067338, -0.000233 
  -0.101211 ,  -0.070259, 0.001437 
  -0.099161 ,  -0.073060, 0.003017 
  -0.097047 ,  -0.075738, 0.004492 
  -0.094870 ,  -0.078294, 0.005842 
  -0.092631 ,  -0.080723, 0.007041 
  -0.090333 ,  -0.083024, 0.008053 
  -0.087976 ,  -0.085192, 0.008835 
  -0.085563 ,  -0.087224, 0.009339 
  -0.083094 ,  -0.089114, 0.009517 
  -0.080573 ,  -0.090857, 0.009325 
  -0.078000 ,  -0.092446, 0.008727 
  -0.075377 ,  -0.093874, 0.007702 
  -0.072707 ,  -0.095131, 0.006242 
  -0.069990 ,  -0.096210, 0.004360 
  -0.067229 ,  -0.097099, 0.002089 
  -0.064426 ,  -0.097788, -0.000512 
  -0.061583 ,  -0.098266, -0.003363 
  -0.058701 ,  -0.098520, -0.006361 
  -0.055783 ,  -0.098539, -0.009378 
  -0.052830 ,  -0.098309, -0.012272 
  -0.049845 ,  -0.097818, -0.014881 
  -0.046830 ,  -0.097053, -0.017043 
  -0.043786 ,  -0.096001, -0.018595 
  -0.040716 ,  -0.094651, -0.019390 
  -0.037622 ,  -0.092990, -0.019311 
  -0.034505 ,  -0.091007, -0.018280 
  -0.031369 ,  -0.088694, -0.016272 
  -0.028215 ,  -0.086042, -0.013322 
  -0.025045 ,  -0.083042, -0.009532 
  -0.021861 ,  -0.079691, -0.005071 
  -0.018666 ,  -0.075983, -0.000161 
  -0.015462 ,  -0.071917, 0.004926 
  -0.012250 ,  -0.067493, 0.009893 
  -0.009034 ,  -0.062714, 0.014440 
  -0.005814 ,  -0.057584, 0.018287 
  -0.002594 ,  -0.052112, 0.021194 
  0.000624 ,  -0.046307, 0.022992 
  0.003838 ,  -0.040181, 0.023586 
  0.007047 ,  -0.033751, 0.022973 
  0.010248 ,  -0.027035, 0.021239 
  0.013438 ,  -0.020052, 0.018548 
  0.016616 ,  -0.012827, 0.015132 
  0.019779 ,  -0.005386, 0.011263 
  0.022926 ,  0.002243, 0.007232 
  0.026054 ,  0.010029, 0.003321 
  0.029161 ,  0.017939, -0.000223 
  0.032245 ,  0.025937, -0.003206 
  0.035303 ,  0.033987, -0.005502 
  0.038335 ,  0.042050, -0.007059 
  0.041337 ,  0.050087, -0.007897 
  0.044307 ,  0.058056, -0.008100 
  0.047245 ,  0.065916, -0.007797 
  0.050146 ,  0.073625, -0.007149 
  0.053011 ,  0.081140, -0.006320 
  0.055836 ,  0.088419, -0.005465 
  0.058620 ,  0.095420, -0.004713 
  0.061360 ,  0.102103, -0.004151 
  0.064056 ,  0.108428, -0.003825 
  0.066704 ,  0.114356, -0.003738 
  0.069304 ,  0.119850, -0.003859 
  0.071853 ,  0.124877, -0.004134 
  0.074350 ,  0.129404, -0.004500 
  0.076792 ,  0.133402, -0.004899 
  0.079179 ,  0.136844, -0.005286 
  0.081508 ,  0.139707, -0.005642 
  0.083779 ,  0.141970, -0.005974 
  0.085988 ,  0.143616, -0.006310 
  0.088136 ,  0.144634, -0.006690 
  0.090219 ,  0.145013, -0.007156 
  0.092238 ,  0.144748, -0.007736 
  0.094190 ,  0.143838, -0.008424 
  0.096074 ,  0.142285, -0.009178 
  0.097888 ,  0.140097, -0.009905 
  0.099633 ,  0.137282, -0.010465 
  0.101305 ,  0.133857, -0.010683 
  0.102904 ,  0.129837, -0.010362 
  0.104429 ,  0.125246, -0.009309 
  0.105879 ,  0.120109, -0.007364 
  0.107253 ,  0.114452, -0.004426 
  0.108550 ,  0.108309, -0.000482 
  0.109768 ,  0.101713, 0.004373 
  0.110907 ,  0.094700, 0.009933 
  0.111967 ,  0.087311, 0.015881 
  0.112946 ,  0.079585, 0.021807 
  0.113844 ,  0.071565, 0.027244 
  0.114659 ,  0.063295, 0.031706 
  0.115393 ,  0.054821, 0.034738 
  0.116043 ,  0.046187, 0.035971 
  0.116610 ,  0.037440, 0.035160 
  0.117092 ,  0.028626, 0.032225 
  0.117491 ,  0.019790, 0.027271 
  0.117805 ,  0.010978, 0.020584 
  0.118035 ,  0.002233, 0.012616 
  0.118179 ,  -0.006401, 0.003946 
  0.118239 ,  -0.014883, -0.004778 
  0.118213 ,  -0.023172, -0.012896 
  0.118103 ,  -0.031232, -0.019809 
  0.117907 ,  -0.039026, -0.025039 
  0.117627 ,  -0.046522, -0.028275 
  0.117263 ,  -0.053688, -0.029406 
  0.116814 ,  -0.060497, -0.028530 
  0.116282 ,  -0.066924, -0.025934 
  0.115666 ,  -0.072946, -0.022058 
  0.114967 ,  -0.078543, -0.017440 
  0.114185 ,  -0.083700, -0.012651 
  0.113322 ,  -0.088404, -0.008224 
  0.112378 ,  -0.092644, -0.004595 
  0.111353 ,  -0.096413, -0.002055 
  0.110249 ,  -0.099707, -0.000723 
  0.109066 ,  -0.102524, -0.000541 
  0.107805 ,  -0.104866, -0.001295 
  0.106467 ,  -0.106736, -0.002653 
  0.105054 ,  -0.108142, -0.004218 
  0.103566 ,  -0.109092, -0.005589 
  0.102004 ,  -0.109597, -0.006417 
  0.100370 ,  -0.109670, -0.006457 
  0.098665 ,  -0.109327, -0.005592 
  0.096890 ,  -0.108584, -0.003849 
  0.095047 ,  -0.107459, -0.001390 
  0.093137 ,  -0.105972, 0.001524 
  0.091162 ,  -0.104143, 0.004570 
  0.089122 ,  -0.101994, 0.007418 
  0.087021 ,  -0.099548, 0.009778 
  0.084858 ,  -0.096825, 0.011444 
  0.082637 ,  -0.093851, 0.012318 
  0.080359 ,  -0.090648, 0.012420 
  0.078025 ,  -0.087240, 0.011880 
  0.075638 ,  -0.083649, 0.010905 
  0.073199 ,  -0.079899, 0.009747 
  0.070710 ,  -0.076012, 0.008653 
  0.068173 ,  -0.072011, 0.007826 
  0.065590 ,  -0.067915, 0.007390 
  0.062964 ,  -0.063747, 0.007368 
  0.060296 ,  -0.059526, 0.007687 
  0.057588 ,  -0.055271, 0.008186 
  0.054842 ,  -0.050999, 0.008650 
  0.052061 ,  -0.046728, 0.008848 
  0.049247 ,  -0.042473, 0.008575 
  0.046402 ,  -0.038250, 0.007688 
  0.043528 ,  -0.034072, 0.006136 
  0.040627 ,  -0.029952, 0.003971 
  0.037702 ,  -0.025901, 0.001339 
  0.034755 ,  -0.021929, -0.001538 
  0.031789 ,  -0.018047, -0.004399 
  0.028804 ,  -0.014262, -0.006982 
  0.025805 ,  -0.010581, -0.009069 
  0.022793 ,  -0.007011, -0.010517 
  0.019771 ,  -0.003557, -0.011282 
  0.016740 ,  -0.000224, -0.011418 
  0.013704 ,  0.002986, -0.011070 
  0.010664 ,  0.006069, -0.010441 
  0.007623 ,  0.009024, -0.009758 
  0.004584 ,  0.011850, -0.009222 
  0.001548 ,  0.014546, -0.008977 
  -0.001482 ,  0.017113, -0.009077 
  -0.004504 ,  0.019552, -0.009474 
  -0.007515 ,  0.021864, -0.010025 
  -0.010514 ,  0.024052, -0.010515 
  -0.013497 ,  0.026118, -0.010693 
  -0.016463 ,  0.028065, -0.010323 
  -0.019409 ,  0.029896, -0.009228 
  -0.022334 ,  0.031617, -0.007325 
  -0.025235 ,  0.033230, -0.004658 
  -0.028109 ,  0.034740, -0.001394 
  -0.030956 ,  0.036152, 0.002189 
  -0.033772 ,  0.037470, 0.005740 
  -0.036555 ,  0.038700, 0.008883 
  -0.039305 ,  0.039847, 0.011278 
  -0.042017 ,  0.040916, 0.012672 
  -0.044692 ,  0.041912, 0.012943 
  -0.047326 ,  0.042840, 0.012124 
  -0.049918 ,  0.043706, 0.010403 
  -0.052466 ,  0.044514, 0.008101 
  -0.054969 ,  0.045269, 0.005623 
  -0.057424 ,  0.045976, 0.003396 
  -0.059829 ,  0.046639, 0.001808 
  -0.062184 ,  0.047262, 0.001143 
  -0.064487 ,  0.047849, 0.001531 
  -0.066735 ,  0.048404, 0.002925 
  -0.068928 ,  0.048929, 0.005104 
  -0.071065 ,  0.049426, 0.007700 
  -0.073143 ,  0.049899, 0.010254 
  -0.075161 ,  0.050348, 0.012280 
  -0.077119 ,  0.050773, 0.013347 
  -0.079014 ,  0.051177, 0.013142 
  -0.080847 ,  0.051558, 0.011526 
  -0.082615 ,  0.051915, 0.008560 
  -0.084318 ,  0.052248, 0.004504 
  -0.085955 ,  0.052554, -0.000218 
  -0.087525 ,  0.052831, -0.005075 
  -0.089026 ,  0.053075, -0.009503 
  -0.090460 ,  0.053282, -0.012987 
  -0.091823 ,  0.053450, -0.015139 
  -0.093117 ,  0.053572, -0.015753 
  -0.094340 ,  0.053643, -0.014834 
  -0.095491 ,  0.053658, -0.012601 
  -0.096571 ,  0.053611, -0.009455 
  -0.097579 ,  0.053495, -0.005916 
  -0.098515 ,  0.053304, -0.002547 
  -0.099378 ,  0.053032, 0.000130 
  -0.100168 ,  0.052670, 0.001711 
  -0.100885 ,  0.052213, 0.001971 
  -0.101530 ,  0.051654, 0.000901 
  -0.102101 ,  0.050986, -0.001299 
  -0.102599 ,  0.050202, -0.004242 
  -0.103024 ,  0.049296, -0.007421 
  -0.103377 ,  0.048264, -0.010277 
  -0.103657 ,  0.047099, -0.012294 
  -0.103865 ,  0.045797, -0.013066 
  -0.104001 ,  0.044353, -0.012367 
  -0.104065 ,  0.042765, -0.010182 
  -0.104059 ,  0.041030, -0.006707 
  -0.103982 ,  0.039146, -0.002327 
  -0.103835 ,  0.037112, 0.002448 
  -0.103618 ,  0.034929, 0.007051 
  -0.103333 ,  0.032597, 0.010945 
  -0.102981 ,  0.030117, 0.013693 
  -0.102561 ,  0.027494, 0.015029 
  -0.102074 ,  0.024731, 0.014881 
  -0.101522 ,  0.021833, 0.013385 
  -0.100906 ,  0.018805, 0.010857 
  -0.100226 ,  0.015654, 0.007741 
  -0.099483 ,  0.012389, 0.004542 
  -0.098679 ,  0.009017, 0.001749 
  -0.097814 ,  0.005548, -0.000237 
  -0.096889 ,  0.001991, -0.001158 
  -0.095907 ,  -0.001643, -0.000936 
  -0.094867 ,  -0.005341, 0.000324 
  -0.093771 ,  -0.009094, 0.002352 
  -0.092621 ,  -0.012889, 0.004761 
  -0.091417 ,  -0.016712, 0.007106 
  -0.090160 ,  -0.020553, 0.008952 
  -0.088853 ,  -0.024397, 0.009940 
  -0.087497 ,  -0.028232, 0.009837 
  -0.086092 ,  -0.032046, 0.008567 
  -0.084640 ,  -0.035826, 0.006217 
  -0.083143 ,  -0.039559, 0.003022 
  -0.081602 ,  -0.043233, -0.000676 
  -0.080019 ,  -0.046838, -0.004477 
  -0.078394 ,  -0.050361, -0.007982 
  -0.076729 ,  -0.053792, -0.010848 
  -0.075026 ,  -0.057121, -0.012828 
  -0.073287 ,  -0.060337, -0.013803 
  -0.071512 ,  -0.063434, -0.013782 
  -0.069703 ,  -0.066400, -0.012893 
  -0.067861 ,  -0.069231, -0.011352 
  -0.065989 ,  -0.071917, -0.009421 
  -0.064087 ,  -0.074453, -0.007367 
  -0.062157 ,  -0.076832, -0.005419 
  -0.060200 ,  -0.079050, -0.003740 
  -0.058218 ,  -0.081102, -0.002409 
  -0.056212 ,  -0.082984, -0.001420 
  -0.054184 ,  -0.084691, -0.000698 
  -0.052135 ,  -0.086220, -0.000122 
  -0.050067 ,  -0.087567, 0.000444 
  -0.047981 ,  -0.088731, 0.001116 
  -0.045878 ,  -0.089708, 0.001967 
  -0.043759 ,  -0.090495, 0.003008 
  -0.041627 ,  -0.091090, 0.004187 
  -0.039482 ,  -0.091490, 0.005396 
  -0.037325 ,  -0.091692, 0.006489 
  -0.035159 ,  -0.091694, 0.007310 
  -0.032983 ,  -0.091492, 0.007721 
  -0.030801 ,  -0.091083, 0.007628 
  -0.028612 ,  -0.090464, 0.006998 
  -0.026418 ,  -0.089631, 0.005866 
  -0.024220 ,  -0.088580, 0.004333 
  -0.022019 ,  -0.087307, 0.002546 
  -0.019816 ,  -0.085808, 0.000682 
  -0.017614 ,  -0.084078, -0.001083 
  -0.015411 ,  -0.082113, -0.002599 
  -0.013211 ,  -0.079909, -0.003761 
  -0.011013 ,  -0.077460, -0.004524 
  -0.008819 ,  -0.074764, -0.004898 
  -0.006630 ,  -0.071815, -0.004944 
  -0.004446 ,  -0.068611, -0.004755 
  -0.002269 ,  -0.065148, -0.004429 
  -0.000099 ,  -0.061424, -0.004049 
  0.002062 ,  -0.057438, -0.003665 
  0.004214 ,  -0.053188, -0.003278 
  0.006356 ,  -0.048675, -0.002840 
  0.008487 ,  -0.043901, -0.002268 
  0.010607 ,  -0.038869, -0.001455 
  0.012714 ,  -0.033583, -0.000303 
  0.014807 ,  -0.028049, 0.001252 
  0.016887 ,  -0.022275, 0.003218 
  0.018953 ,  -0.016271, 0.005526 
  0.021003 ,  -0.010048, 0.008027 
  0.023037 ,  -0.003620, 0.010502 
  0.025055 ,  0.002997, 0.012680 
  0.027056 ,  0.009787, 0.014272 
  0.029039 ,  0.016728, 0.015010 
  0.031005 ,  0.023800, 0.014687 
  0.032951 ,  0.030977, 0.013190 
  0.034878 ,  0.038235, 0.010526 
  0.036785 ,  0.045545, 0.006834 
  0.038672 ,  0.052878, 0.002371 
  0.040538 ,  0.060201, -0.002504 
  0.042383 ,  0.067483, -0.007376 
  0.044206 ,  0.074688, -0.011813 
  0.046008 ,  0.081781, -0.015425 
  0.047786 ,  0.088726, -0.017904 
  0.049542 ,  0.095485, -0.019065 
  0.051274 ,  0.102022, -0.018868 
  0.052983 ,  0.108298, -0.017418 
  0.054667 ,  0.114276, -0.014953 
  0.056327 ,  0.119919, -0.011812 
  0.057961 ,  0.125191, -0.008389 
  0.059571 ,  0.130057, -0.005080 
  0.061155 ,  0.134482, -0.002237 
  0.062712 ,  0.138434, -0.000118 
  0.064243 ,  0.141884, 0.001139 
  0.065747 ,  0.144804, 0.001531 
  0.067224 ,  0.147169, 0.001188 
  0.068673 ,  0.148956, 0.000346 
  0.070094 ,  0.150146, -0.000687 
  0.071487 ,  0.150724, -0.001579 
  0.072851 ,  0.150677, -0.002021 
  0.074186 ,  0.149996, -0.001772 
  0.075491 ,  0.148678, -0.000698 
  0.076766 ,  0.146720, 0.001213 
  0.078010 ,  0.144127, 0.003847 
  0.079224 ,  0.140906, 0.006974 
  0.080406 ,  0.137068, 0.010285 
  0.081556 ,  0.132630, 0.013428 
  0.082675 ,  0.127610, 0.016055 
  0.083760 ,  0.122032, 0.017865 
  0.084812 ,  0.115924, 0.018648 
  0.085831 ,  0.109317, 0.018302 
  0.086815 ,  0.102244, 0.016849 
  0.087765 ,  0.094744, 0.014427 
  0.088679 ,  0.086855, 0.011269 
  0.089558 ,  0.078622, 0.007671 
  0.090400 ,  0.070089, 0.003949 
  0.091206 ,  0.061304, 0.000403 
  0.091974 ,  0.052314, -0.002724 
  0.092704 ,  0.043170, -0.005270 
  0.093395 ,  0.033921, -0.007168 
  0.094048 ,  0.024619, -0.008446 
  0.094660 ,  0.015315, -0.009209 
  0.095232 ,  0.006058, -0.009616 
  0.095764 ,  -0.003102, -0.009847 
  0.096253 ,  -0.012116, -0.010063 
  0.096700 ,  -0.020938, -0.010380 
  0.097105 ,  -0.029524, -0.010847 
  0.097465 ,  -0.037830, -0.011433 
  0.097782 ,  -0.045817, -0.012032 
  0.098053 ,  -0.053447, -0.012482 
  0.098279 ,  -0.060688, -0.012590 
  0.098459 ,  -0.067509, -0.012170 
  0.098592 ,  -0.073883, -0.011077 
  0.098677 ,  -0.079786, -0.009234 
  0.098714 ,  -0.085199, -0.006661 
  0.098702 ,  -0.090108, -0.003474 
  0.098641 ,  -0.094500, 0.000114 
  0.098529 ,  -0.098369, 0.003820 
  0.098367 ,  -0.101711, 0.007323 
  0.098153 ,  -0.104526, 0.010303 
  0.097887 ,  -0.106820, 0.012485 
  0.097568 ,  -0.108599, 0.013674 
  0.097196 ,  -0.109877, 0.013780 
  0.096770 ,  -0.110667, 0.012836 
  0.096290 ,  -0.110987, 0.010986 
  0.095755 ,  -0.110859, 0.008473 
  0.095164 ,  -0.110306, 0.005599 
  0.094517 ,  -0.109354, 0.002689 
  0.093814 ,  -0.108030, 0.000043 
  0.093053 ,  -0.106364, -0.002098 
  0.092236 ,  -0.104387, -0.003587 
  0.091360 ,  -0.102130, -0.004379 
  0.090426 ,  -0.099627, -0.004534 
  0.089434 ,  -0.096909, -0.004197 
  0.088383 ,  -0.094009, -0.003568 
  0.087272 ,  -0.090961, -0.002862 
  0.086103 ,  -0.087796, -0.002269 
  0.084873 ,  -0.084546, -0.001923 
  0.083584 ,  -0.081239, -0.001870 
  0.082236 ,  -0.077906, -0.002068 
  0.080827 ,  -0.074572, -0.002390 
  0.079358 ,  -0.071263, -0.002650 
  0.077830 ,  -0.068002, -0.002636 
  0.076242 ,  -0.064809, -0.002156 
  0.074594 ,  -0.061704, -0.001075 
  0.072886 ,  -0.058701, 0.000647 
  0.071119 ,  -0.055816, 0.002942 
  0.069294 ,  -0.053058, 0.005631 
  0.067409 ,  -0.050437, 0.008440 
  0.065467 ,  -0.047958, 0.011034 
  0.063466 ,  -0.045625, 0.013069 
  0.061408 ,  -0.043438, 0.014237 
  0.059294 ,  -0.041396, 0.014317 
  0.057123 ,  -0.039496, 0.013215 
  0.054898 ,  -0.037732, 0.010976 
  0.052617 ,  -0.036096, 0.007790 
  0.050283 ,  -0.034579, 0.003964 
  0.047896 ,  -0.033168, -0.000118 
  0.045457 ,  -0.031852, -0.004050 
  0.042967 ,  -0.030616, -0.007464 
  0.040427 ,  -0.029446, -0.010080 
  0.037839 ,  -0.028325, -0.011749 
  0.035203 ,  -0.027237, -0.012472 
  0.032521 ,  -0.026165, -0.012396 
  0.029794 ,  -0.025092, -0.011784 
  0.027024 ,  -0.024000, -0.010966 
  0.024213 ,  -0.022873, -0.010284 
  0.021360 ,  -0.021693, -0.010021 
  0.018470 ,  -0.020445, -0.010354 
  0.015542 ,  -0.019113, -0.011309 
  0.012579 ,  -0.017683, -0.012748 
  0.009582 ,  -0.016141, -0.014384 
  0.006554 ,  -0.014475, -0.015822 
  0.003496 ,  -0.012675, -0.016614 
  0.000411 ,  -0.010729, -0.016338 
  -0.002700 ,  -0.008631, -0.014664 
  -0.005834 ,  -0.006373, -0.011428 
  -0.008989 ,  -0.003951, -0.006660 
  -0.012164 ,  -0.001362, -0.000610 
  -0.015355 ,  0.001396, 0.006281 
  -0.018561 ,  0.004323, 0.013425 
  -0.021778 ,  0.007417, 0.020162 
  -0.025006 ,  0.010674, 0.025843 
  -0.028240 ,  0.014089, 0.029923 
  -0.031479 ,  0.017655, 0.032027 
  -0.034720 ,  0.021363, 0.032010 
  -0.037961 ,  0.025204, 0.029969 
  -0.041198 ,  0.029165, 0.026229 
  -0.044430 ,  0.033233, 0.021297 
  -0.047653 ,  0.037395, 0.015783 
  -0.050864 ,  0.041634, 0.010314 
  -0.054062 ,  0.045933, 0.005441 
  -0.057243 ,  0.050276, 0.001566 
  -0.060404 ,  0.054643, -0.001113 
  -0.063543 ,  0.059014, -0.002619 
  -0.066656 ,  0.063369, -0.003183 
  -0.069742 ,  0.067689, -0.003190 
  -0.072797 ,  0.071950, -0.003110 
  -0.075817 ,  0.076131, -0.003405 
  -0.078802 ,  0.080211, -0.004444 
  -0.081746 ,  0.084168, -0.006435 
  -0.084649 ,  0.087980, -0.009377 
  -0.087506 ,  0.091624, -0.013054 
  -0.090316 ,  0.095080, -0.017062 
  -0.093074 ,  0.098326, -0.020866 
  -0.095779 ,  0.101343, -0.023891 
  -0.098428 ,  0.104109, -0.025609 
  -0.101018 ,  0.106607, -0.025634 
  -0.103547 ,  0.108819, -0.023792 
  -0.106011 ,  0.110727, -0.020157 
  -0.108408 ,  0.112316, -0.015056 
  -0.110735 ,  0.113571, -0.009027 
  -0.112991 ,  0.114479, -0.002750 
  -0.115171 ,  0.115029, 0.003050 
  -0.117275 ,  0.115211, 0.007710 
  -0.119300 ,  0.115017, 0.010728 
  -0.121243 ,  0.114441, 0.011835 
  -0.123102 ,  0.113477, 0.011041 
  -0.124874 ,  0.112123, 0.008635 
  -0.126559 ,  0.110379, 0.005142 
  -0.128153 ,  0.108247, 0.001247 
  -0.129655 ,  0.105729, -0.002310 
  -0.131063 ,  0.102831, -0.004840 
  -0.132375 ,  0.099562, -0.005816 
  -0.133589 ,  0.095930, -0.004947 
  -0.134704 ,  0.091948, -0.002228 
  -0.135718 ,  0.087630, 0.002060 
  -0.136630 ,  0.082991, 0.007388 
  -0.137437 ,  0.078049, 0.013062 
  -0.138140 ,  0.072825, 0.018317 
  -0.138737 ,  0.067338, 0.022434 
  -0.139227 ,  0.061612, 0.024846 
  -0.139608 ,  0.055671, 0.025215 
  -0.139880 ,  0.049541, 0.023482 
  -0.140043 ,  0.043249, 0.019871 
  -0.140095 ,  0.036822, 0.014848 
  -0.140036 ,  0.030288, 0.009056 
  -0.139866 ,  0.023678, 0.003208 
  -0.139584 ,  0.017020, -0.002014 
  -0.139190 ,  0.010344, -0.006058 
  -0.138684 ,  0.003679, -0.008581 
  -0.138067 ,  -0.002945, -0.009495 
  -0.137338 ,  -0.009500, -0.008963 
  -0.136497 ,  -0.015957, -0.007373 
  -0.135545 ,  -0.022290, -0.005260 
  -0.134482 ,  -0.028472, -0.003222 
  -0.133310 ,  -0.034480, -0.001818 
  -0.132029 ,  -0.040290, -0.001477 
  -0.130639 ,  -0.045882, -0.002431 
  -0.129141 ,  -0.051235, -0.004679 
  -0.127538 ,  -0.056333, -0.007984 
  -0.125830 ,  -0.061161, -0.011913 
  -0.124018 ,  -0.065706, -0.015907 
  -0.122103 ,  -0.069959, -0.019362 
  -0.120088 ,  -0.073910, -0.021724 
  -0.117974 ,  -0.077555, -0.022577 
  -0.115763 ,  -0.080892, -0.021698 
  -0.113456 ,  -0.083920, -0.019095 
  -0.111056 ,  -0.086640, -0.015003 
  -0.108565 ,  -0.089059, -0.009846 
  -0.105984 ,  -0.091182, -0.004178 
  -0.103317 ,  -0.093019, 0.001401 
  -0.100565 ,  -0.094580, 0.006329 
  -0.097732 ,  -0.095879, 0.010156 
  -0.094819 ,  -0.096930, 0.012604 
  -0.091829 ,  -0.097750, 0.013595 
  -0.088766 ,  -0.098354, 0.013249 
  -0.085631 ,  -0.098762, 0.011856 
  -0.082428 ,  -0.098992, 0.009822 
  -0.079160 ,  -0.099063, 0.007600 
  -0.075830 ,  -0.098995, 0.005619 
  -0.072441 ,  -0.098807, 0.004224 
  -0.068996 ,  -0.098517, 0.003625 
  -0.065498 ,  -0.098144, 0.003879 
  -0.061951 ,  -0.097704, 0.004889 
  -0.058358 ,  -0.097214, 0.006434 
  -0.054723 ,  -0.096689, 0.008208 
  -0.051049 ,  -0.096139, 0.009878 
  -0.047339 ,  -0.095577, 0.011139 
  -0.043597 ,  -0.095011, 0.011759 
  -0.039827 ,  -0.094447, 0.011613 
  -0.036032 ,  -0.093889, 0.010693 
  -0.032216 ,  -0.093339, 0.009104 
  -0.028382 ,  -0.092796, 0.007037 
  -0.024534 ,  -0.092256, 0.004729 
  -0.020676 ,  -0.091713, 0.002427 
  -0.016811 ,  -0.091158, 0.000339 
  -0.012943 ,  -0.090580, -0.001393 
  -0.009076 ,  -0.089965, -0.002711 
  -0.005213 ,  -0.089299, -0.003647 
  -0.001358 ,  -0.088563, -0.004304 
  0.002485 ,  -0.087737, -0.004832 
  0.006313 ,  -0.086801, -0.005395 
  0.010122 ,  -0.085733, -0.006135 
  0.013909 ,  -0.084509, -0.007143 
  0.017670 ,  -0.083104, -0.008437 
  0.021402 ,  -0.081496, -0.009959 
  0.025102 ,  -0.079660, -0.011579 
  0.028765 ,  -0.077571, -0.013117 
  0.032389 ,  -0.075207, -0.014369 
  0.035971 ,  -0.072546, -0.015142 
  0.039507 ,  -0.069567, -0.015283 
  0.042994 ,  -0.066251, -0.014705 
  0.046429 ,  -0.062583, -0.013397 
  0.049809 ,  -0.058548, -0.011429 
  0.053131 ,  -0.054134, -0.008940 
  0.056393 ,  -0.049335, -0.006119 
  0.059591 ,  -0.044144, -0.003177 
  0.062724 ,  -0.038562, -0.000322 
  0.065787 ,  -0.032590, 0.002272 
  0.068780 ,  -0.026235, 0.004478 
  0.071699 ,  -0.019507, 0.006229 
  0.074543 ,  -0.012422, 0.007521 
  0.077309 ,  -0.004997, 0.008399 
  0.079995 ,  0.002744, 0.008945 
  0.082599 ,  0.010775, 0.009263 
  0.085119 ,  0.019065, 0.009451 
  0.087554 ,  0.027581, 0.009595 
  0.089902 ,  0.036284, 0.009750 
  0.092161 ,  0.045133, 0.009939 
  0.094330 ,  0.054085, 0.010157 
  0.096408 ,  0.063092, 0.010372 
  0.098393 ,  0.072107, 0.010539 
  0.100285 ,  0.081077, 0.010609 
  0.102082 ,  0.089952, 0.010538 
  0.103785 ,  0.098677, 0.010291 
  0.105391 ,  0.107198, 0.009848 
  0.106901 ,  0.115463, 0.009198 
  0.108314 ,  0.123417, 0.008337 
  0.109630 ,  0.131008, 0.007263 
  0.110848 ,  0.138184, 0.005970 
  0.111969 ,  0.144896, 0.004450 
  0.112992 ,  0.151096, 0.002690 
  0.113918 ,  0.156740, 0.000681 
  0.114747 ,  0.161787, -0.001577 
  0.115480 ,  0.166199, -0.004064 
  0.116116 ,  0.169941, -0.006734 
  0.116657 ,  0.172984, -0.009506 
  0.117103 ,  0.175303, -0.012269 
  0.117455 ,  0.176878, -0.014881 
  0.117714 ,  0.177692, -0.017181 
  0.117881 ,  0.177736, -0.019006 
  0.117957 ,  0.177004, -0.020205 
  0.117944 ,  0.175498, -0.020657 
  0.117842 ,  0.173222, -0.020286 
  0.117654 ,  0.170188, -0.019072 
  0.117380 ,  0.166411, -0.017055 
  0.117023 ,  0.161913, -0.014329 
  0.116584 ,  0.156720, -0.011037 
  0.116065 ,  0.150864, -0.007352 
  0.115468 ,  0.144378, -0.003464 
  0.114794 ,  0.137304, 0.000439 
  0.114047 ,  0.129683, 0.004188 
  0.113227 ,  0.121564, 0.007641 
  0.112337 ,  0.112995, 0.010689 
  0.111379 ,  0.104028, 0.013257 
  0.110355 ,  0.094719, 0.015299 
  0.109269 ,  0.085124, 0.016793 
  0.108121 ,  0.075299, 0.017731 
  0.106915 ,  0.065304, 0.018114 
  0.105654 ,  0.055197, 0.017947 
  0.104338 ,  0.045035, 0.017241 
  0.102971 ,  0.034878, 0.016014 
  0.101556 ,  0.024781, 0.014296 
  0.100095 ,  0.014801, 0.012138 
  0.098591 ,  0.004989, 0.009615 
  0.097046 ,  -0.004603, 0.006827 
  0.095462 ,  -0.013926, 0.003896 
  0.093843 ,  -0.022936, 0.000962 
  0.092191 ,  -0.031589, -0.001833 
  0.090509 ,  -0.039848, -0.004356 
  0.088798 ,  -0.047677, -0.006500 
  0.087063 ,  -0.055046, -0.008194 
  0.085304 ,  -0.061928, -0.009408 
  0.083526 ,  -0.068299, -0.010158 
  0.081729 ,  -0.074142, -0.010498 
  0.079917 ,  -0.079442, -0.010508 
  0.078093 ,  -0.084188, -0.010275 
  0.076258 ,  -0.088376, -0.009879 
  0.074415 ,  -0.092004, -0.009374 
  0.072566 ,  -0.095072, -0.008780 
  0.070714 ,  -0.097589, -0.008079 
  0.068860 ,  -0.099562, -0.007221 
  0.067007 ,  -0.101006, -0.006138 
  0.065157 ,  -0.101937, -0.004764 
  0.063311 ,  -0.102374, -0.003060 
  0.061473 ,  -0.102338, -0.001029 
  0.059643 ,  -0.101856, 0.001261 
  0.057824 ,  -0.100952, 0.003680 
  0.056017 ,  -0.099656, 0.006038 
  0.054224 ,  -0.097997, 0.008107 
  0.052446 ,  -0.096007, 0.009646 
  0.050686 ,  -0.093719, 0.010442 
  0.048944 ,  -0.091164, 0.010341 
  0.047221 ,  -0.088377, 0.009281 
  0.045520 ,  -0.085390, 0.007310 
  0.043841 ,  -0.082238, 0.004594 
  0.042185 ,  -0.078953, 0.001403 
  0.040553 ,  -0.075567, -0.001919 
  0.038946 ,  -0.072111, -0.004993 
  0.037365 ,  -0.068617, -0.007459 
  0.035810 ,  -0.065113, -0.009021 
  0.034283 ,  -0.061628, -0.009494 
  0.032783 ,  -0.058186, -0.008828 
  0.031312 ,  -0.054814, -0.007126 
  0.029868 ,  -0.051533, -0.004623 
  0.028454 ,  -0.048365, -0.001664 
  0.027068 ,  -0.045328, 0.001352 
  0.025710 ,  -0.042441, 0.004020 
  0.024382 ,  -0.039717, 0.005994 
  0.023082 ,  -0.037170, 0.007033 
  0.021810 ,  -0.034812, 0.007034 
  0.020567 ,  -0.032650, 0.006048 
  0.019351 ,  -0.030692, 0.004271 
  0.018163 ,  -0.028943, 0.002010 
  0.017001 ,  -0.027407, -0.000360 
  0.015865 ,  -0.026083, -0.002460 
  0.014754 ,  -0.024973, -0.003956 
  0.013667 ,  -0.024072, -0.004617 
  0.012605 ,  -0.023378, -0.004343 
  0.011564 ,  -0.022884, -0.003178 
  0.010546 ,  -0.022584, -0.001300 
  0.009548 ,  -0.022468, 0.001007 
  0.008569 ,  -0.022527, 0.003407 
  0.007609 ,  -0.022749, 0.005558 
  0.006666 ,  -0.023122, 0.007170 
  0.005738 ,  -0.023631, 0.008045 
  0.004825 ,  -0.024263, 0.008107 
  0.003925 ,  -0.025002, 0.007404 
  0.003037 ,  -0.025830, 0.006092 
  0.002158 ,  -0.026732, 0.004406 
  0.001288 ,  -0.027689, 0.002608 
  0.000425 ,  -0.028683, 0.000942 
  -0.000432 ,  -0.029695, -0.000415 
  -0.001285 ,  -0.030705, -0.001377 
  -0.002136 ,  -0.031695, -0.001967 
  -0.002986 ,  -0.032646, -0.002310 
  -0.003836 ,  -0.033537, -0.002598 
  -0.004689 ,  -0.034349, -0.003056 
  -0.005546 ,  -0.035063, -0.003881 
  -0.006409 ,  -0.035661, -0.005206 
  -0.007278 ,  -0.036124, -0.007051 
  -0.008157 ,  -0.036434, -0.009311 
  -0.009045 ,  -0.036575, -0.011755 
  -0.009945 ,  -0.036531, -0.014054 
  -0.010859 ,  -0.036286, -0.015825 
  -0.011787 ,  -0.035827, -0.016692 
  -0.012731 ,  -0.035140, -0.016347 
  -0.013693 ,  -0.034215, -0.014606 
  -0.014674 ,  -0.033041, -0.011450 
  -0.015675 ,  -0.031612, -0.007043 
  -0.016697 ,  -0.029919, -0.001718 
  -0.017742 ,  -0.027958, 0.004057 
  -0.018810 ,  -0.025726, 0.009733 
  -0.019904 ,  -0.023224, 0.014760 
  -0.021023 ,  -0.020451, 0.018651 
  -0.022169 ,  -0.017411, 0.021056 
  -0.023343 ,  -0.014110, 0.021804 
  -0.024545 ,  -0.010556, 0.020922 
  -0.025776 ,  -0.006757, 0.018635 
  -0.027037 ,  -0.002727, 0.015321 
  -0.028328 ,  0.001520, 0.011458 
  -0.029650 ,  0.005970, 0.007553 
  -0.031003 ,  0.010602, 0.004062 
  -0.032388 ,  0.015397, 0.001332 
  -0.033804 ,  0.020333, -0.000450 
  -0.035252 ,  0.025387, -0.001277 
  -0.036731 ,  0.030532, -0.001312 
  -0.038242 ,  0.035743, -0.000852 
  -0.039785 ,  0.040991, -0.000275 
  -0.041358 ,  0.046247, 0.000031 
  -0.042962 ,  0.051482, -0.000262 
  -0.044597 ,  0.056666, -0.001368 
  -0.046261 ,  0.061768, -0.003338 
  -0.047954 ,  0.066757, -0.006055 
  -0.049675 ,  0.071603, -0.009242 
  -0.051423 ,  0.076276, -0.012505 
  -0.053198 ,  0.080746, -0.015386 
  -0.054997 ,  0.084985, -0.017439 
  -0.056820 ,  0.088965, -0.018293 
  -0.058666 ,  0.092661, -0.017715 
  -0.060533 ,  0.096048, -0.015643 
  -0.062420 ,  0.099104, -0.012205 
  -0.064325 ,  0.101808, -0.007704 
  -0.066246 ,  0.104144, -0.002577 
  -0.068181 ,  0.106095, 0.002654 
  -0.070129 ,  0.107648, 0.007455 
  -0.072088 ,  0.108794, 0.011347 
  -0.074056 ,  0.109525, 0.013959 
  -0.076030 ,  0.109836, 0.015077 
  -0.078008 ,  0.109727, 0.014661 
  -0.079988 ,  0.109200, 0.012844 
  -0.081968 ,  0.108258, 0.009909 
  -0.083945 ,  0.106909, 0.006243 
  -0.085917 ,  0.105164, 0.002290 
  -0.087881 ,  0.103037, -0.001503 
  -0.089835 ,  0.100542, -0.004742 
  -0.091775 ,  0.097699, -0.007120 
  -0.093699 ,  0.094528, -0.008447 
  -0.095605 ,  0.091053, -0.008656 
  -0.097490 ,  0.087297, -0.007800 
  -0.099350 ,  0.083287, -0.006033 
  -0.101182 ,  0.079052, -0.003583 
  -0.102985 ,  0.074620, -0.000723 
  -0.104755 ,  0.070021, 0.002261 
  -0.106488 ,  0.065284, 0.005096 
  -0.108183 ,  0.060442, 0.007543 
  -0.109835 ,  0.055524, 0.009410 
  -0.111443 ,  0.050560, 0.010564 
  -0.113003 ,  0.045579, 0.010933 
  -0.114511 ,  0.040611, 0.010508 
  -0.115966 ,  0.035682, 0.009335 
  -0.117364 ,  0.030819, 0.007521 
  -0.118703 ,  0.026045, 0.005216 
  -0.119978 ,  0.021382, 0.002613 
  -0.121189 ,  0.016851, -0.000066 
  -0.122330 ,  0.012469, -0.002590 
  -0.123401 ,  0.008252, -0.004734 
  -0.124398 ,  0.004211, -0.006303 
  -0.125319 ,  0.000358, -0.007155 
  -0.126160 ,  -0.003300, -0.007221 
  -0.126920 ,  -0.006759, -0.006520 
  -0.127595 ,  -0.010017, -0.005163 
  -0.128184 ,  -0.013074, -0.003348 
  -0.128684 ,  -0.015934, -0.001343 
  -0.129093 ,  -0.018603, 0.000547 
  -0.129409 ,  -0.021088, 0.002016 
  -0.129629 ,  -0.023400, 0.002802 
  -0.129752 ,  -0.025551, 0.002725 
  -0.129776 ,  -0.027555, 0.001716 
  -0.129699 ,  -0.029427, -0.000158 
  -0.129519 ,  -0.031186, -0.002702 
  -0.129236 ,  -0.032848, -0.005610 
  -0.128846 ,  -0.034432, -0.008503 
  -0.128350 ,  -0.035958, -0.010981 
  -0.127747 ,  -0.037444, -0.012678 
  -0.127034 ,  -0.038911, -0.013318 
  -0.126211 ,  -0.040376, -0.012759 
  -0.125277 ,  -0.041860, -0.011016 
  -0.124232 ,  -0.043378, -0.008266 
  -0.123076 ,  -0.044946, -0.004823 
  -0.121807 ,  -0.046581, -0.001097 
  -0.120426 ,  -0.048294, 0.002473 
  -0.118933 ,  -0.050097, 0.005476 
  -0.117327 ,  -0.051999, 0.007602 
  -0.115609 ,  -0.054007, 0.008684 
  -0.113779 ,  -0.056126, 0.008729 
  -0.111838 ,  -0.058358, 0.007918 
  -0.109787 ,  -0.060702, 0.006574 
  -0.107626 ,  -0.063156, 0.005110 
  -0.105356 ,  -0.065714, 0.003960 
  -0.102979 ,  -0.068368, 0.003502 
  -0.100496 ,  -0.071108, 0.003993 
  -0.097907 ,  -0.073921, 0.005509 
  -0.095216 ,  -0.076791, 0.007933 
  -0.092423 ,  -0.079700, 0.010952 
  -0.089530 ,  -0.082630, 0.014105 
  -0.086540 ,  -0.085560, 0.016847 
  -0.083454 ,  -0.088465, 0.018632 
  -0.080275 ,  -0.091322, 0.018999 
  -0.077006 ,  -0.094105, 0.017655 
  -0.073648 ,  -0.096787, 0.014524 
  -0.070205 ,  -0.099341, 0.009775 
  -0.066680 ,  -0.101740, 0.003806 
  -0.063075 ,  -0.103956, -0.002804 
  -0.059394 ,  -0.105961, -0.009372 
  -0.055640 ,  -0.107728, -0.015207 
  -0.051816 ,  -0.109231, -0.019707 
  -0.047926 ,  -0.110445, -0.022444 
  -0.043973 ,  -0.111344, -0.023228 
  -0.039961 ,  -0.111907, -0.022128 
  -0.035893 ,  -0.112113, -0.019459 
  -0.031775 ,  -0.111942, -0.015735 
  -0.027608 ,  -0.111378, -0.011581 
  -0.023399 ,  -0.110406, -0.007645 
  -0.019150 ,  -0.109015, -0.004489 
  -0.014867 ,  -0.107194, -0.002512 
  -0.010552 ,  -0.104937, -0.001887 
  -0.006211 ,  -0.102240, -0.002543 
  -0.001848 ,  -0.099102, -0.004177 
  0.002532 ,  -0.095525, -0.006315 
  0.006926 ,  -0.091514, -0.008388 
  0.011328 ,  -0.087076, -0.009830 
  0.015734 ,  -0.082222, -0.010172 
  0.020139 ,  -0.076965, -0.009123 
  0.024539 ,  -0.071321, -0.006613 
  0.028929 ,  -0.065308, -0.002811 
  0.033305 ,  -0.058948, 0.001904 
  0.037661 ,  -0.052264, 0.007001 
  0.041994 ,  -0.045281, 0.011885 
  0.046298 ,  -0.038027, 0.015989 
  0.050569 ,  -0.030532, 0.018862 
  0.054803 ,  -0.022825, 0.020240 
  0.058994 ,  -0.014939, 0.020084 
  0.063139 ,  -0.006908, 0.018581 
  0.067233 ,  0.001234, 0.016106 
  0.071271 ,  0.009452, 0.013161 
  0.075249 ,  0.017711, 0.010283 
  0.079163 ,  0.025974, 0.007956 
  0.083008 ,  0.034206, 0.006530 
  0.086781 ,  0.042371, 0.006163 
  0.090478 ,  0.050433, 0.006793 
  0.094094 ,  0.058357, 0.008156 
  0.097625 ,  0.066109, 0.009827 
  0.101069 ,  0.073657, 0.011294 
  0.104420 ,  0.080967, 0.012048 
  0.107676 ,  0.088009, 0.011668 
  0.110833 ,  0.094754, 0.009893 
  0.113888 ,  0.101173, 0.006668 
  0.116838 ,  0.107240, 0.002156 
  0.119679 ,  0.112931, -0.003285 
  0.122409 ,  0.118223, -0.009161 
  0.125024 ,  0.123095, -0.014912 
  0.127523 ,  0.127528, -0.020006 
  0.129903 ,  0.131507, -0.024013 
  0.132161 ,  0.135016, -0.026664 
  0.134295 ,  0.138044, -0.027888 
  0.136303 ,  0.140581, -0.027802 
  0.138184 ,  0.142617, -0.026680 
  0.139936 ,  0.144149, -0.024890 
  0.141556 ,  0.145173, -0.022813 
  0.143045 ,  0.145687, -0.020772 
  0.144400 ,  0.145693, -0.018963 
  0.145621 ,  0.145194, -0.017418 
  0.146706 ,  0.144195, -0.015997 
  0.147656 ,  0.142703, -0.014419 
  0.148469 ,  0.140729, -0.012315 
  0.149145 ,  0.138283, -0.009313 
  0.149685 ,  0.135378, -0.005118 
  0.150088 ,  0.132031, 0.000408 
  0.150355 ,  0.128257, 0.007191 
  0.150485 ,  0.124076, 0.014928 
  0.150481 ,  0.119507, 0.023099 
  0.150341 ,  0.114571, 0.031025 
  0.150068 ,  0.109293, 0.037952 
  0.149662 ,  0.103696, 0.043155 
  0.149125 ,  0.097806, 0.046042 
  0.148458 ,  0.091648, 0.046244 
  0.147662 ,  0.085251, 0.043676 
  0.146741 ,  0.078643, 0.038554 
  0.145695 ,  0.071853, 0.031379 
  0.144526 ,  0.064909, 0.022863 
  0.143238 ,  0.057843, 0.013840 
  0.141832 ,  0.050685, 0.005149 
  0.140311 ,  0.043464, -0.002480 
  0.138677 ,  0.036212, -0.008523 
  0.136935 ,  0.028958, -0.012721 
  0.135085 ,  0.021733, -0.015110 
  0.133133 ,  0.014566, -0.015990 
  0.131080 ,  0.007486, -0.015868 
  0.128931 ,  0.000523, -0.015356 
  0.126689 ,  -0.006298, -0.015064 
  0.124357 ,  -0.012948, -0.015491 
  0.121939 ,  -0.019404, -0.016936 
  0.119439 ,  -0.025639, -0.019443 
  0.116861 ,  -0.031632, -0.022789 
  0.114209 ,  -0.037362, -0.026513 
  0.111487 ,  -0.042807, -0.029993 
  0.108699 ,  -0.047952, -0.032540 
  0.105849 ,  -0.052778, -0.033513 
  0.102942 ,  -0.057272, -0.032425 
  0.099982 ,  -0.061421, -0.029028 
  0.096973 ,  -0.065215, -0.023363 
  0.093919 ,  -0.068646, -0.015765 
  0.090826 ,  -0.071706, -0.006828 
  0.087698 ,  -0.074393, 0.002674 
  0.084538 ,  -0.076704, 0.011883 
  0.081353 ,  -0.078639, 0.019975 
  0.078145 ,  -0.080200, 0.026263 
  0.074920 ,  -0.081391, 0.030285 
  0.071682 ,  -0.082219, 0.031854 
  0.068436 ,  -0.082692, 0.031071 
  0.065186 ,  -0.082819, 0.028294 
  0.061936 ,  -0.082613, 0.024077 
  0.058692 ,  -0.082087, 0.019077 
  0.055456 ,  -0.081255, 0.013965 
  0.052234 ,  -0.080135, 0.009327 
  0.049031 ,  -0.078744, 0.005596 
  0.045849 ,  -0.077100, 0.003006 
  0.042693 ,  -0.075223, 0.001581 
  0.039568 ,  -0.073133, 0.001158 
  0.036476 ,  -0.070853, 0.001437 
  0.033423 ,  -0.068402, 0.002051 
  0.030411 ,  -0.065804, 0.002629 
  0.027445 ,  -0.063080, 0.002871 
  0.024528 ,  -0.060253, 0.002588 
  0.021663 ,  -0.057343, 0.001728 
  0.018854 ,  -0.054373, 0.000373 
  0.016104 ,  -0.051363, -0.001294 
  0.013416 ,  -0.048334, -0.003028 
  0.010793 ,  -0.045305, -0.004580 
  0.008237 ,  -0.042295, -0.005748 
  0.005753 ,  -0.039321, -0.006415 
  0.003341 ,  -0.036400, -0.006573 
  0.001005 ,  -0.033547, -0.006322 
  -0.001254 ,  -0.030776, -0.005845 
  -0.003433 ,  -0.028099, -0.005370 
  -0.005530 ,  -0.025529, -0.005125 
  -0.007544 ,  -0.023074, -0.005284 
  -0.009473 ,  -0.020743, -0.005933 
  -0.011316 ,  -0.018543, -0.007045 
  -0.013071 ,  -0.016480, -0.008479 
  -0.014737 ,  -0.014558, -0.010003 
  -0.016314 ,  -0.012780, -0.011326 
  -0.017800 ,  -0.011146, -0.012157 
  -0.019195 ,  -0.009658, -0.012249 
  -0.020499 ,  -0.008315, -0.011450 
  -0.021711 ,  -0.007115, -0.009734 
  -0.022831 ,  -0.006054, -0.007207 
  -0.023860 ,  -0.005129, -0.004101 
  -0.024798 ,  -0.004336, -0.000736 
  -0.025645 ,  -0.003669, 0.002527 
  -0.026401 ,  -0.003122, 0.005343 
  -0.027068 ,  -0.002688, 0.007438 
  -0.027647 ,  -0.002362, 0.008650 
  -0.028138 ,  -0.002136, 0.008959 
  -0.028543 ,  -0.002003, 0.008482 
  -0.028864 ,  -0.001955, 0.007458 
  -0.029101 ,  -0.001985, 0.006201 
  -0.029257 ,  -0.002086, 0.005050 
  -0.029333 ,  -0.002251, 0.004306 
  -0.029333 ,  -0.002472, 0.004184 
  -0.029257 ,  -0.002743, 0.004770 
  -0.029107 ,  -0.003057, 0.006005 
  -0.028888 ,  -0.003409, 0.007693 
  -0.028600 ,  -0.003792, 0.009531 
  -0.028248 ,  -0.004201, 0.011157 
  -0.027832 ,  -0.004630, 0.012210 
  -0.027358 ,  -0.005075, 0.012389 
  -0.026827 ,  -0.005532, 0.011508 
  -0.026242 ,  -0.005996, 0.009532 
  -0.025607 ,  -0.006462, 0.006585 
  -0.024926 ,  -0.006929, 0.002942 
  -0.024201 ,  -0.007390, -0.001012 
  -0.023436 ,  -0.007845, -0.004830 
  -0.022634 ,  -0.008288, -0.008074 
  -0.021800 ,  -0.008717, -0.010373 
  -0.020936 ,  -0.009128, -0.011482 
  -0.020047 ,  -0.009519, -0.011317 
  -0.019137 ,  -0.009885, -0.009967 
  -0.018208 ,  -0.010222, -0.007687 
  -0.017265 ,  -0.010528, -0.004860 
  -0.016312 ,  -0.010798, -0.001944 
  -0.015352 ,  -0.011028, 0.000593 
  -0.014390 ,  -0.011213, 0.002335 
  -0.013429 ,  -0.011349, 0.002976 
  -0.012473 ,  -0.011431, 0.002364 
  -0.011525 ,  -0.011453, 0.000521 
  -0.010591 ,  -0.011410, -0.002361 
  -0.009673 ,  -0.011296, -0.005942 
  -0.008775 ,  -0.011105, -0.009781 
  -0.007901 ,  -0.010832, -0.013388 
  -0.007055 ,  -0.010470, -0.016288 
  -0.006240 ,  -0.010015, -0.018076 
  -0.005460 ,  -0.009459, -0.018463 
  -0.004718 ,  -0.008797, -0.017312 
  -0.004017 ,  -0.008023, -0.014645 
  -0.003361 ,  -0.007134, -0.010645 
  -0.002753 ,  -0.006124, -0.005626 
  -0.002197 ,  -0.004989, 0.000001 
  -0.001695 ,  -0.003726, 0.005772 
  -0.001249 ,  -0.002332, 0.011222 
  -0.000864 ,  -0.000806, 0.015926 
  -0.000541 ,  0.000854, 0.019544 
  -0.000283 ,  0.002647, 0.021846 
  -0.000093 ,  0.004572, 0.022729 
  0.000027 ,  0.006627, 0.022222 
  0.000076 ,  0.008807, 0.020472 
  0.000050 ,  0.011109, 0.017726 
  -0.000051 ,  0.013526, 0.014304 
  -0.000230 ,  0.016051, 0.010556 
  -0.000488 ,  0.018674, 0.006834 
  -0.000827 ,  0.021386, 0.003450 
  -0.001247 ,  0.024177, 0.000648 
  -0.001750 ,  0.027032, -0.001419 
  -0.002336 ,  0.029939, -0.002704 
  -0.003007 ,  0.032882, -0.003265 
  -0.003763 ,  0.035847, -0.003258 
  -0.004604 ,  0.038817, -0.002910 
  -0.005531 ,  0.041774, -0.002489 
  -0.006543 ,  0.044700, -0.002270 
  -0.007641 ,  0.047577, -0.002486 
  -0.008824 ,  0.050386, -0.003301 
  -0.010091 ,  0.053108, -0.004775 
  -0.011442 ,  0.055724, -0.006847 
  -0.012877 ,  0.058215, -0.009338 
  -0.014393 ,  0.060563, -0.011968 
  -0.015991 ,  0.062750, -0.014382 
  -0.017668 ,  0.064758, -0.016204 
  -0.019422 ,  0.066571, -0.017085 
  -0.021253 ,  0.068174, -0.016759 
  -0.023159 ,  0.069552, -0.015090 
  -0.025136 ,  0.070694, -0.012098 
  -0.027184 ,  0.071587, -0.007980 
  -0.029299 ,  0.072222, -0.003091 
  -0.031480 ,  0.072591, 0.002093 
  -0.033723 ,  0.072688, 0.007022 
  -0.036025 ,  0.072509, 0.011153 
  -0.038384 ,  0.072052, 0.014012 
  -0.040797 ,  0.071317, 0.015270 
  -0.043260 ,  0.070306, 0.014789 
  -0.045770 ,  0.069022, 0.012649 
  -0.048323 ,  0.067473, 0.009146 
  -0.050916 ,  0.065665, 0.004757 
  -0.053545 ,  0.063609, 0.000082 
  -0.056206 ,  0.061316, -0.004240 
  -0.058895 ,  0.058801, -0.007616 
  -0.061608 ,  0.056078, -0.009584 
  -0.064341 ,  0.053163, -0.009877 
  -0.067090 ,  0.050076, -0.008465 
  -0.069850 ,  0.046833, -0.005561 
  -0.072618 ,  0.043456, -0.001587 
  -0.075387 ,  0.039966, 0.002881 
  -0.078155 ,  0.036382, 0.007203 
  -0.080917 ,  0.032727, 0.010766 
  -0.083667 ,  0.029023, 0.013079 
  -0.086401 ,  0.025290, 0.013848 
  -0.089115 ,  0.021549, 0.013015 
  -0.091804 ,  0.017822, 0.010773 
  -0.094464 ,  0.014128, 0.007531 
  -0.097089 ,  0.010486, 0.003853 
  -0.099674 ,  0.006913, 0.000365 
  -0.102216 ,  0.003426, -0.002346 
  -0.104710 ,  0.000039, -0.003826 
  -0.107150 ,  -0.003235, -0.003833 
  -0.109533 ,  -0.006384, -0.002382 
  -0.111853 ,  -0.009398, 0.000251 
  -0.114107 ,  -0.012270, 0.003563 
  -0.116289 ,  -0.014995, 0.006902 
  -0.118396 ,  -0.017569, 0.009561 
  -0.120422 ,  -0.019991, 0.010895 
  -0.122365 ,  -0.022261, 0.010422 
  -0.124220 ,  -0.024382, 0.007908 
  -0.125982 ,  -0.026358, 0.003415 
  -0.127647 ,  -0.028196, -0.002694 
  -0.129213 ,  -0.029904, -0.009796 
  -0.130675 ,  -0.031491, -0.017086 
  -0.132029 ,  -0.032969, -0.023691 
  -0.133272 ,  -0.034351, -0.028782 
  -0.134401 ,  -0.035649, -0.031697 
  -0.135413 ,  -0.036878, -0.032031 
  -0.136304 ,  -0.038054, -0.029693 
  -0.137071 ,  -0.039192, -0.024918 
  -0.137713 ,  -0.040307, -0.018233 
  -0.138225 ,  -0.041416, -0.010383 
  -0.138607 ,  -0.042533, -0.002225 
  -0.138854 ,  -0.043675, 0.005390 
  -0.138967 ,  -0.044855, 0.011734 
  -0.138942 ,  -0.046087, 0.016290 
  -0.138777 ,  -0.047382, 0.018820 
  -0.138472 ,  -0.048752, 0.019376 
  -0.138025 ,  -0.050206, 0.018276 
  -0.137435 ,  -0.051751, 0.016041 
  -0.136701 ,  -0.053393, 0.013298 
  -0.135822 ,  -0.055135, 0.010680 
  -0.134798 ,  -0.056979, 0.008721 
  -0.133628 ,  -0.058924, 0.007777 
  -0.132312 ,  -0.060966, 0.007975 
  -0.130850 ,  -0.063101, 0.009201 
  -0.129243 ,  -0.065320, 0.011130 
  -0.127490 ,  -0.067614, 0.013286 
  -0.125594 ,  -0.069969, 0.015128 
  -0.123554 ,  -0.072372, 0.016139 
  -0.121371 ,  -0.074804, 0.015921 
  -0.119048 ,  -0.077248, 0.014253 
  -0.116585 ,  -0.079683, 0.011133 
  -0.113984 ,  -0.082086, 0.006779 
  -0.111247 ,  -0.084434, 0.001592 
  -0.108376 ,  -0.086702, -0.003902 
  -0.105374 ,  -0.088862, -0.009136 
  -0.102244 ,  -0.090889, -0.013584 
  -0.098986 ,  -0.092755, -0.016838 
  -0.095606 ,  -0.094432, -0.018664 
  -0.092105 ,  -0.095892, -0.019025 
  -0.088487 ,  -0.097107, -0.018081 
  -0.084755 ,  -0.098052, -0.016149 
  -0.080914 ,  -0.098699, -0.013647 
  -0.076966 ,  -0.099024, -0.011022 
  -0.072915 ,  -0.099004, -0.008677 
  -0.068767 ,  -0.098615, -0.006911 
  -0.064525 ,  -0.097838, -0.005880 
  -0.060193 ,  -0.096656, -0.005580 
  -0.055775 ,  -0.095053, -0.005860 
  -0.051278 ,  -0.093016, -0.006461 
  -0.046705 ,  -0.090534, -0.007071 
  -0.042061 ,  -0.087600, -0.007381 
  -0.037351 ,  -0.084210, -0.007144 
  -0.032581 ,  -0.080363, -0.006221 
  -0.027756 ,  -0.076060, -0.004595 
  -0.022881 ,  -0.071307, -0.002381 
  -0.017961 ,  -0.066113, 0.000207 
  -0.013002 ,  -0.060489, 0.002893 
  -0.008010 ,  -0.054450, 0.005391 
  -0.002990 ,  -0.048014, 0.007455 
  0.002053 ,  -0.041202, 0.008923 
  0.007111 ,  -0.034040, 0.009742 
  0.012181 ,  -0.026553, 0.009973 
  0.017255 ,  -0.018771, 0.009774 
  0.022328 ,  -0.010726, 0.009365 
  0.027394 ,  -0.002454, 0.008985 
  0.032448 ,  0.006011, 0.008841 
  0.037483 ,  0.014629, 0.009066 
  0.042494 ,  0.023361, 0.009691 
  0.047474 ,  0.032166, 0.010634 
  0.052419 ,  0.041002, 0.011716 
  0.057322 ,  0.049827, 0.012687 
  0.062177 ,  0.058596, 0.013275 
  0.066979 ,  0.067269, 0.013234 
  0.071722 ,  0.075800, 0.012393 
  0.076401 ,  0.084148, 0.010691 
  0.081010 ,  0.092271, 0.008192 
  0.085545 ,  0.100128, 0.005083 
  0.089998 ,  0.107679, 0.001646 
  0.094366 ,  0.114887, -0.001787 
  0.098643 ,  0.121716, -0.004883 
  0.102825 ,  0.128131, -0.007371 
  0.106906 ,  0.134100, -0.009080 
  0.110881 ,  0.139594, -0.009972 
  0.114747 ,  0.144586, -0.010147 
  0.118498 ,  0.149050, -0.009830 
  0.122130 ,  0.152966, -0.009326 
  0.125640 ,  0.156315, -0.008970 
  0.129023 ,  0.159082, -0.009066 
  0.132275 ,  0.161253, -0.009826 
  0.135392 ,  0.162820, -0.011331 
  0.138372 ,  0.163775, -0.013499 
  0.141210 ,  0.164116, -0.016095 
  0.143904 ,  0.163843, -0.018754 
  0.146451 ,  0.162959, -0.021033 
  0.148847 ,  0.161469, -0.022474 
  0.151091 ,  0.159382, -0.022675 
  0.153179 ,  0.156710, -0.021355 
  0.155111 ,  0.153467, -0.018399 
  0.156883 ,  0.149670, -0.013888 
  0.158494 ,  0.145339, -0.008092 
  0.159942 ,  0.140495, -0.001444 
  0.161227 ,  0.135162, 0.005515 
  0.162347 ,  0.129365, 0.012205 
  0.163300 ,  0.123132, 0.018074 
  0.164087 ,  0.116492, 0.022675 
  0.164707 ,  0.109476, 0.025712 
  0.165160 ,  0.102115, 0.027072 
  0.165445 ,  0.094442, 0.026836 
  0.165562 ,  0.086492, 0.025249 
  0.165513 ,  0.078298, 0.022685 
  0.165297 ,  0.069896, 0.019584 
  0.164916 ,  0.061321, 0.016391 
  0.164371 ,  0.052608, 0.013496 
  0.163662 ,  0.043794, 0.011183 
  0.162791 ,  0.034913, 0.009600 
  0.161760 ,  0.026002, 0.008750 
  0.160570 ,  0.017094, 0.008500 
  0.159224 ,  0.008224, 0.008615 
  0.157724 ,  -0.000574, 0.008793 
  0.156073 ,  -0.009268, 0.008721 
  0.154272 ,  -0.017825, 0.008112 
  0.152325 ,  -0.026216, 0.006752 
  0.150234 ,  -0.034410, 0.004517 
  0.148003 ,  -0.042378, 0.001394 
  0.145636 ,  -0.050095, -0.002528 
  0.143135 ,  -0.057533, -0.007069 
  0.140505 ,  -0.064669, -0.011982 
  0.137748 ,  -0.071480, -0.016978 
  0.134870 ,  -0.077945, -0.021756 
  0.131873 ,  -0.084044, -0.026024 
  0.128763 ,  -0.089759, -0.029517 
  0.125544 ,  -0.095075, -0.032013 
  0.122220 ,  -0.099977, -0.033342 
  0.118796 ,  -0.104452, -0.033385 
  0.115276 ,  -0.108491, -0.032086 
  0.111666 ,  -0.112083, -0.029450 
  0.107970 ,  -0.115222, -0.025546 
  0.104193 ,  -0.117904, -0.020516 
  0.100341 ,  -0.120124, -0.014567 
  0.096418 ,  -0.121882, -0.007977 
  0.092429 ,  -0.123178, -0.001081 
  0.088381 ,  -0.124015, 0.005746 
  0.084278 ,  -0.124397, 0.012111 
  0.080126 ,  -0.124330, 0.017638 
  0.075929 ,  -0.123822, 0.022002 
  0.071695 ,  -0.122884, 0.024964 
  0.067427 ,  -0.121526, 0.026404 
  0.063132 ,  -0.119763, 0.026337 
  0.058814 ,  -0.117608, 0.024920 
  0.054480 ,  -0.115078, 0.022439 
  0.050135 ,  -0.112191, 0.019280 
  0.045784 ,  -0.108967, 0.015882 
  0.041433 ,  -0.105425, 0.012685 
  0.037087 ,  -0.101589, 0.010073 
  0.032751 ,  -0.097481, 0.008321 
  0.028431 ,  -0.093125, 0.007558 
  0.024132 ,  -0.088546, 0.007750 
  0.019860 ,  -0.083770, 0.008698 
  0.015618 ,  -0.078822, 0.010071 
  0.011412 ,  -0.073731, 0.011450 
  0.007248 ,  -0.068523, 0.012391 
  0.003130 ,  -0.063225, 0.012488 
  -0.000938 ,  -0.057865, 0.011437 
  -0.004950 ,  -0.052470, 0.009082 
  -0.008902 ,  -0.047068, 0.005443 
  -0.012789 ,  -0.041684, 0.000719 
  -0.016608 ,  -0.036346, -0.004741 
  -0.020354 ,  -0.031078, -0.010477 
  -0.024024 ,  -0.025905, -0.015984 
  -0.027612 ,  -0.020850, -0.020777 
  -0.031116 ,  -0.015936, -0.024455 
  -0.034531 ,  -0.011183, -0.026753 
  -0.037855 ,  -0.006610, -0.027566 
  -0.041084 ,  -0.002237, -0.026958 
  -0.044215 ,  0.001922, -0.025142 
  -0.047244 ,  0.005852, -0.022435 
  -0.050170 ,  0.009540, -0.019208 
  -0.052989 ,  0.012976, -0.015826 
  -0.055698 ,  0.016151, -0.012593 
  -0.058296 ,  0.019058, -0.009715 
  -0.060781 ,  0.021694, -0.007277 
  -0.063150 ,  0.024056, -0.005248 
  -0.065401 ,  0.026144, -0.003502 
  -0.067534 ,  0.027959, -0.001862 
  -0.069546 ,  0.029506, -0.000142 
  -0.071437 ,  0.030789, 0.001802 
  -0.073205 ,  0.031818, 0.004036 
  -0.074849 ,  0.032601, 0.006528 
  -0.076369 ,  0.033150, 0.009148 
  -0.077764 ,  0.033477, 0.011690 
  -0.079034 ,  0.033597, 0.013912 
  -0.080178 ,  0.033525, 0.015582 
  -0.081198 ,  0.033279, 0.016532 
  -0.082092 ,  0.032874, 0.016694 
  -0.082862 ,  0.032331, 0.016129 
  -0.083508 ,  0.031669, 0.015023 
  -0.084030 ,  0.030906, 0.013666 
  -0.084430 ,  0.030063, 0.012406 
  -0.084709 ,  0.029159, 0.011582 
  -0.084867 ,  0.028214, 0.011464 
  -0.084907 ,  0.027249, 0.012188 
  -0.084830 ,  0.026281, 0.013710 
  -0.084637 ,  0.025329, 0.015795 
  -0.084331 ,  0.024410, 0.018026 
  -0.083913 ,  0.023540, 0.019855 
  -0.083386 ,  0.022736, 0.020672 
  -0.082752 ,  0.022010, 0.019902 
  -0.082014 ,  0.021376, 0.017094 
  -0.081173 ,  0.020843, 0.012011 
  -0.080233 ,  0.020423, 0.004690 
  -0.079197 ,  0.020121, -0.004529 
  -0.078066 ,  0.019944, -0.015022 
  -0.076846 ,  0.019896, -0.025931 
  -0.075538 ,  0.019979, -0.036255 
  -0.074146 ,  0.020194, -0.044969 
  -0.072673 ,  0.020538, -0.051143 
  -0.071122 ,  0.021010, -0.054063 
  -0.069498 ,  0.021604, -0.053322 
  -0.067803 ,  0.022313, -0.048876 
  -0.066041 ,  0.023130, -0.041061 
  -0.064216 ,  0.024045, -0.030550 
  -0.062333 ,  0.025047, -0.018285 
