   4m__8m 
  0.006439 ,  -0.006070, -0.005773 
  0.007354 ,  -0.007454, -0.002331 
  0.008284 ,  -0.008925, 0.001402 
  0.009228 ,  -0.010474, 0.005142 
  0.010184 ,  -0.012091, 0.008615 
  0.011151 ,  -0.013764, 0.011589 
  0.012129 ,  -0.015480, 0.013891 
  0.013116 ,  -0.017224, 0.015429 
  0.014111 ,  -0.018981, 0.016185 
  0.015113 ,  -0.020734, 0.016212 
  0.016120 ,  -0.022466, 0.015616 
  0.017131 ,  -0.024161, 0.014534 
  0.018145 ,  -0.025799, 0.013112 
  0.019161 ,  -0.027363, 0.011484 
  0.020177 ,  -0.028835, 0.009761 
  0.021191 ,  -0.030197, 0.008025 
  0.022203 ,  -0.031433, 0.006325 
  0.023211 ,  -0.032526, 0.004688 
  0.024213 ,  -0.033461, 0.003129 
  0.025209 ,  -0.034223, 0.001661 
  0.026196 ,  -0.034800, 0.000302 
  0.027174 ,  -0.035180, -0.000916 
  0.028140 ,  -0.035353, -0.001954 
  0.029094 ,  -0.035312, -0.002772 
  0.030034 ,  -0.035050, -0.003335 
  0.030958 ,  -0.034563, -0.003634 
  0.031865 ,  -0.033850, -0.003688 
  0.032754 ,  -0.032909, -0.003558 
  0.033623 ,  -0.031744, -0.003340 
  0.034471 ,  -0.030359, -0.003158 
  0.035296 ,  -0.028761, -0.003152 
  0.036097 ,  -0.026957, -0.003451 
  0.036872 ,  -0.024960, -0.004150 
  0.037621 ,  -0.022780, -0.005295 
  0.038341 ,  -0.020434, -0.006862 
  0.039032 ,  -0.017936, -0.008751 
  0.039692 ,  -0.015304, -0.010798 
  0.040320 ,  -0.012559, -0.012786 
  0.040914 ,  -0.009718, -0.014476 
  0.041474 ,  -0.006805, -0.015637 
  0.041998 ,  -0.003841, -0.016085 
  0.042485 ,  -0.000848, -0.015706 
  0.042934 ,  0.002150, -0.014482 
  0.043343 ,  0.005131, -0.012495 
  0.043713 ,  0.008071, -0.009919 
  0.044041 ,  0.010949, -0.006998 
  0.044327 ,  0.013741, -0.004011 
  0.044570 ,  0.016427, -0.001231 
  0.044769 ,  0.018986, 0.001116 
  0.044923 ,  0.021399, 0.002885 
  0.045031 ,  0.023648, 0.004040 
  0.045093 ,  0.025716, 0.004653 
  0.045108 ,  0.027589, 0.004901 
  0.045075 ,  0.029253, 0.005035 
  0.044994 ,  0.030698, 0.005337 
  0.044865 ,  0.031914, 0.006077 
  0.044686 ,  0.032893, 0.007464 
  0.044457 ,  0.033631, 0.009601 
  0.044179 ,  0.034124, 0.012467 
  0.043850 ,  0.034372, 0.015904 
  0.043471 ,  0.034375, 0.019634 
  0.043041 ,  0.034136, 0.023285 
  0.042560 ,  0.033661, 0.026444 
  0.042029 ,  0.032957, 0.028703 
  0.041446 ,  0.032033, 0.029720 
  0.040813 ,  0.030898, 0.029262 
  0.040130 ,  0.029566, 0.027236 
  0.039396 ,  0.028051, 0.023701 
  0.038612 ,  0.026366, 0.018863 
  0.037779 ,  0.024529, 0.013044 
  0.036896 ,  0.022557, 0.006642 
  0.035964 ,  0.020468, 0.000077 
  0.034984 ,  0.018281, -0.006254 
  0.033956 ,  0.016016, -0.012025 
  0.032881 ,  0.013692, -0.017014 
  0.031760 ,  0.011330, -0.021108 
  0.030594 ,  0.008949, -0.024308 
  0.029383 ,  0.006570, -0.026699 
  0.028128 ,  0.004213, -0.028420 
  0.026830 ,  0.001897, -0.029626 
  0.025490 ,  -0.000359, -0.030447 
  0.024110 ,  -0.002537, -0.030959 
  0.022690 ,  -0.004620, -0.031168 
  0.021232 ,  -0.006591, -0.031008 
  0.019737 ,  -0.008434, -0.030356 
  0.018206 ,  -0.010136, -0.029058 
  0.016641 ,  -0.011684, -0.026967 
  0.015043 ,  -0.013065, -0.023973 
  0.013413 ,  -0.014269, -0.020040 
  0.011753 ,  -0.015288, -0.015219 
  0.010065 ,  -0.016112, -0.009659 
  0.008350 ,  -0.016738, -0.003590 
  0.006610 ,  -0.017158, 0.002697 
  0.004846 ,  -0.017372, 0.008890 
  0.003061 ,  -0.017377, 0.014691 
  0.001256 ,  -0.017172, 0.019857 
  -0.000568 ,  -0.016760, 0.024223 
  -0.002407 ,  -0.016144, 0.027715 
  -0.004262 ,  -0.015328, 0.030353 
  -0.006128 ,  -0.014318, 0.032226 
  -0.008006 ,  -0.013120, 0.033465 
  -0.009892 ,  -0.011745, 0.034205 
  -0.011785 ,  -0.010203, 0.034545 
  -0.013683 ,  -0.008503, 0.034522 
  -0.015583 ,  -0.006660, 0.034093 
  -0.017484 ,  -0.004686, 0.033134 
  -0.019384 ,  -0.002598, 0.031460 
  -0.021281 ,  -0.000409, 0.028859 
  -0.023172 ,  0.001862, 0.025136 
  -0.025056 ,  0.004198, 0.020165 
  -0.026930 ,  0.006581, 0.013928 
  -0.028793 ,  0.008992, 0.006547 
  -0.030642 ,  0.011410, -0.001702 
  -0.032476 ,  0.013817, -0.010404 
  -0.034291 ,  0.016192, -0.019034 
  -0.036088 ,  0.018513, -0.027012 
  -0.037862 ,  0.020762, -0.033766 
  -0.039613 ,  0.022917, -0.038798 
  -0.041339 ,  0.024957, -0.041749 
  -0.043036 ,  0.026864, -0.042442 
  -0.044705 ,  0.028617, -0.040906 
  -0.046342 ,  0.030197, -0.037374 
  -0.047945 ,  0.031588, -0.032256 
  -0.049514 ,  0.032771, -0.026088 
  -0.051045 ,  0.033731, -0.019463 
  -0.052538 ,  0.034453, -0.012967 
  -0.053991 ,  0.034924, -0.007103 
  -0.055401 ,  0.035133, -0.002242 
  -0.056768 ,  0.035069, 0.001412 
  -0.058089 ,  0.034725, 0.003835 
  -0.059363 ,  0.034094, 0.005161 
  -0.060589 ,  0.033172, 0.005652 
  -0.061765 ,  0.031957, 0.005640 
  -0.062890 ,  0.030450, 0.005475 
  -0.063963 ,  0.028654, 0.005466 
  -0.064981 ,  0.026574, 0.005834 
  -0.065945 ,  0.024217, 0.006691 
  -0.066852 ,  0.021593, 0.008023 
  -0.067702 ,  0.018715, 0.009710 
  -0.068493 ,  0.015597, 0.011554 
  -0.069225 ,  0.012258, 0.013316 
  -0.069897 ,  0.008715, 0.014762 
  -0.070507 ,  0.004992, 0.015705 
  -0.071056 ,  0.001112, 0.016029 
  -0.071542 ,  -0.002899, 0.015710 
  -0.071965 ,  -0.007015, 0.014807 
  -0.072325 ,  -0.011206, 0.013446 
  -0.072620 ,  -0.015441, 0.011793 
  -0.072850 ,  -0.019690, 0.010020 
  -0.073016 ,  -0.023920, 0.008268 
  -0.073116 ,  -0.028098, 0.006623 
  -0.073151 ,  -0.032192, 0.005106 
  -0.073120 ,  -0.036167, 0.003673 
  -0.073024 ,  -0.039991, 0.002229 
  -0.072862 ,  -0.043632, 0.000662 
  -0.072635 ,  -0.047058, -0.001132 
  -0.072343 ,  -0.050239, -0.003207 
  -0.071985 ,  -0.053147, -0.005546 
  -0.071564 ,  -0.055755, -0.008049 
  -0.071078 ,  -0.058038, -0.010529 
  -0.070528 ,  -0.059973, -0.012737 
  -0.069915 ,  -0.061541, -0.014392 
  -0.069240 ,  -0.062725, -0.015229 
  -0.068504 ,  -0.063511, -0.015036 
  -0.067706 ,  -0.063888, -0.013703 
  -0.066848 ,  -0.063850, -0.011247 
  -0.065931 ,  -0.063392, -0.007824 
  -0.064956 ,  -0.062515, -0.003721 
  -0.063924 ,  -0.061221, 0.000673 
  -0.062836 ,  -0.059518, 0.004909 
  -0.061694 ,  -0.057417, 0.008534 
  -0.060498 ,  -0.054932, 0.011150 
  -0.059249 ,  -0.052080, 0.012463 
  -0.057950 ,  -0.048883, 0.012323 
  -0.056602 ,  -0.045364, 0.010742 
  -0.055206 ,  -0.041552, 0.007894 
  -0.053764 ,  -0.037475, 0.004092 
  -0.052277 ,  -0.033165, -0.000257 
  -0.050747 ,  -0.028658, -0.004698 
  -0.049175 ,  -0.023988, -0.008790 
  -0.047565 ,  -0.019194, -0.012154 
  -0.045916 ,  -0.014314, -0.014517 
  -0.044232 ,  -0.009386, -0.015736 
  -0.042513 ,  -0.004451, -0.015804 
  -0.040762 ,  0.000453, -0.014837 
  -0.038982 ,  0.005286, -0.013046 
  -0.037173 ,  0.010012, -0.010695 
  -0.035337 ,  0.014592, -0.008063 
  -0.033478 ,  0.018993, -0.005400 
  -0.031597 ,  0.023181, -0.002898 
  -0.029695 ,  0.027126, -0.000673 
  -0.027776 ,  0.030799, 0.001240 
  -0.025841 ,  0.034177, 0.002874 
  -0.023892 ,  0.037236, 0.004315 
  -0.021931 ,  0.039958, 0.005668 
  -0.019962 ,  0.042328, 0.007034 
  -0.017985 ,  0.044335, 0.008484 
  -0.016003 ,  0.045971, 0.010043 
  -0.014018 ,  0.047231, 0.011686 
  -0.012032 ,  0.048117, 0.013341 
  -0.010047 ,  0.048630, 0.014901 
  -0.008067 ,  0.048779, 0.016248 
  -0.006091 ,  0.048574, 0.017268 
  -0.004124 ,  0.048029, 0.017870 
  -0.002166 ,  0.047161, 0.017997 
  -0.000221 ,  0.045989, 0.017632 
  0.001711 ,  0.044537, 0.016787 
  0.003627 ,  0.042828, 0.015497 
  0.005524 ,  0.040891, 0.013800 
  0.007402 ,  0.038752, 0.011727 
  0.009258 ,  0.036442, 0.009286 
  0.011090 ,  0.033991, 0.006462 
  0.012896 ,  0.031430, 0.003221 
  0.014675 ,  0.028789, -0.000478 
  0.016424 ,  0.026101, -0.004657 
  0.018142 ,  0.023395, -0.009297 
  0.019828 ,  0.020699, -0.014319 
  0.021479 ,  0.018043, -0.019564 
  0.023094 ,  0.015452, -0.024787 
  0.024672 ,  0.012950, -0.029670 
  0.026210 ,  0.010561, -0.033840 
  0.027708 ,  0.008302, -0.036907 
  0.029164 ,  0.006192, -0.038506 
  0.030577 ,  0.004245, -0.038344 
  0.031945 ,  0.002472, -0.036241 
  0.033268 ,  0.000883, -0.032167 
  0.034544 ,  -0.000518, -0.026251 
  0.035772 ,  -0.001727, -0.018788 
  0.036951 ,  -0.002744, -0.010212 
  0.038080 ,  -0.003573, -0.001057 
  0.039159 ,  -0.004219, 0.008088 
  0.040186 ,  -0.004690, 0.016646 
  0.041161 ,  -0.004996, 0.024100 
  0.042082 ,  -0.005150, 0.030046 
  0.042951 ,  -0.005166, 0.034225 
  0.043765 ,  -0.005059, 0.036536 
  0.044525 ,  -0.004847, 0.037037 
  0.045230 ,  -0.004548, 0.035917 
  0.045880 ,  -0.004179, 0.033460 
  0.046475 ,  -0.003760, 0.030006 
  0.047014 ,  -0.003310, 0.025896 
  0.047497 ,  -0.002847, 0.021442 
  0.047925 ,  -0.002388, 0.016889 
  0.048297 ,  -0.001951, 0.012402 
  0.048614 ,  -0.001551, 0.008069 
  0.048876 ,  -0.001202, 0.003912 
  0.049082 ,  -0.000917, -0.000091 
  0.049234 ,  -0.000707, -0.003971 
  0.049332 ,  -0.000580, -0.007749 
  0.049376 ,  -0.000543, -0.011406 
  0.049367 ,  -0.000599, -0.014873 
  0.049305 ,  -0.000752, -0.018033 
  0.049192 ,  -0.001001, -0.020730 
  0.049027 ,  -0.001344, -0.022792 
  0.048812 ,  -0.001775, -0.024055 
  0.048548 ,  -0.002288, -0.024393 
  0.048235 ,  -0.002875, -0.023743 
  0.047874 ,  -0.003524, -0.022118 
  0.047468 ,  -0.004225, -0.019609 
  0.047015 ,  -0.004962, -0.016384 
  0.046519 ,  -0.005723, -0.012665 
  0.045979 ,  -0.006492, -0.008702 
  0.045398 ,  -0.007252, -0.004745 
  0.044776 ,  -0.007987, -0.001017 
  0.044116 ,  -0.008682, 0.002312 
  0.043417 ,  -0.009321, 0.005137 
  0.042683 ,  -0.009887, 0.007422 
  0.041913 ,  -0.010368, 0.009190 
  0.041110 ,  -0.010749, 0.010510 
  0.040276 ,  -0.011019, 0.011473 
  0.039411 ,  -0.011168, 0.012168 
  0.038518 ,  -0.011188, 0.012667 
  0.037598 ,  -0.011071, 0.013004 
  0.036653 ,  -0.010815, 0.013175 
  0.035684 ,  -0.010417, 0.013139 
  0.034693 ,  -0.009878, 0.012833 
  0.033683 ,  -0.009202, 0.012186 
  0.032653 ,  -0.008392, 0.011144 
  0.031608 ,  -0.007458, 0.009683 
  0.030547 ,  -0.006408, 0.007823 
  0.029473 ,  -0.005256, 0.005636 
  0.028388 ,  -0.004015, 0.003235 
  0.027294 ,  -0.002702, 0.000766 
  0.026192 ,  -0.001334, -0.001614 
  0.025084 ,  0.000070, -0.003758 
  0.023971 ,  0.001490, -0.005550 
  0.022856 ,  0.002905, -0.006921 
  0.021741 ,  0.004294, -0.007859 
  0.020626 ,  0.005634, -0.008406 
  0.019515 ,  0.006905, -0.008647 
  0.018408 ,  0.008085, -0.008693 
  0.017307 ,  0.009155, -0.008657 
  0.016214 ,  0.010094, -0.008628 
  0.015130 ,  0.010886, -0.008656 
  0.014058 ,  0.011514, -0.008739 
  0.012998 ,  0.011965, -0.008816 
  0.011953 ,  0.012225, -0.008782 
  0.010923 ,  0.012287, -0.008501 
  0.009911 ,  0.012143, -0.007836 
  0.008917 ,  0.011788, -0.006676 
  0.007944 ,  0.011222, -0.004959 
  0.006992 ,  0.010446, -0.002698 
  0.006063 ,  0.009465, 0.000016 
  0.005158 ,  0.008284, 0.003010 
  0.004279 ,  0.006916, 0.006050 
  0.003426 ,  0.005372, 0.008865 
  0.002601 ,  0.003668, 0.011181 
  0.001805 ,  0.001821, 0.012756 
  0.001038 ,  -0.000148, 0.013415 
  0.000303 ,  -0.002218, 0.013077 
  -0.000401 ,  -0.004365, 0.011767 
  -0.001072 ,  -0.006565, 0.009616 
  -0.001710 ,  -0.008792, 0.006850 
  -0.002313 ,  -0.011019, 0.003759 
  -0.002882 ,  -0.013220, 0.000668 
  -0.003414 ,  -0.015369, -0.002107 
  -0.003911 ,  -0.017438, -0.004293 
  -0.004371 ,  -0.019404, -0.005693 
  -0.004794 ,  -0.021241, -0.006206 
  -0.005179 ,  -0.022927, -0.005834 
  -0.005526 ,  -0.024442, -0.004680 
  -0.005836 ,  -0.025765, -0.002925 
  -0.006106 ,  -0.026881, -0.000810 
  -0.006339 ,  -0.027776, 0.001402 
  -0.006532 ,  -0.028439, 0.003454 
  -0.006687 ,  -0.028861, 0.005122 
  -0.006803 ,  -0.029037, 0.006238 
  -0.006881 ,  -0.028966, 0.006701 
  -0.006920 ,  -0.028648, 0.006481 
  -0.006922 ,  -0.028088, 0.005610 
  -0.006885 ,  -0.027292, 0.004173 
  -0.006811 ,  -0.026272, 0.002289 
  -0.006699 ,  -0.025040, 0.000099 
  -0.006551 ,  -0.023611, -0.002255 
  -0.006367 ,  -0.022004, -0.004638 
  -0.006147 ,  -0.020239, -0.006926 
  -0.005893 ,  -0.018338, -0.009016 
  -0.005603 ,  -0.016324, -0.010816 
  -0.005281 ,  -0.014221, -0.012250 
  -0.004925 ,  -0.012056, -0.013249 
  -0.004538 ,  -0.009853, -0.013755 
  -0.004120 ,  -0.007640, -0.013718 
  -0.003671 ,  -0.005440, -0.013100 
  -0.003193 ,  -0.003280, -0.011882 
  -0.002687 ,  -0.001183, -0.010073 
  -0.002155 ,  0.000829, -0.007709 
  -0.001596 ,  0.002734, -0.004865 
  -0.001012 ,  0.004515, -0.001651 
  -0.000405 ,  0.006155, 0.001792 
  0.000225 ,  0.007640, 0.005301 
  0.000876 ,  0.008960, 0.008696 
  0.001547 ,  0.010105, 0.011805 
  0.002237 ,  0.011070, 0.014466 
  0.002943 ,  0.011854, 0.016548 
  0.003666 ,  0.012457, 0.017952 
  0.004403 ,  0.012884, 0.018623 
  0.005153 ,  0.013140, 0.018543 
  0.005915 ,  0.013236, 0.017731 
  0.006687 ,  0.013185, 0.016234 
  0.007467 ,  0.013000, 0.014120 
  0.008255 ,  0.012699, 0.011471 
  0.009049 ,  0.012302, 0.008378 
  0.009847 ,  0.011828, 0.004941 
  0.010648 ,  0.011300, 0.001267 
  0.011450 ,  0.010741, -0.002524 
  0.012252 ,  0.010173, -0.006297 
  0.013052 ,  0.009621, -0.009896 
  0.013849 ,  0.009108, -0.013151 
  0.014641 ,  0.008656, -0.015880 
  0.015427 ,  0.008287, -0.017898 
  0.016206 ,  0.008021, -0.019040 
  0.016975 ,  0.007877, -0.019175 
  0.017734 ,  0.007870, -0.018231 
  0.018480 ,  0.008016, -0.016207 
  0.019213 ,  0.008325, -0.013194 
  0.019931 ,  0.008805, -0.009368 
  0.020633 ,  0.009462, -0.004992 
  0.021317 ,  0.010299, -0.000392 
  0.021983 ,  0.011312, 0.004069 
  0.022628 ,  0.012499, 0.008029 
  0.023251 ,  0.013850, 0.011162 
  0.023852 ,  0.015354, 0.013216 
  0.024429 ,  0.016997, 0.014042 
  0.024980 ,  0.018760, 0.013615 
  0.025505 ,  0.020624, 0.012032 
  0.026003 ,  0.022563, 0.009509 
  0.026472 ,  0.024554, 0.006348 
  0.026912 ,  0.026568, 0.002906 
  0.027321 ,  0.028575, -0.000448 
  0.027699 ,  0.030544, -0.003379 
  0.028044 ,  0.032445, -0.005622 
  0.028357 ,  0.034245, -0.007011 
  0.028635 ,  0.035912, -0.007490 
  0.028878 ,  0.037414, -0.007117 
  0.029086 ,  0.038721, -0.006045 
  0.029258 ,  0.039803, -0.004495 
  0.029392 ,  0.040632, -0.002718 
  0.029490 ,  0.041183, -0.000961 
  0.029550 ,  0.041434, 0.000569 
  0.029571 ,  0.041365, 0.001733 
  0.029554 ,  0.040958, 0.002469 
  0.029497 ,  0.040201, 0.002799 
  0.029402 ,  0.039085, 0.002810 
  0.029266 ,  0.037605, 0.002635 
  0.029091 ,  0.035759, 0.002422 
  0.028876 ,  0.033551, 0.002306 
  0.028621 ,  0.030988, 0.002382 
  0.028325 ,  0.028082, 0.002684 
  0.027990 ,  0.024849, 0.003181 
  0.027615 ,  0.021310, 0.003782 
  0.027200 ,  0.017487, 0.004347 
  0.026745 ,  0.013409, 0.004719 
  0.026251 ,  0.009107, 0.004743 
  0.025717 ,  0.004614, 0.004302 
  0.025145 ,  -0.000033, 0.003335 
  0.024535 ,  -0.004794, 0.001851 
  0.023886 ,  -0.009630, -0.000066 
  0.023200 ,  -0.014497, -0.002266 
  0.022477 ,  -0.019354, -0.004552 
  0.021718 ,  -0.024156, -0.006702 
  0.020923 ,  -0.028859, -0.008502 
  0.020093 ,  -0.033422, -0.009771 
  0.019228 ,  -0.037803, -0.010379 
  0.018330 ,  -0.041960, -0.010268 
  0.017400 ,  -0.045857, -0.009449 
  0.016437 ,  -0.049457, -0.008001 
  0.015444 ,  -0.052728, -0.006055 
  0.014420 ,  -0.055639, -0.003774 
  0.013368 ,  -0.058166, -0.001333 
  0.012287 ,  -0.060285, 0.001103 
  0.011179 ,  -0.061979, 0.003392 
  0.010046 ,  -0.063233, 0.005431 
  0.008888 ,  -0.064039, 0.007149 
  0.007706 ,  -0.064392, 0.008513 
  0.006501 ,  -0.064291, 0.009512 
  0.005275 ,  -0.063740, 0.010150 
  0.004029 ,  -0.062748, 0.010435 
  0.002764 ,  -0.061328, 0.010373 
  0.001482 ,  -0.059497, 0.009961 
  0.000183 ,  -0.057275, 0.009193 
  -0.001130 ,  -0.054688, 0.008064 
  -0.002458 ,  -0.051763, 0.006580 
  -0.003797 ,  -0.048530, 0.004768 
  -0.005148 ,  -0.045023, 0.002683 
  -0.006508 ,  -0.041278, 0.000410 
  -0.007876 ,  -0.037330, -0.001935 
  -0.009251 ,  -0.033220, -0.004219 
  -0.010632 ,  -0.028985, -0.006300 
  -0.012016 ,  -0.024665, -0.008045 
  -0.013404 ,  -0.020301, -0.009351 
  -0.014792 ,  -0.015929, -0.010157 
  -0.016180 ,  -0.011590, -0.010454 
  -0.017567 ,  -0.007318, -0.010288 
  -0.018950 ,  -0.003148, -0.009755 
  -0.020330 ,  0.000885, -0.008983 
  -0.021703 ,  0.004754, -0.008120 
  -0.023070 ,  0.008429, -0.007304 
  -0.024428 ,  0.011888, -0.006645 
  -0.025776 ,  0.015107, -0.006204 
  -0.027112 ,  0.018070, -0.005988 
  -0.028437 ,  0.020761, -0.005939 
  -0.029747 ,  0.023170, -0.005949 
  -0.031043 ,  0.025290, -0.005873 
  -0.032322 ,  0.027115, -0.005549 
  -0.033583 ,  0.028646, -0.004829 
  -0.034825 ,  0.029885, -0.003597 
  -0.036048 ,  0.030838, -0.001790 
  -0.037249 ,  0.031513, 0.000589 
  -0.038428 ,  0.031922, 0.003469 
  -0.039583 ,  0.032080, 0.006718 
  -0.040713 ,  0.032001, 0.010159 
  -0.041818 ,  0.031705, 0.013586 
  -0.042896 ,  0.031210, 0.016790 
  -0.043947 ,  0.030538, 0.019577 
  -0.044968 ,  0.029711, 0.021786 
  -0.045960 ,  0.028750, 0.023296 
  -0.046921 ,  0.027678, 0.024028 
  -0.047851 ,  0.026517, 0.023945 
  -0.048749 ,  0.025291, 0.023040 
  -0.049613 ,  0.024020, 0.021323 
  -0.050444 ,  0.022724, 0.018818 
  -0.051240 ,  0.021424, 0.015553 
  -0.052000 ,  0.020136, 0.011563 
  -0.052725 ,  0.018877, 0.006893 
  -0.053413 ,  0.017661, 0.001615 
  -0.054064 ,  0.016501, -0.004162 
  -0.054677 ,  0.015408, -0.010280 
  -0.055253 ,  0.014389, -0.016518 
  -0.055789 ,  0.013452, -0.022596 
  -0.056287 ,  0.012600, -0.028185 
  -0.056745 ,  0.011835, -0.032924 
  -0.057163 ,  0.011157, -0.036455 
  -0.057541 ,  0.010566, -0.038460 
  -0.057879 ,  0.010057, -0.038697 
  -0.058177 ,  0.009626, -0.037039 
  -0.058434 ,  0.009265, -0.033502 
  -0.058650 ,  0.008968, -0.028251 
  -0.058825 ,  0.008725, -0.021603 
  -0.058959 ,  0.008526, -0.013998 
  -0.059052 ,  0.008363, -0.005964 
  -0.059104 ,  0.008223, 0.001935 
  -0.059115 ,  0.008096, 0.009159 
  -0.059085 ,  0.007972, 0.015243 
  -0.059015 ,  0.007840, 0.019848 
  -0.058903 ,  0.007689, 0.022791 
  -0.058752 ,  0.007511, 0.024061 
  -0.058560 ,  0.007297, 0.023807 
  -0.058329 ,  0.007040, 0.022316 
  -0.058058 ,  0.006732, 0.019965 
  -0.057747 ,  0.006369, 0.017172 
  -0.057398 ,  0.005946, 0.014341 
  -0.057011 ,  0.005460, 0.011810 
  -0.056585 ,  0.004911, 0.009817 
  -0.056121 ,  0.004297, 0.008477 
  -0.055621 ,  0.003620, 0.007782 
  -0.055084 ,  0.002883, 0.007619 
  -0.054511 ,  0.002089, 0.007794 
  -0.053902 ,  0.001243, 0.008083 
  -0.053258 ,  0.000351, 0.008263 
  -0.052580 ,  -0.000581, 0.008157 
  -0.051868 ,  -0.001544, 0.007659 
  -0.051123 ,  -0.002532, 0.006745 
  -0.050346 ,  -0.003535, 0.005472 
  -0.049537 ,  -0.004544, 0.003961 
  -0.048697 ,  -0.005551, 0.002368 
  -0.047827 ,  -0.006546, 0.000847 
  -0.046927 ,  -0.007521, -0.000475 
  -0.045999 ,  -0.008466, -0.001535 
  -0.045042 ,  -0.009375, -0.002338 
  -0.044058 ,  -0.010240, -0.002965 
  -0.043048 ,  -0.011052, -0.003557 
  -0.042012 ,  -0.011808, -0.004286 
  -0.040951 ,  -0.012501, -0.005326 
  -0.039867 ,  -0.013127, -0.006812 
  -0.038759 ,  -0.013683, -0.008812 
  -0.037629 ,  -0.014167, -0.011303 
  -0.036477 ,  -0.014577, -0.014165 
  -0.035305 ,  -0.014914, -0.017184 
  -0.034113 ,  -0.015177, -0.020079 
  -0.032902 ,  -0.015368, -0.022535 
  -0.031673 ,  -0.015490, -0.024242 
  -0.030427 ,  -0.015545, -0.024943 
  -0.029165 ,  -0.015538, -0.024462 
  -0.027887 ,  -0.015472, -0.022735 
  -0.026595 ,  -0.015353, -0.019820 
  -0.025289 ,  -0.015184, -0.015888 
  -0.023970 ,  -0.014971, -0.011205 
  -0.022638 ,  -0.014719, -0.006098 
  -0.021296 ,  -0.014433, -0.000914 
  -0.019944 ,  -0.014117, 0.004017 
  -0.018582 ,  -0.013776, 0.008424 
  -0.017211 ,  -0.013413, 0.012112 
  -0.015833 ,  -0.013031, 0.014985 
  -0.014447 ,  -0.012634, 0.017035 
  -0.013055 ,  -0.012223, 0.018336 
  -0.011658 ,  -0.011798, 0.019015 
  -0.010257 ,  -0.011361, 0.019226 
  -0.008851 ,  -0.010911, 0.019122 
  -0.007443 ,  -0.010446, 0.018829 
  -0.006032 ,  -0.009964, 0.018432 
  -0.004620 ,  -0.009463, 0.017969 
  -0.003207 ,  -0.008938, 0.017435 
  -0.001794 ,  -0.008387, 0.016796 
  -0.000382 ,  -0.007804, 0.016006 
  0.001029 ,  -0.007185, 0.015025 
  0.002438 ,  -0.006524, 0.013834 
  0.003844 ,  -0.005817, 0.012443 
  0.005246 ,  -0.005058, 0.010896 
  0.006644 ,  -0.004242, 0.009254 
  0.008038 ,  -0.003367, 0.007589 
  0.009426 ,  -0.002426, 0.005959 
  0.010808 ,  -0.001419, 0.004395 
  0.012183 ,  -0.000341, 0.002882 
  0.013551 ,  0.000807, 0.001357 
  0.014911 ,  0.002026, -0.000285 
  0.016262 ,  0.003314, -0.002182 
  0.017605 ,  0.004669, -0.004473 
  0.018937 ,  0.006087, -0.007273 
  0.020260 ,  0.007561, -0.010645 
  0.021572 ,  0.009086, -0.014568 
  0.022873 ,  0.010652, -0.018927 
  0.024162 ,  0.012248, -0.023506 
  0.025438 ,  0.013864, -0.028000 
  0.026702 ,  0.015487, -0.032045 
  0.027953 ,  0.017101, -0.035249 
  0.029190 ,  0.018692, -0.037241 
  0.030413 ,  0.020243, -0.037717 
  0.031622 ,  0.021736, -0.036475 
  0.032815 ,  0.023154, -0.033451 
  0.033993 ,  0.024478, -0.028726 
  0.035155 ,  0.025690, -0.022527 
  0.036300 ,  0.026770, -0.015202 
  0.037429 ,  0.027702, -0.007192 
  0.038541 ,  0.028466, 0.001025 
  0.039635 ,  0.029047, 0.008972 
  0.040712 ,  0.029429, 0.016223 
  0.041770 ,  0.029597, 0.022441 
  0.042809 ,  0.029539, 0.027401 
  0.043830 ,  0.029244, 0.030997 
  0.044831 ,  0.028703, 0.033237 
  0.045812 ,  0.027910, 0.034223 
  0.046773 ,  0.026861, 0.034123 
  0.047714 ,  0.025555, 0.033136 
  0.048634 ,  0.023993, 0.031460 
  0.049533 ,  0.022179, 0.029270 
  0.050411 ,  0.020121, 0.026700 
  0.051266 ,  0.017828, 0.023835 
  0.052100 ,  0.015313, 0.020718 
  0.052911 ,  0.012593, 0.017366 
  0.053700 ,  0.009686, 0.013784 
  0.054466 ,  0.006612, 0.009986 
  0.055208 ,  0.003396, 0.006008 
  0.055926 ,  0.000063, 0.001921 
  0.056621 ,  -0.003358, -0.002171 
  0.057292 ,  -0.006840, -0.006139 
  0.057937 ,  -0.010350, -0.009841 
  0.058558 ,  -0.013856, -0.013143 
  0.059154 ,  -0.017326, -0.015933 
  0.059725 ,  -0.020725, -0.018141 
  0.060269 ,  -0.024022, -0.019744 
  0.060788 ,  -0.027182, -0.020768 
  0.061281 ,  -0.030173, -0.021281 
  0.061746 ,  -0.032965, -0.021376 
  0.062185 ,  -0.035526, -0.021152 
  0.062597 ,  -0.037829, -0.020695 
  0.062981 ,  -0.039847, -0.020059 
  0.063338 ,  -0.041558, -0.019257 
  0.063667 ,  -0.042940, -0.018258 
  0.063967 ,  -0.043976, -0.016995 
  0.064239 ,  -0.044651, -0.015379 
  0.064482 ,  -0.044954, -0.013324 
  0.064697 ,  -0.044877, -0.010768 
  0.064881 ,  -0.044417, -0.007696 
  0.065037 ,  -0.043574, -0.004156 
  0.065162 ,  -0.042351, -0.000263 
  0.065258 ,  -0.040757, 0.003803 
  0.065323 ,  -0.038803, 0.007816 
  0.065358 ,  -0.036505, 0.011526 
  0.065362 ,  -0.033881, 0.014692 
  0.065335 ,  -0.030953, 0.017109 
  0.065277 ,  -0.027748, 0.018639 
  0.065188 ,  -0.024292, 0.019226 
  0.065067 ,  -0.020618, 0.018904 
  0.064914 ,  -0.016757, 0.017789 
  0.064730 ,  -0.012746, 0.016064 
  0.064513 ,  -0.008621, 0.013947 
  0.064265 ,  -0.004420, 0.011667 
  0.063983 ,  -0.000181, 0.009423 
  0.063669 ,  0.004056, 0.007365 
  0.063323 ,  0.008253, 0.005575 
  0.062944 ,  0.012372, 0.004060 
  0.062532 ,  0.016374, 0.002765 
  0.062087 ,  0.020224, 0.001591 
  0.061608 ,  0.023887, 0.000420 
  0.061097 ,  0.027330, -0.000850 
  0.060552 ,  0.030523, -0.002284 
  0.059975 ,  0.033439, -0.003881 
  0.059364 ,  0.036052, -0.005574 
  0.058720 ,  0.038342, -0.007229 
  0.058042 ,  0.040291, -0.008667 
  0.057332 ,  0.041883, -0.009688 
  0.056588 ,  0.043107, -0.010111 
  0.055811 ,  0.043957, -0.009804 
  0.055001 ,  0.044429, -0.008715 
  0.054158 ,  0.044523, -0.006894 
  0.053283 ,  0.044244, -0.004490 
  0.052375 ,  0.043599, -0.001744 
  0.051434 ,  0.042598, 0.001040 
  0.050462 ,  0.041258, 0.003534 
  0.049457 ,  0.039594, 0.005431 
  0.048420 ,  0.037627, 0.006486 
  0.047352 ,  0.035381, 0.006559 
  0.046253 ,  0.032881, 0.005632 
  0.045122 ,  0.030153, 0.003821 
  0.043961 ,  0.027228, 0.001359 
  0.042770 ,  0.024135, -0.001429 
  0.041549 ,  0.020906, -0.004173 
  0.040298 ,  0.017572, -0.006507 
  0.039018 ,  0.014167, -0.008119 
  0.037710 ,  0.010722, -0.008796 
  0.036373 ,  0.007269, -0.008454 
  0.035009 ,  0.003839, -0.007148 
  0.033618 ,  0.000462, -0.005066 
  0.032200 ,  -0.002833, -0.002502 
  0.030757 ,  -0.006019, 0.000188 
  0.029288 ,  -0.009071, 0.002633 
  0.027794 ,  -0.011965, 0.004503 
  0.026276 ,  -0.014682, 0.005556 
  0.024735 ,  -0.017203, 0.005670 
  0.023171 ,  -0.019511, 0.004860 
  0.021586 ,  -0.021593, 0.003277 
  0.019979 ,  -0.023439, 0.001186 
  0.018352 ,  -0.025042, -0.001074 
  0.016706 ,  -0.026395, -0.003138 
  0.015040 ,  -0.027498, -0.004666 
  0.013358 ,  -0.028349, -0.005392 
  0.011658 ,  -0.028952, -0.005160 
  0.009942 ,  -0.029312, -0.003948 
  0.008211 ,  -0.029436, -0.001871 
  0.006466 ,  -0.029333, 0.000835 
  0.004708 ,  -0.029016, 0.003847 
  0.002938 ,  -0.028497, 0.006793 
  0.001157 ,  -0.027791, 0.009305 
  -0.000633 ,  -0.026913, 0.011063 
  -0.002433 ,  -0.025880, 0.011838 
  -0.004241 ,  -0.024711, 0.011517 
  -0.006055 ,  -0.023422, 0.010117 
  -0.007875 ,  -0.022033, 0.007775 
  -0.009700 ,  -0.020562, 0.004734 
  -0.011527 ,  -0.019027, 0.001303 
  -0.013357 ,  -0.017447, -0.002174 
  -0.015187 ,  -0.015839, -0.005367 
  -0.017017 ,  -0.014219, -0.007994 
  -0.018846 ,  -0.012605, -0.009848 
  -0.020672 ,  -0.011010, -0.010816 
  -0.022494 ,  -0.009448, -0.010887 
  -0.024310 ,  -0.007932, -0.010136 
  -0.026120 ,  -0.006473, -0.008712 
  -0.027922 ,  -0.005080, -0.006810 
  -0.029715 ,  -0.003762, -0.004642 
  -0.031498 ,  -0.002525, -0.002409 
  -0.033269 ,  -0.001375, -0.000282 
  -0.035027 ,  -0.000315, 0.001618 
  -0.036771 ,  0.000653, 0.003221 
  -0.038500 ,  0.001528, 0.004512 
  -0.040212 ,  0.002311, 0.005515 
  -0.041905 ,  0.003003, 0.006281 
  -0.043579 ,  0.003607, 0.006869 
  -0.045233 ,  0.004128, 0.007331 
  -0.046865 ,  0.004571, 0.007694 
  -0.048473 ,  0.004942, 0.007957 
  -0.050058 ,  0.005248, 0.008083 
  -0.051616 ,  0.005496, 0.008007 
  -0.053148 ,  0.005693, 0.007645 
  -0.054652 ,  0.005849, 0.006908 
  -0.056126 ,  0.005972, 0.005719 
  -0.057570 ,  0.006070, 0.004027 
  -0.058982 ,  0.006153, 0.001825 
  -0.060361 ,  0.006228, -0.000846 
  -0.061707 ,  0.006304, -0.003890 
  -0.063017 ,  0.006389, -0.007160 
  -0.064291 ,  0.006490, -0.010464 
  -0.065528 ,  0.006614, -0.013583 
  -0.066727 ,  0.006768, -0.016285 
  -0.067887 ,  0.006958, -0.018349 
  -0.069006 ,  0.007189, -0.019581 
  -0.070084 ,  0.007464, -0.019834 
  -0.071120 ,  0.007787, -0.019025 
  -0.072113 ,  0.008160, -0.017142 
  -0.073062 ,  0.008586, -0.014251 
  -0.073966 ,  0.009065, -0.010490 
  -0.074824 ,  0.009597, -0.006064 
  -0.075637 ,  0.010180, -0.001228 
  -0.076402 ,  0.010813, 0.003733 
  -0.077120 ,  0.011493, 0.008521 
  -0.077789 ,  0.012215, 0.012853 
  -0.078409 ,  0.012975, 0.016482 
  -0.078979 ,  0.013768, 0.019213 
  -0.079499 ,  0.014588, 0.020919 
  -0.079969 ,  0.015427, 0.021550 
  -0.080388 ,  0.016277, 0.021132 
  -0.080755 ,  0.017131, 0.019763 
  -0.081070 ,  0.017978, 0.017601 
  -0.081333 ,  0.018811, 0.014846 
  -0.081544 ,  0.019619, 0.011719 
  -0.081701 ,  0.020391, 0.008446 
  -0.081806 ,  0.021118, 0.005233 
  -0.081858 ,  0.021788, 0.002250 
  -0.081857 ,  0.022390, -0.000378 
  -0.081802 ,  0.022914, -0.002579 
  -0.081694 ,  0.023349, -0.004333 
  -0.081534 ,  0.023684, -0.005665 
  -0.081320 ,  0.023907, -0.006636 
  -0.081053 ,  0.024011, -0.007324 
  -0.080733 ,  0.023984, -0.007815 
  -0.080361 ,  0.023817, -0.008185 
  -0.079936 ,  0.023502, -0.008489 
  -0.079459 ,  0.023032, -0.008753 
  -0.078931 ,  0.022400, -0.008977 
  -0.078352 ,  0.021599, -0.009130 
  -0.077722 ,  0.020626, -0.009165 
  -0.077042 ,  0.019476, -0.009022 
  -0.076312 ,  0.018148, -0.008648 
  -0.075533 ,  0.016640, -0.007999 
  -0.074706 ,  0.014953, -0.007060 
  -0.073831 ,  0.013090, -0.005842 
  -0.072909 ,  0.011055, -0.004390 
  -0.071941 ,  0.008851, -0.002779 
  -0.070928 ,  0.006488, -0.001105 
  -0.069870 ,  0.003973, 0.000521 
  -0.068768 ,  0.001317, 0.001986 
  -0.067624 ,  -0.001468, 0.003187 
  -0.066438 ,  -0.004367, 0.004044 
  -0.065211 ,  -0.007365, 0.004505 
  -0.063944 ,  -0.010446, 0.004555 
  -0.062639 ,  -0.013589, 0.004216 
  -0.061296 ,  -0.016776, 0.003543 
  -0.059917 ,  -0.019984, 0.002624 
  -0.058503 ,  -0.023192, 0.001567 
  -0.057055 ,  -0.026375, 0.000492 
  -0.055574 ,  -0.029509, -0.000482 
  -0.054062 ,  -0.032569, -0.001245 
  -0.052520 ,  -0.035530, -0.001708 
  -0.050949 ,  -0.038367, -0.001811 
  -0.049350 ,  -0.041053, -0.001525 
  -0.047725 ,  -0.043563, -0.000861 
  -0.046076 ,  -0.045873, 0.000135 
  -0.044403 ,  -0.047958, 0.001383 
  -0.042709 ,  -0.049797, 0.002775 
  -0.040994 ,  -0.051366, 0.004187 
  -0.039260 ,  -0.052647, 0.005484 
  -0.037509 ,  -0.053622, 0.006534 
  -0.035741 ,  -0.054273, 0.007224 
  -0.033959 ,  -0.054588, 0.007470 
  -0.032164 ,  -0.054556, 0.007222 
  -0.030358 ,  -0.054168, 0.006481 
  -0.028542 ,  -0.053418, 0.005294 
  -0.026717 ,  -0.052304, 0.003758 
  -0.024885 ,  -0.050827, 0.002007 
  -0.023048 ,  -0.048990, 0.000209 
  -0.021207 ,  -0.046801, -0.001458 
  -0.019363 ,  -0.044270, -0.002821 
  -0.017519 ,  -0.041411, -0.003733 
  -0.015676 ,  -0.038242, -0.004090 
  -0.013834 ,  -0.034781, -0.003844 
  -0.011996 ,  -0.031054, -0.003019 
  -0.010164 ,  -0.027085, -0.001703 
  -0.008338 ,  -0.022904, -0.000051 
  -0.006520 ,  -0.018542, 0.001736 
  -0.004711 ,  -0.014032, 0.003430 
  -0.002913 ,  -0.009410, 0.004800 
  -0.001128 ,  -0.004712, 0.005637 
  0.000643 ,  0.000023, 0.005784 
  0.002400 ,  0.004757, 0.005154 
  0.004140 ,  0.009451, 0.003740 
  0.005862 ,  0.014064, 0.001624 
  0.007566 ,  0.018559, -0.001035 
  0.009249 ,  0.022896, -0.004013 
  0.010911 ,  0.027040, -0.007051 
  0.012550 ,  0.030954, -0.009877 
  0.014165 ,  0.034606, -0.012240 
  0.015755 ,  0.037964, -0.013938 
  0.017319 ,  0.041001, -0.014840 
  0.018856 ,  0.043691, -0.014896 
  0.020365 ,  0.046013, -0.014146 
  0.021844 ,  0.047949, -0.012703 
  0.023294 ,  0.049483, -0.010746 
  0.024712 ,  0.050607, -0.008488 
  0.026098 ,  0.051314, -0.006152 
  0.027452 ,  0.051603, -0.003939 
  0.028772 ,  0.051477, -0.002009 
  0.030058 ,  0.050941, -0.000458 
  0.031308 ,  0.050009, 0.000689 
  0.032523 ,  0.048694, 0.001475 
  0.033702 ,  0.047017, 0.002004 
  0.034843 ,  0.045000, 0.002421 
  0.035947 ,  0.042671, 0.002888 
  0.037013 ,  0.040059, 0.003561 
  0.038041 ,  0.037198, 0.004565 
  0.039030 ,  0.034121, 0.005977 
  0.039979 ,  0.030868, 0.007812 
  0.040889 ,  0.027477, 0.010023 
  0.041759 ,  0.023988, 0.012503 
  0.042590 ,  0.020442, 0.015096 
  0.043380 ,  0.016881, 0.017617 
  0.044130 ,  0.013345, 0.019869 
  0.044839 ,  0.009875, 0.021664 
  0.045508 ,  0.006509, 0.022836 
  0.046137 ,  0.003285, 0.023259 
  0.046725 ,  0.000237, 0.022849 
  0.047273 ,  -0.002603, 0.021570 
  0.047781 ,  -0.005204, 0.019424 
  0.048249 ,  -0.007541, 0.016453 
  0.048677 ,  -0.009591, 0.012722 
  0.049066 ,  -0.011337, 0.008319 
  0.049416 ,  -0.012765, 0.003345 
  0.049727 ,  -0.013863, -0.002089 
  0.050000 ,  -0.014628, -0.007857 
  0.050234 ,  -0.015058, -0.013819 
  0.050432 ,  -0.015157, -0.019811 
  0.050592 ,  -0.014932, -0.025647 
  0.050716 ,  -0.014397, -0.031107 
  0.050804 ,  -0.013568, -0.035947 
  0.050857 ,  -0.012464, -0.039900 
  0.050876 ,  -0.011111, -0.042693 
  0.050861 ,  -0.009535, -0.044062 
  0.050812 ,  -0.007767, -0.043778 
  0.050732 ,  -0.005839, -0.041670 
  0.050620 ,  -0.003786, -0.037653 
  0.050477 ,  -0.001644, -0.031747 
  0.050304 ,  0.000550, -0.024096 
  0.050102 ,  0.002758, -0.014967 
  0.049872 ,  0.004941, -0.004752 
  0.049615 ,  0.007064, 0.006053 
  0.049332 ,  0.009089, 0.016877 
  0.049023 ,  0.010983, 0.027110 
  0.048690 ,  0.012711, 0.036147 
  0.048333 ,  0.014244, 0.043437 
  0.047954 ,  0.015554, 0.048529 
  0.047554 ,  0.016618, 0.051108 
  0.047134 ,  0.017414, 0.051027 
  0.046694 ,  0.017926, 0.048321 
  0.046236 ,  0.018142, 0.043208 
  0.045762 ,  0.018052, 0.036073 
  0.045271 ,  0.017654, 0.027436 
  0.044765 ,  0.016948, 0.017910 
  0.044245 ,  0.015938, 0.008150 
  0.043712 ,  0.014635, -0.001206 
  0.043168 ,  0.013051, -0.009582 
  0.042613 ,  0.011205, -0.016519 
  0.042049 ,  0.009118, -0.021702 
  0.041476 ,  0.006814, -0.024982 
  0.040896 ,  0.004323, -0.026378 
  0.040309 ,  0.001676, -0.026062 
  0.039718 ,  -0.001096, -0.024328 
  0.039122 ,  -0.003956, -0.021552 
  0.038523 ,  -0.006868, -0.018145 
  0.037922 ,  -0.009795, -0.014505 
  0.037320 ,  -0.012699, -0.010975 
  0.036718 ,  -0.015543, -0.007809 
  0.036116 ,  -0.018290, -0.005154 
  0.035517 ,  -0.020904, -0.003050 
  0.034920 ,  -0.023352, -0.001439 
  0.034327 ,  -0.025603, -0.000190 
  0.033739 ,  -0.027628, 0.000860 
  0.033157 ,  -0.029401, 0.001875 
  0.032580 ,  -0.030900, 0.002976 
  0.032011 ,  -0.032108, 0.004221 
  0.031450 ,  -0.033009, 0.005583 
  0.030898 ,  -0.033594, 0.006951 
  0.030356 ,  -0.033857, 0.008147 
  0.029824 ,  -0.033798, 0.008951 
  0.029303 ,  -0.033420, 0.009142 
  0.028793 ,  -0.032730, 0.008541 
  0.028296 ,  -0.031741, 0.007046 
  0.027812 ,  -0.030469, 0.004667 
  0.027342 ,  -0.028936, 0.001535 
  0.026885 ,  -0.027165, -0.002098 
  0.026443 ,  -0.025183, -0.005879 
  0.026016 ,  -0.023021, -0.009398 
  0.025605 ,  -0.020711, -0.012236 
  0.025210 ,  -0.018289, -0.014023 
  0.024830 ,  -0.015790, -0.014490 
  0.024468 ,  -0.013253, -0.013515 
  0.024122 ,  -0.010714, -0.011143 
  0.023793 ,  -0.008211, -0.007594 
  0.023481 ,  -0.005781, -0.003241 
  0.023188 ,  -0.003460, 0.001435 
  0.022911 ,  -0.001281, 0.005901 
  0.022653 ,  0.000724, 0.009645 
  0.022412 ,  0.002525, 0.012239 
  0.022189 ,  0.004098, 0.013402 
  0.021985 ,  0.005420, 0.013037 
  0.021797 ,  0.006473, 0.011245 
  0.021628 ,  0.007242, 0.008319 
  0.021476 ,  0.007720, 0.004696 
  0.021342 ,  0.007899, 0.000906 
  0.021225 ,  0.007781, -0.002505 
  0.021125 ,  0.007370, -0.005051 
  0.021042 ,  0.006674, -0.006371 
  0.020975 ,  0.005708, -0.006282 
  0.020925 ,  0.004490, -0.004802 
  0.020890 ,  0.003042, -0.002149 
  0.020871 ,  0.001391, 0.001297 
  0.020867 ,  -0.000434, 0.005041 
  0.020877 ,  -0.002400, 0.008554 
  0.020902 ,  -0.004471, 0.011344 
  0.020939 ,  -0.006609, 0.013027 
  0.020990 ,  -0.008775, 0.013383 
  0.021054 ,  -0.010928, 0.012383 
  0.021129 ,  -0.013028, 0.010190 
  0.021215 ,  -0.015033, 0.007130 
  0.021312 ,  -0.016903, 0.003638 
  0.021419 ,  -0.018599, 0.000189 
  0.021535 ,  -0.020083, -0.002778 
  0.021659 ,  -0.021321, -0.004929 
  0.021791 ,  -0.022282, -0.006085 
  0.021931 ,  -0.022936, -0.006254 
  0.022076 ,  -0.023258, -0.005620 
  0.022226 ,  -0.023229, -0.004520 
  0.022382 ,  -0.022832, -0.003380 
  0.022541 ,  -0.022057, -0.002644 
  0.022703 ,  -0.020897, -0.002701 
  0.022867 ,  -0.019351, -0.003808 
  0.023032 ,  -0.017424, -0.006044 
  0.023197 ,  -0.015125, -0.009282 
  0.023362 ,  -0.012470, -0.013200 
  0.023526 ,  -0.009478, -0.017315 
  0.023687 ,  -0.006173, -0.021051 
  0.023845 ,  -0.002586, -0.023816 
  0.023999 ,  0.001251, -0.025091 
  0.024148 ,  0.005300, -0.024505 
  0.024290 ,  0.009521, -0.021894 
  0.024427 ,  0.013870, -0.017334 
  0.024555 ,  0.018302, -0.011132 
  0.024675 ,  0.022769, -0.003795 
  0.024785 ,  0.027222, 0.004035 
  0.024885 ,  0.031613, 0.011665 
  0.024974 ,  0.035892, 0.018434 
  0.025050 ,  0.040012, 0.023801 
  0.025114 ,  0.043925, 0.027405 
  0.025164 ,  0.047586, 0.029105 
  0.025199 ,  0.050953, 0.028979 
  0.025219 ,  0.053987, 0.027305 
  0.025222 ,  0.056652, 0.024502 
  0.025209 ,  0.058916, 0.021061 
  0.025177 ,  0.060752, 0.017468 
  0.025128 ,  0.062137, 0.014127 
  0.025059 ,  0.063054, 0.011310 
  0.024970 ,  0.063490, 0.009123 
  0.024860 ,  0.063439, 0.007505 
  0.024729 ,  0.062899, 0.006253 
  0.024576 ,  0.061874, 0.005076 
  0.024401 ,  0.060375, 0.003655 
  0.024203 ,  0.058415, 0.001712 
  0.023980 ,  0.056015, -0.000928 
  0.023734 ,  0.053200, -0.004297 
  0.023463 ,  0.049997, -0.008266 
  0.023167 ,  0.046441, -0.012560 
  0.022845 ,  0.042568, -0.016788 
  0.022498 ,  0.038419, -0.020508 
  0.022123 ,  0.034034, -0.023292 
  0.021723 ,  0.029460, -0.024796 
  0.021295 ,  0.024742, -0.024817 
  0.020840 ,  0.019927, -0.023331 
  0.020357 ,  0.015062, -0.020498 
  0.019847 ,  0.010193, -0.016650 
  0.019308 ,  0.005367, -0.012236 
  0.018742 ,  0.000628, -0.007765 
  0.018148 ,  -0.003982, -0.003726 
  0.017525 ,  -0.008422, -0.000521 
  0.016874 ,  -0.012657, 0.001603 
  0.016195 ,  -0.016652, 0.002579 
  0.015487 ,  -0.020378, 0.002535 
  0.014752 ,  -0.023810, 0.001769 
  0.013989 ,  -0.026926, 0.000699 
  0.013197 ,  -0.029709, -0.000203 
  0.012378 ,  -0.032149, -0.000494 
  0.011532 ,  -0.034236, 0.000172 
  0.010659 ,  -0.035970, 0.001979 
  0.009758 ,  -0.037351, 0.004917 
  0.008832 ,  -0.038387, 0.008772 
  0.007879 ,  -0.039089, 0.013152 
  0.006900 ,  -0.039471, 0.017543 
  0.005896 ,  -0.039553, 0.021374 
  0.004868 ,  -0.039355, 0.024102 
  0.003815 ,  -0.038904, 0.025291 
  0.002738 ,  -0.038226, 0.024678 
  0.001638 ,  -0.037352, 0.022209 
  0.000516 ,  -0.036312, 0.018055 
  -0.000629 ,  -0.035139, 0.012591 
  -0.001794 ,  -0.033865, 0.006346 
  -0.002980 ,  -0.032522, -0.000064 
  -0.004186 ,  -0.031144, -0.006020 
  -0.005411 ,  -0.029760, -0.010974 
  -0.006654 ,  -0.028401, -0.014526 
  -0.007914 ,  -0.027094, -0.016466 
  -0.009191 ,  -0.025865, -0.016795 
  -0.010484 ,  -0.024736, -0.015719 
  -0.011791 ,  -0.023727, -0.013608 
  -0.013112 ,  -0.022854, -0.010942 
  -0.014447 ,  -0.022130, -0.008235 
  -0.015793 ,  -0.021565, -0.005963 
  -0.017150 ,  -0.021162, -0.004495 
  -0.018516 ,  -0.020924, -0.004047 
  -0.019892 ,  -0.020849, -0.004651 
  -0.021276 ,  -0.020929, -0.006157 
  -0.022666 ,  -0.021157, -0.008257 
  -0.024062 ,  -0.021517, -0.010528 
  -0.025463 ,  -0.021995, -0.012499 
  -0.026867 ,  -0.022571, -0.013709 
  -0.028273 ,  -0.023223, -0.013778 
  -0.029681 ,  -0.023927, -0.012453 
  -0.031088 ,  -0.024658, -0.009645 
  -0.032495 ,  -0.025389, -0.005441 
  -0.033899 ,  -0.026091, -0.000100 
  -0.035300 ,  -0.026736, 0.005984 
  -0.036697 ,  -0.027297, 0.012315 
  -0.038087 ,  -0.027745, 0.018356 
  -0.039471 ,  -0.028053, 0.023583 
  -0.040847 ,  -0.028197, 0.027533 
  -0.042213 ,  -0.028152, 0.029853 
  -0.043569 ,  -0.027897, 0.030325 
  -0.044913 ,  -0.027414, 0.028883 
  -0.046245 ,  -0.026687, 0.025615 
  -0.047562 ,  -0.025702, 0.020746 
  -0.048865 ,  -0.024451, 0.014614 
  -0.050151 ,  -0.022929, 0.007640 
  -0.051420 ,  -0.021133, 0.000289 
  -0.052670 ,  -0.019065, -0.006964 
  -0.053901 ,  -0.016731, -0.013671 
  -0.055110 ,  -0.014141, -0.019439 
  -0.056298 ,  -0.011307, -0.023954 
  -0.057463 ,  -0.008247, -0.026999 
  -0.058604 ,  -0.004980, -0.028459 
  -0.059720 ,  -0.001531, -0.028328 
  -0.060810 ,  0.002076, -0.026702 
  -0.061873 ,  0.005812, -0.023766 
  -0.062908 ,  0.009645, -0.019778 
  -0.063914 ,  0.013544, -0.015048 
  -0.064889 ,  0.017475, -0.009912 
  -0.065834 ,  0.021404, -0.004707 
  -0.066747 ,  0.025294, 0.000258 
  -0.067627 ,  0.029112, 0.004720 
  -0.068474 ,  0.032822, 0.008480 
  -0.069286 ,  0.036391, 0.011419 
  -0.070064 ,  0.039786, 0.013496 
  -0.070805 ,  0.042976, 0.014745 
  -0.071510 ,  0.045933, 0.015258 
  -0.072177 ,  0.048629, 0.015172 
  -0.072806 ,  0.051043, 0.014643 
  -0.073397 ,  0.053151, 0.013819 
  -0.073948 ,  0.054938, 0.012828 
  -0.074459 ,  0.056389, 0.011752 
  -0.074930 ,  0.057492, 0.010630 
  -0.075360 ,  0.058241, 0.009451 
  -0.075749 ,  0.058633, 0.008168 
  -0.076096 ,  0.058667, 0.006715 
  -0.076400 ,  0.058346, 0.005024 
  -0.076662 ,  0.057678, 0.003051 
  -0.076880 ,  0.056673, 0.000790 
  -0.077056 ,  0.055343, -0.001709 
  -0.077188 ,  0.053705, -0.004344 
  -0.077276 ,  0.051778, -0.006960 
  -0.077320 ,  0.049582, -0.009368 
  -0.077320 ,  0.047139, -0.011367 
  -0.077276 ,  0.044475, -0.012771 
  -0.077187 ,  0.041615, -0.013433 
  -0.077054 ,  0.038584, -0.013270 
  -0.076877 ,  0.035411, -0.012279 
  -0.076655 ,  0.032122, -0.010538 
  -0.076389 ,  0.028744, -0.008203 
  -0.076078 ,  0.025303, -0.005487 
  -0.075724 ,  0.021826, -0.002641 
  -0.075325 ,  0.018337, 0.000083 
  -0.074883 ,  0.014858, 0.002456 
  -0.074398 ,  0.011412, 0.004302 
  -0.073869 ,  0.008018, 0.005513 
  -0.073298 ,  0.004695, 0.006063 
  -0.072684 ,  0.001457, 0.005999 
  -0.072028 ,  -0.001681, 0.005433 
  -0.071330 ,  -0.004709, 0.004520 
  -0.070591 ,  -0.007616, 0.003429 
  -0.069812 ,  -0.010396, 0.002323 
  -0.068992 ,  -0.013043, 0.001335 
  -0.068132 ,  -0.015556, 0.000552 
  -0.067234 ,  -0.017932, 0.000008 
  -0.066297 ,  -0.020172, -0.000309 
  -0.065322 ,  -0.022278, -0.000452 
  -0.064311 ,  -0.024254, -0.000491 
  -0.063262 ,  -0.026102, -0.000499 
  -0.062179 ,  -0.027830, -0.000536 
  -0.061060 ,  -0.029441, -0.000628 
  -0.059907 ,  -0.030943, -0.000771 
  -0.058721 ,  -0.032340, -0.000925 
  -0.057502 ,  -0.033639, -0.001030 
  -0.056252 ,  -0.034845, -0.001017 
  -0.054972 ,  -0.035963, -0.000825 
  -0.053661 ,  -0.036996, -0.000423 
  -0.052322 ,  -0.037947, 0.000186 
  -0.050955 ,  -0.038818, 0.000951 
  -0.049560 ,  -0.039610, 0.001784 
  -0.048140 ,  -0.040322, 0.002568 
  -0.046696 ,  -0.040951, 0.003174 
  -0.045227 ,  -0.041494, 0.003486 
  -0.043735 ,  -0.041947, 0.003421 
  -0.042222 ,  -0.042303, 0.002947 
  -0.040688 ,  -0.042554, 0.002090 
  -0.039135 ,  -0.042694, 0.000941 
  -0.037563 ,  -0.042712, -0.000360 
  -0.035974 ,  -0.042599, -0.001641 
  -0.034368 ,  -0.042344, -0.002721 
  -0.032748 ,  -0.041938, -0.003444 
  -0.031113 ,  -0.041370, -0.003698 
  -0.029466 ,  -0.040629, -0.003438 
  -0.027807 ,  -0.039707, -0.002696 
  -0.026138 ,  -0.038594, -0.001576 
  -0.024459 ,  -0.037284, -0.000244 
  -0.022772 ,  -0.035769, 0.001100 
  -0.021078 ,  -0.034045, 0.002250 
  -0.019378 ,  -0.032111, 0.003027 
  -0.017674 ,  -0.029964, 0.003306 
  -0.015966 ,  -0.027607, 0.003041 
  -0.014256 ,  -0.025044, 0.002268 
  -0.012544 ,  -0.022282, 0.001104 
  -0.010833 ,  -0.019329, -0.000269 
  -0.009122 ,  -0.016197, -0.001636 
  -0.007414 ,  -0.012902, -0.002776 
  -0.005710 ,  -0.009459, -0.003505 
  -0.004009 ,  -0.005890, -0.003698 
  -0.002315 ,  -0.002215, -0.003316 
  -0.000627 ,  0.001541, -0.002408 
  0.001053 ,  0.005352, -0.001107 
  0.002724 ,  0.009190, 0.000386 
  0.004385 ,  0.013025, 0.001842 
  0.006035 ,  0.016826, 0.003032 
  0.007673 ,  0.020563, 0.003764 
  0.009298 ,  0.024203, 0.003919 
  0.010909 ,  0.027714, 0.003462 
  0.012505 ,  0.031065, 0.002456 
  0.014085 ,  0.034224, 0.001047 
  0.015647 ,  0.037162, -0.000558 
  0.017192 ,  0.039850, -0.002120 
  0.018718 ,  0.042262, -0.003414 
  0.020224 ,  0.044374, -0.004257 
  0.021710 ,  0.046164, -0.004546 
  0.023174 ,  0.047614, -0.004269 
  0.024616 ,  0.048707, -0.003513 
  0.026035 ,  0.049433, -0.002445 
  0.027430 ,  0.049783, -0.001291 
  0.028801 ,  0.049753, -0.000293 
  0.030146 ,  0.049341, 0.000331 
  0.031465 ,  0.048553, 0.000424 
  0.032758 ,  0.047395, -0.000075 
  0.034023 ,  0.045879, -0.001116 
  0.035261 ,  0.044021, -0.002539 
  0.036469 ,  0.041839, -0.004091 
  0.037649 ,  0.039357, -0.005460 
  0.038800 ,  0.036600, -0.006321 
  0.039920 ,  0.033598, -0.006385 
  0.041010 ,  0.030382, -0.005444 
  0.042068 ,  0.026986, -0.003417 
  0.043096 ,  0.023447, -0.000362 
  0.044091 ,  0.019800, 0.003512 
  0.045055 ,  0.016086, 0.007865 
  0.045986 ,  0.012341, 0.012264 
  0.046884 ,  0.008606, 0.016227 
  0.047750 ,  0.004919, 0.019292 
  0.048582 ,  0.001316, 0.021063 
  0.049380 ,  -0.002166, 0.021272 
  0.050145 ,  -0.005493, 0.019810 
  0.050877 ,  -0.008632, 0.016744 
  0.051574 ,  -0.011555, 0.012316 
  0.052238 ,  -0.014236, 0.006911 
  0.052868 ,  -0.016652, 0.001017 
  0.053463 ,  -0.018783, -0.004833 
  0.054025 ,  -0.020614, -0.010129 
  0.054553 ,  -0.022133, -0.014436 
  0.055046 ,  -0.023335, -0.017450 
  0.055507 ,  -0.024214, -0.019025 
  0.055933 ,  -0.024773, -0.019186 
  0.056326 ,  -0.025017, -0.018121 
  0.056686 ,  -0.024956, -0.016145 
  0.057012 ,  -0.024601, -0.013655 
  0.057306 ,  -0.023971, -0.011071 
  0.057567 ,  -0.023085, -0.008778 
  0.057796 ,  -0.021967, -0.007070 
  0.057993 ,  -0.020642, -0.006109 
  0.058158 ,  -0.019139, -0.005904 
  0.058292 ,  -0.017488, -0.006310 
  0.058395 ,  -0.015721, -0.007048 
  0.058468 ,  -0.013869, -0.007746 
  0.058511 ,  -0.011966, -0.007993 
  0.058524 ,  -0.010045, -0.007403 
  0.058508 ,  -0.008139, -0.005675 
  0.058463 ,  -0.006278, -0.002645 
  0.058390 ,  -0.004494, 0.001677 
  0.058290 ,  -0.002813, 0.007093 
  0.058163 ,  -0.001264, 0.013224 
  0.058009 ,  0.000132, 0.019547 
  0.057830 ,  0.001353, 0.025444 
  0.057626 ,  0.002382, 0.030271 
  0.057396 ,  0.003206, 0.033435 
  0.057143 ,  0.003813, 0.034465 
  0.056867 ,  0.004197, 0.033073 
  0.056569 ,  0.004355, 0.029197 
  0.056248 ,  0.004289, 0.023021 
  0.055906 ,  0.004003, 0.014961 
  0.055544 ,  0.003506, 0.005634 
  0.055162 ,  0.002808, -0.004206 
  0.054761 ,  0.001927, -0.013743 
  0.054341 ,  0.000878, -0.022184 
  0.053904 ,  -0.000315, -0.028841 
  0.053451 ,  -0.001631, -0.033206 
  0.052981 ,  -0.003044, -0.034998 
  0.052496 ,  -0.004526, -0.034194 
  0.051997 ,  -0.006051, -0.031017 
  0.051484 ,  -0.007590, -0.025912 
  0.050957 ,  -0.009113, -0.019484 
  0.050419 ,  -0.010592, -0.012422 
  0.049869 ,  -0.011999, -0.005423 
  0.049309 ,  -0.013307, 0.000894 
  0.048739 ,  -0.014491, 0.006053 
  0.048160 ,  -0.015528, 0.009765 
  0.047572 ,  -0.016396, 0.011953 
  0.046977 ,  -0.017077, 0.012742 
  0.046375 ,  -0.017557, 0.012424 
  0.045767 ,  -0.017822, 0.011399 
  0.045154 ,  -0.017863, 0.010111 
  0.044536 ,  -0.017677, 0.008976 
  0.043915 ,  -0.017261, 0.008310 
  0.043290 ,  -0.016617, 0.008289 
  0.042663 ,  -0.015751, 0.008920 
  0.042034 ,  -0.014673, 0.010043 
  0.041405 ,  -0.013395, 0.011359 
  0.040775 ,  -0.011933, 0.012482 
  0.040145 ,  -0.010306, 0.013000 
  0.039517 ,  -0.008536, 0.012550 
  0.038890 ,  -0.006648, 0.010880 
  0.038266 ,  -0.004667, 0.007895 
  0.037644 ,  -0.002621, 0.003690 
  0.037026 ,  -0.000538, -0.001456 
  0.036412 ,  0.001550, -0.007108 
  0.035803 ,  0.003615, -0.012724 
  0.035199 ,  0.005626, -0.017726 
  0.034601 ,  0.007555, -0.021576 
  0.034008 ,  0.009373, -0.023847 
  0.033423 ,  0.011054, -0.024282 
  0.032845 ,  0.012573, -0.022829 
  0.032274 ,  0.013908, -0.019648 
  0.031712 ,  0.015039, -0.015092 
  0.031158 ,  0.015951, -0.009659 
  0.030612 ,  0.016630, -0.003926 
  0.030076 ,  0.017066, 0.001524 
  0.029550 ,  0.017254, 0.006181 
  0.029033 ,  0.017191, 0.009665 
  0.028526 ,  0.016879, 0.011773 
  0.028030 ,  0.016324, 0.012495 
  0.027545 ,  0.015536, 0.011999 
  0.027070 ,  0.014527, 0.010601 
  0.026606 ,  0.013314, 0.008704 
  0.026154 ,  0.011917, 0.006734 
  0.025712 ,  0.010360, 0.005074 
  0.025283 ,  0.008667, 0.004003 
  0.024864 ,  0.006867, 0.003664 
  0.024458 ,  0.004990, 0.004042 
  0.024063 ,  0.003068, 0.004977 
  0.023679 ,  0.001131, 0.006199 
  0.023308 ,  -0.000785, 0.007373 
  0.022948 ,  -0.002649, 0.008165 
  0.022599 ,  -0.004428, 0.008294 
  0.022262 ,  -0.006090, 0.007589 
  0.021937 ,  -0.007605, 0.006011 
  0.021622 ,  -0.008945, 0.003672 
  0.021319 ,  -0.010084, 0.000811 
  0.021027 ,  -0.010998, -0.002237 
  0.020745 ,  -0.011667, -0.005093 
  0.020474 ,  -0.012075, -0.007393 
  0.020213 ,  -0.012208, -0.008849 
  0.019962 ,  -0.012058, -0.009287 
  0.019721 ,  -0.011619, -0.008684 
  0.019489 ,  -0.010891, -0.007164 
  0.019266 ,  -0.009877, -0.004991 
  0.019052 ,  -0.008585, -0.002521 
  0.018846 ,  -0.007027, -0.000155 
  0.018648 ,  -0.005219, 0.001720 
  0.018458 ,  -0.003180, 0.002792 
  0.018274 ,  -0.000934, 0.002865 
  0.018097 ,  0.001491, 0.001892 
  0.017927 ,  0.004067, -0.000021 
  0.017761 ,  0.006761, -0.002628 
  0.017602 ,  0.009537, -0.005581 
  0.017446 ,  0.012361, -0.008474 
  0.017295 ,  0.015195, -0.010905 
  0.017147 ,  0.018000, -0.012524 
  0.017003 ,  0.020738, -0.013084 
  0.016861 ,  0.023371, -0.012466 
  0.016720 ,  0.025863, -0.010695 
  0.016581 ,  0.028176, -0.007929 
  0.016443 ,  0.030278, -0.004435 
  0.016305 ,  0.032138, -0.000552 
  0.016166 ,  0.033725, 0.003355 
  0.016026 ,  0.035015, 0.006940 
  0.015884 ,  0.035985, 0.009911 
  0.015740 ,  0.036618, 0.012063 
  0.015593 ,  0.036899, 0.013287 
  0.015442 ,  0.036818, 0.013574 
  0.015287 ,  0.036370, 0.013000 
  0.015126 ,  0.035555, 0.011708 
  0.014961 ,  0.034375, 0.009882 
  0.014789 ,  0.032839, 0.007720 
  0.014610 ,  0.030960, 0.005417 
  0.014423 ,  0.028754, 0.003146 
  0.014228 ,  0.026242, 0.001051 
  0.014025 ,  0.023449, -0.000754 
  0.013812 ,  0.020402, -0.002181 
  0.013589 ,  0.017132, -0.003168 
  0.013356 ,  0.013673, -0.003670 
  0.013111 ,  0.010061, -0.003663 
  0.012855 ,  0.006333, -0.003143 
  0.012586 ,  0.002528, -0.002136 
  0.012304 ,  -0.001315, -0.000705 
  0.012009 ,  -0.005157, 0.001041 
  0.011699 ,  -0.008958, 0.002948 
  0.011375 ,  -0.012680, 0.004814 
  0.011036 ,  -0.016287, 0.006409 
  0.010682 ,  -0.019742, 0.007488 
  0.010311 ,  -0.023012, 0.007827 
  0.009924 ,  -0.026069, 0.007249 
  0.009520 ,  -0.028883, 0.005660 
  0.009098 ,  -0.031431, 0.003070 
  0.008659 ,  -0.033694, -0.000386 
  0.008202 ,  -0.035653, -0.004456 
  0.007726 ,  -0.037297, -0.008784 
  0.007231 ,  -0.038617, -0.012945 
  0.006717 ,  -0.039609, -0.016491 
  0.006184 ,  -0.040272, -0.019004 
  0.005631 ,  -0.040610, -0.020151 
  0.005058 ,  -0.040632, -0.019730 
  0.004465 ,  -0.040349, -0.017705 
  0.003851 ,  -0.039775, -0.014213 
  0.003217 ,  -0.038929, -0.009559 
  0.002563 ,  -0.037833, -0.004183 
  0.001888 ,  -0.036510, 0.001394 
  0.001192 ,  -0.034986, 0.006628 
  0.000475 ,  -0.033289, 0.011019 
  -0.000262 ,  -0.031448, 0.014174 
  -0.001021 ,  -0.029494, 0.015850 
  -0.001800 ,  -0.027456, 0.015980 
  -0.002600 ,  -0.025365, 0.014679 
  -0.003420 ,  -0.023250, 0.012217 
  -0.004261 ,  -0.021142, 0.008979 
  -0.005122 ,  -0.019066, 0.005409 
  -0.006003 ,  -0.017050, 0.001945 
  -0.006904 ,  -0.015117, -0.001040 
  -0.007824 ,  -0.013288, -0.003281 
  -0.008764 ,  -0.011582, -0.004653 
  -0.009723 ,  -0.010015, -0.005175 
  -0.010700 ,  -0.008599, -0.004994 
  -0.011695 ,  -0.007343, -0.004345 
  -0.012708 ,  -0.006253, -0.003507 
  -0.013738 ,  -0.005332, -0.002747 
  -0.014785 ,  -0.004579, -0.002269 
  -0.015849 ,  -0.003989, -0.002178 
  -0.016928 ,  -0.003556, -0.002461 
  -0.018022 ,  -0.003269, -0.002990 
  -0.019131 ,  -0.003115, -0.003541 
  -0.020254 ,  -0.003078, -0.003839 
  -0.021389 ,  -0.003140, -0.003607 
  -0.022538 ,  -0.003282, -0.002617 
  -0.023698 ,  -0.003482, -0.000738 
  -0.024870 ,  -0.003718, 0.002029 
  -0.026051 ,  -0.003966, 0.005543 
  -0.027242 ,  -0.004204, 0.009523 
  -0.028442 ,  -0.004407, 0.013587 
  -0.029650 ,  -0.004553, 0.017288 
  -0.030865 ,  -0.004619, 0.020175 
  -0.032085 ,  -0.004585, 0.021852 
  -0.033311 ,  -0.004431, 0.022027 
  -0.034541 ,  -0.004141, 0.020549 
  -0.035774 ,  -0.003698, 0.017431 
  -0.037010 ,  -0.003092, 0.012846 
  -0.038247 ,  -0.002311, 0.007108 
  -0.039484 ,  -0.001350, 0.000633 
  -0.040720 ,  -0.000205, -0.006110 
  -0.041955 ,  0.001124, -0.012647 
  -0.043187 ,  0.002635, -0.018550 
  -0.044415 ,  0.004322, -0.023473 
  -0.045637 ,  0.006174, -0.027175 
  -0.046854 ,  0.008180, -0.029530 
  -0.048063 ,  0.010325, -0.030517 
  -0.049264 ,  0.012590, -0.030207 
  -0.050456 ,  0.014954, -0.028730 
  -0.051637 ,  0.017396, -0.026252 
  -0.052806 ,  0.019890, -0.022948 
  -0.053963 ,  0.022410, -0.018985 
  -0.055105 ,  0.024928, -0.014515 
  -0.056233 ,  0.027418, -0.009671 
  -0.057344 ,  0.029848, -0.004579 
  -0.058438 ,  0.032192, 0.000635 
  -0.059513 ,  0.034421, 0.005828 
  -0.060569 ,  0.036507, 0.010837 
  -0.061604 ,  0.038423, 0.015476 
  -0.062617 ,  0.040145, 0.019545 
  -0.063607 ,  0.041651, 0.022844 
  -0.064573 ,  0.042918, 0.025194 
  -0.065514 ,  0.043929, 0.026461 
  -0.066429 ,  0.044668, 0.026581 
  -0.067316 ,  0.045123, 0.025567 
  -0.068175 ,  0.045285, 0.023522 
  -0.069005 ,  0.045146, 0.020631 
  -0.069805 ,  0.044704, 0.017138 
  -0.070573 ,  0.043961, 0.013328 
  -0.071309 ,  0.042918, 0.009487 
  -0.072011 ,  0.041585, 0.005871 
  -0.072680 ,  0.039971, 0.002678 
  -0.073313 ,  0.038089, 0.000026 
  -0.073910 ,  0.035957, -0.002054 
  -0.074471 ,  0.033593, -0.003610 
  -0.074994 ,  0.031018, -0.004756 
  -0.075478 ,  0.028256, -0.005641 
  -0.075924 ,  0.025333, -0.006416 
  -0.076329 ,  0.022273, -0.007209 
  -0.076694 ,  0.019107, -0.008093 
  -0.077017 ,  0.015861, -0.009077 
  -0.077299 ,  0.012565, -0.010101 
  -0.077538 ,  0.009247, -0.011049 
  -0.077734 ,  0.005936, -0.011774 
  -0.077887 ,  0.002660, -0.012123 
  -0.077995 ,  -0.000557, -0.011974 
  -0.078059 ,  -0.003687, -0.011260 
  -0.078077 ,  -0.006709, -0.009990 
  -0.078051 ,  -0.009601, -0.008254 
  -0.077978 ,  -0.012343, -0.006215 
  -0.077860 ,  -0.014919, -0.004089 
  -0.077696 ,  -0.017315, -0.002112 
  -0.077485 ,  -0.019519, -0.000505 
  -0.077227 ,  -0.021523, 0.000563 
  -0.076923 ,  -0.023320, 0.001000 
  -0.076572 ,  -0.024908, 0.000811 
  -0.076174 ,  -0.026285, 0.000096 
  -0.075729 ,  -0.027455, -0.000962 
  -0.075237 ,  -0.028421, -0.002127 
  -0.074699 ,  -0.029191, -0.003145 
  -0.074114 ,  -0.029774, -0.003785 
  -0.073482 ,  -0.030180, -0.003874 
  -0.072804 ,  -0.030423, -0.003328 
  -0.072081 ,  -0.030516, -0.002163 
  -0.071312 ,  -0.030475, -0.000493 
  -0.070497 ,  -0.030316, 0.001490 
  -0.069638 ,  -0.030054, 0.003545 
  -0.068734 ,  -0.029706, 0.005420 
  -0.067786 ,  -0.029290, 0.006898 
  -0.066795 ,  -0.028820, 0.007825 
  -0.065761 ,  -0.028313, 0.008139 
  -0.064685 ,  -0.027783, 0.007875 
  -0.063567 ,  -0.027242, 0.007158 
  -0.062408 ,  -0.026703, 0.006182 
  -0.061210 ,  -0.026177, 0.005172 
  -0.059971 ,  -0.025670, 0.004346 
  -0.058695 ,  -0.025190, 0.003874 
  -0.057380 ,  -0.024741, 0.003854 
  -0.056029 ,  -0.024327, 0.004285 
  -0.054642 ,  -0.023946, 0.005074 
  -0.053220 ,  -0.023599, 0.006047 
  -0.051764 ,  -0.023281, 0.006981 
  -0.050275 ,  -0.022987, 0.007640 
  -0.048754 ,  -0.022711, 0.007817 
  -0.047203 ,  -0.022442, 0.007373 
  -0.045622 ,  -0.022173, 0.006258 
  -0.044012 ,  -0.021891, 0.004526 
  -0.042376 ,  -0.021585, 0.002326 
  -0.040713 ,  -0.021242, -0.000120 
  -0.039025 ,  -0.020850, -0.002554 
  -0.037314 ,  -0.020394, -0.004722 
  -0.035581 ,  -0.019863, -0.006417 
  -0.033826 ,  -0.019244, -0.007511 
  -0.032052 ,  -0.018525, -0.007977 
  -0.030260 ,  -0.017696, -0.007891 
  -0.028451 ,  -0.016747, -0.007416 
  -0.026626 ,  -0.015671, -0.006775 
  -0.024787 ,  -0.014461, -0.006206 
  -0.022935 ,  -0.013114, -0.005917 
  -0.021072 ,  -0.011626, -0.006051 
  -0.019199 ,  -0.009999, -0.006651 
  -0.017318 ,  -0.008234, -0.007649 
  -0.015430 ,  -0.006337, -0.008877 
  -0.013536 ,  -0.004313, -0.010085 
  -0.011638 ,  -0.002173, -0.010988 
  -0.009737 ,  0.000072, -0.011310 
  -0.007835 ,  0.002409, -0.010837 
  -0.005934 ,  0.004821, -0.009452 
  -0.004034 ,  0.007291, -0.007169 
  -0.002137 ,  0.009799, -0.004133 
  -0.000245 ,  0.012326, -0.000605 
  0.001641 ,  0.014848, 0.003069 
  0.003520 ,  0.017343, 0.006512 
  0.005390 ,  0.019788, 0.009368 
  0.007249 ,  0.022159, 0.011358 
  0.009097 ,  0.024432, 0.012322 
  0.010931 ,  0.026584, 0.012239 
  0.012752 ,  0.028592, 0.011236 
  0.014556 ,  0.030434, 0.009557 
  0.016344 ,  0.032089, 0.007530 
  0.018113 ,  0.033539, 0.005508 
  0.019862 ,  0.034766, 0.003810 
  0.021591 ,  0.035756, 0.002670 
  0.023297 ,  0.036496, 0.002196 
  0.024980 ,  0.036976, 0.002355 
  0.026639 ,  0.037188, 0.002979 
  0.028272 ,  0.037128, 0.003795 
  0.029878 ,  0.036793, 0.004478 
  0.031456 ,  0.036186, 0.004715 
  0.033006 ,  0.035311, 0.004259 
  0.034526 ,  0.034175, 0.002990 
  0.036014 ,  0.032788, 0.000946 
  0.037471 ,  0.031162, -0.001674 
  0.038895 ,  0.029314, -0.004527 
  0.040286 ,  0.027262, -0.007173 
  0.041642 ,  0.025026, -0.009144 
  0.042963 ,  0.022629, -0.010019 
  0.044248 ,  0.020093, -0.009501 
  0.045496 ,  0.017446, -0.007470 
  0.046707 ,  0.014714, -0.004026 
  0.047880 ,  0.011924, 0.000516 
  0.049015 ,  0.009105, 0.005648 
  0.050110 ,  0.006285, 0.010737 
  0.051166 ,  0.003491, 0.015104 
  0.052182 ,  0.000752, 0.018119 
  0.053158 ,  -0.001906, 0.019292 
  0.054092 ,  -0.004457, 0.018346 
  0.054986 ,  -0.006878, 0.015266 
  0.055838 ,  -0.009145, 0.010303 
  0.056649 ,  -0.011240, 0.003952 
  0.057418 ,  -0.013143, -0.003116 
  0.058145 ,  -0.014840, -0.010138 
  0.058830 ,  -0.016317, -0.016368 
  0.059474 ,  -0.017564, -0.021170 
  0.060075 ,  -0.018574, -0.024112 
  0.060634 ,  -0.019342, -0.025013 
  0.061151 ,  -0.019867, -0.023967 
  0.061627 ,  -0.020150, -0.021320 
  0.062061 ,  -0.020195, -0.017610 
  0.062454 ,  -0.020008, -0.013480 
  0.062806 ,  -0.019600, -0.009578 
  0.063118 ,  -0.018982, -0.006452 
  0.063389 ,  -0.018168, -0.004467 
  0.063620 ,  -0.017175, -0.003744 
  0.063811 ,  -0.016020, -0.004149 
  0.063964 ,  -0.014724, -0.005304 
  0.064077 ,  -0.013306, -0.006660 
  0.064153 ,  -0.011788, -0.007579 
  0.064192 ,  -0.010193, -0.007442 
  0.064194 ,  -0.008544, -0.005758 
  0.064160 ,  -0.006864, -0.002252 
  0.064090 ,  -0.005174, 0.003075 
  0.063986 ,  -0.003498, 0.009926 
  0.063848 ,  -0.001857, 0.017731 
  0.063676 ,  -0.000270, 0.025712 
  0.063473 ,  0.001242, 0.032984 
  0.063238 ,  0.002663, 0.038666 
  0.062972 ,  0.003976, 0.042007 
  0.062676 ,  0.005168, 0.042484 
  0.062352 ,  0.006225, 0.039886 
  0.062000 ,  0.007139, 0.034343 
  0.061621 ,  0.007902, 0.026317 
  0.061216 ,  0.008507, 0.016552 
  0.060787 ,  0.008951, 0.005979 
  0.060333 ,  0.009232, -0.004402 
  0.059857 ,  0.009353, -0.013640 
  0.059358 ,  0.009314, -0.020953 
  0.058839 ,  0.009122, -0.025820 
  0.058300 ,  0.008783, -0.028032 
  0.057743 ,  0.008306, -0.027706 
  0.057168 ,  0.007699, -0.025254 
  0.056576 ,  0.006974, -0.021311 
  0.055969 ,  0.006143, -0.016637 
  0.055348 ,  0.005220, -0.012008 
  0.054713 ,  0.004219, -0.008103 
  0.054066 ,  0.003153, -0.005419 
  0.053409 ,  0.002037, -0.004205 
  0.052741 ,  0.000886, -0.004443 
  0.052064 ,  -0.000285, -0.005865 
  0.051379 ,  -0.001462, -0.008004 
  0.050688 ,  -0.002632, -0.010278 
  0.049991 ,  -0.003782, -0.012084 
  0.049289 ,  -0.004900, -0.012898 
  0.048583 ,  -0.005973, -0.012354 
  0.047875 ,  -0.006993, -0.010303 
  0.047165 ,  -0.007951, -0.006841 
  0.046454 ,  -0.008838, -0.002291 
  0.045743 ,  -0.009648, 0.002839 
  0.045033 ,  -0.010377, 0.007930 
  0.044325 ,  -0.011020, 0.012343 
  0.043621 ,  -0.011574, 0.015511 
  0.042919 ,  -0.012039, 0.017017 
  0.042223 ,  -0.012415, 0.016662 
  0.041532 ,  -0.012701, 0.014490 
  0.040847 ,  -0.012900, 0.010783 
  0.040169 ,  -0.013016, 0.006031 
  0.039498 ,  -0.013050, 0.000859 
  0.038836 ,  -0.013008, -0.004051 
  0.038182 ,  -0.012895, -0.008049 
  0.037538 ,  -0.012715, -0.010607 
  0.036905 ,  -0.012473, -0.011380 
  0.036282 ,  -0.012176, -0.010254 
  0.035670 ,  -0.011828, -0.007355 
  0.035070 ,  -0.011434, -0.003029 
  0.034482 ,  -0.011000, 0.002207 
  0.033906 ,  -0.010531, 0.007731 
  0.033343 ,  -0.010030, 0.012901 
  0.032794 ,  -0.009501, 0.017131 
  0.032258 ,  -0.008948, 0.019965 
  0.031736 ,  -0.008373, 0.021128 
  0.031227 ,  -0.007777, 0.020552 
  0.030733 ,  -0.007163, 0.018373 
  0.030254 ,  -0.006531, 0.014908 
  0.029788 ,  -0.005880, 0.010600 
  0.029337 ,  -0.005211, 0.005958 
  0.028901 ,  -0.004523, 0.001487 
  0.028478 ,  -0.003815, -0.002379 
  0.028071 ,  -0.003084, -0.005324 
  0.027677 ,  -0.002330, -0.007188 
  0.027298 ,  -0.001550, -0.007976 
  0.026932 ,  -0.000742, -0.007845 
  0.026581 ,  0.000095, -0.007072 
  0.026243 ,  0.000962, -0.006009 
  0.025918 ,  0.001862, -0.005022 
  0.025606 ,  0.002794, -0.004440 
  0.025306 ,  0.003759, -0.004508 
  0.025019 ,  0.004756, -0.005347 
  0.024743 ,  0.005784, -0.006945 
  0.024479 ,  0.006841, -0.009154 
  0.024225 ,  0.007924, -0.011717 
  0.023982 ,  0.009029, -0.014301 
  0.023748 ,  0.010151, -0.016546 
  0.023524 ,  0.011284, -0.018112 
  0.023308 ,  0.012422, -0.018726 
  0.023100 ,  0.013557, -0.018217 
  0.022899 ,  0.014681, -0.016541 
  0.022704 ,  0.015785, -0.013782 
  0.022516 ,  0.016858, -0.010142 
  0.022333 ,  0.017890, -0.005918 
  0.022154 ,  0.018870, -0.001459 
  0.021979 ,  0.019787, 0.002870 
  0.021806 ,  0.020630, 0.006736 
  0.021636 ,  0.021386, 0.009874 
  0.021467 ,  0.022045, 0.012112 
  0.021298 ,  0.022596, 0.013388 
  0.021129 ,  0.023028, 0.013750 
  0.020958 ,  0.023330, 0.013339 
  0.020786 ,  0.023495, 0.012369 
  0.020610 ,  0.023514, 0.011090 
  0.020431 ,  0.023379, 0.009755 
  0.020247 ,  0.023086, 0.008591 
  0.020057 ,  0.022630, 0.007763 
  0.019861 ,  0.022008, 0.007364 
  0.019657 ,  0.021219, 0.007406 
  0.019446 ,  0.020263, 0.007822 
  0.019225 ,  0.019144, 0.008485 
  0.018994 ,  0.017865, 0.009225 
  0.018753 ,  0.016432, 0.009857 
  0.018500 ,  0.014853, 0.010207 
  0.018234 ,  0.013138, 0.010134 
  0.017955 ,  0.011296, 0.009545 
  0.017662 ,  0.009342, 0.008407 
  0.017355 ,  0.007289, 0.006745 
  0.017032 ,  0.005153, 0.004640 
  0.016692 ,  0.002950, 0.002209 
  0.016335 ,  0.000698, -0.000406 
  0.015961 ,  -0.001584, -0.003054 
  0.015568 ,  -0.003877, -0.005596 
  0.015156 ,  -0.006161, -0.007911 
  0.014724 ,  -0.008418, -0.009907 
  0.014272 ,  -0.010627, -0.011524 
  0.013799 ,  -0.012769, -0.012730 
  0.013304 ,  -0.014825, -0.013518 
  0.012788 ,  -0.016777, -0.013900 
  0.012248 ,  -0.018607, -0.013900 
  0.011687 ,  -0.020301, -0.013548 
  0.011101 ,  -0.021843, -0.012883 
  0.010492 ,  -0.023219, -0.011944 
  0.009859 ,  -0.024420, -0.010777 
  0.009202 ,  -0.025435, -0.009437 
  0.008520 ,  -0.026257, -0.007985 
  0.007813 ,  -0.026880, -0.006490 
  0.007081 ,  -0.027302, -0.005025 
  0.006324 ,  -0.027520, -0.003660 
  0.005542 ,  -0.027536, -0.002454 
  0.004734 ,  -0.027354, -0.001443 
  0.003902 ,  -0.026978, -0.000636 
  0.003043 ,  -0.026415, -0.000003 
  0.002160 ,  -0.025676, 0.000519 
  0.001252 ,  -0.024772, 0.001026 
  0.000318 ,  -0.023714, 0.001634 
  -0.000640 ,  -0.022518, 0.002458 
  -0.001623 ,  -0.021200, 0.003596 
  -0.002630 ,  -0.019775, 0.005102 
  -0.003660 ,  -0.018262, 0.006970 
  -0.004715 ,  -0.016680, 0.009121 
  -0.005792 ,  -0.015046, 0.011399 
  -0.006892 ,  -0.013381, 0.013582 
  -0.008013 ,  -0.011702, 0.015399 
  -0.009157 ,  -0.010029, 0.016567 
  -0.010321 ,  -0.008380, 0.016823 
  -0.011506 ,  -0.006771, 0.015972 
  -0.012710 ,  -0.005220, 0.013918 
  -0.013932 ,  -0.003742, 0.010693 
  -0.015173 ,  -0.002349, 0.006474 
  -0.016431 ,  -0.001055, 0.001573 
  -0.017706 ,  0.000130, -0.003582 
  -0.018996 ,  0.001197, -0.008490 
  -0.020300 ,  0.002140, -0.012636 
  -0.021619 ,  0.002954, -0.015545 
  -0.022949 ,  0.003636, -0.016851 
  -0.024292 ,  0.004185, -0.016343 
  -0.025644 ,  0.004602, -0.014007 
  -0.027006 ,  0.004892, -0.010031 
  -0.028377 ,  0.005058, -0.004798 
  -0.029754 ,  0.005109, 0.001152 
  -0.031137 ,  0.005052, 0.007184 
  -0.032525 ,  0.004899, 0.012637 
  -0.033917 ,  0.004660, 0.016907 
  -0.035310 ,  0.004349, 0.019515 
  -0.036704 ,  0.003980, 0.020169 
  -0.038098 ,  0.003567, 0.018799 
  -0.039490 ,  0.003127, 0.015560 
  -0.040879 ,  0.002674, 0.010818 
  -0.042264 ,  0.002224, 0.005092 
  -0.043642 ,  0.001794, -0.001008 
  -0.045013 ,  0.001398, -0.006865 
  -0.046376 ,  0.001053, -0.011933 
  -0.047728 ,  0.000771, -0.015802 
  -0.049069 ,  0.000566, -0.018254 
  -0.050397 ,  0.000450, -0.019272 
  -0.051710 ,  0.000434, -0.019039 
  -0.053008 ,  0.000527, -0.017892 
  -0.054288 ,  0.000737, -0.016263 
  -0.055549 ,  0.001068, -0.014604 
  -0.056791 ,  0.001526, -0.013307 
  -0.058011 ,  0.002113, -0.012638 
  -0.059208 ,  0.002827, -0.012689 
  -0.060380 ,  0.003669, -0.013355 
  -0.061527 ,  0.004633, -0.014347 
  -0.062646 ,  0.005714, -0.015235 
  -0.063737 ,  0.006905, -0.015511 
  -0.064799 ,  0.008195, -0.014675 
  -0.065829 ,  0.009576, -0.012316 
  -0.066826 ,  0.011033, -0.008194 
  -0.067790 ,  0.012552, -0.002291 
  -0.068719 ,  0.014119, 0.005161 
  -0.069611 ,  0.015718, 0.013686 
  -0.070466 ,  0.017331, 0.022609 
  -0.071283 ,  0.018941, 0.031128 
  -0.072059 ,  0.020529, 0.038408 
  -0.072795 ,  0.022078, 0.043680 
  -0.073488 ,  0.023568, 0.046337 
  -0.074139 ,  0.024982, 0.046016 
  -0.074746 ,  0.026302, 0.042643 
  -0.075307 ,  0.027510, 0.036452 
  -0.075823 ,  0.028590, 0.027955 
  -0.076292 ,  0.029528, 0.017892 
  -0.076713 ,  0.030307, 0.007142 
  -0.077086 ,  0.030916, -0.003376 
  -0.077410 ,  0.031343, -0.012804 
  -0.077684 ,  0.031579, -0.020439 
  -0.077907 ,  0.031614, -0.025802 
  -0.078079 ,  0.031443, -0.028682 
  -0.078200 ,  0.031061, -0.029135 
  -0.078268 ,  0.030466, -0.027466 
  -0.078284 ,  0.029655, -0.024166 
  -0.078247 ,  0.028632, -0.019844 
  -0.078157 ,  0.027397, -0.015140 
  -0.078012 ,  0.025958, -0.010645 
  -0.077814 ,  0.024320, -0.006832 
  -0.077562 ,  0.022491, -0.004016 
  -0.077256 ,  0.020482, -0.002324 
  -0.076896 ,  0.018304, -0.001709 
  -0.076481 ,  0.015970, -0.001976 
  -0.076012 ,  0.013496, -0.002827 
  -0.075489 ,  0.010895, -0.003922 
  -0.074913 ,  0.008185, -0.004930 
  -0.074282 ,  0.005382, -0.005581 
  -0.073598 ,  0.002506, -0.005698 
  -0.072861 ,  -0.000425, -0.005215 
  -0.072072 ,  -0.003393, -0.004175 
  -0.071230 ,  -0.006379, -0.002708 
  -0.070336 ,  -0.009362, -0.001007 
  -0.069392 ,  -0.012324, 0.000718 
  -0.068396 ,  -0.015247, 0.002267 
  -0.067351 ,  -0.018110, 0.003487 
  -0.066257 ,  -0.020897, 0.004288 
  -0.065114 ,  -0.023591, 0.004653 
  -0.063924 ,  -0.026173, 0.004632 
  -0.062687 ,  -0.028630, 0.004325 
  -0.061404 ,  -0.030946, 0.003861 
  -0.060077 ,  -0.033107, 0.003377 
  -0.058706 ,  -0.035101, 0.002992 
  -0.057293 ,  -0.036916, 0.002791 
  -0.055837 ,  -0.038543, 0.002820 
  -0.054342 ,  -0.039973, 0.003083 
  -0.052808 ,  -0.041197, 0.003550 
  -0.051235 ,  -0.042211, 0.004171 
  -0.049626 ,  -0.043009, 0.004887 
  -0.047982 ,  -0.043587, 0.005642 
  -0.046304 ,  -0.043944, 0.006391 
  -0.044594 ,  -0.044079, 0.007103 
  -0.042853 ,  -0.043993, 0.007756 
  -0.041083 ,  -0.043687, 0.008329 
  -0.039284 ,  -0.043165, 0.008792 
  -0.037459 ,  -0.042430, 0.009099 
  -0.035610 ,  -0.041489, 0.009179 
  -0.033737 ,  -0.040348, 0.008945 
  -0.031842 ,  -0.039015, 0.008296 
  -0.029928 ,  -0.037498, 0.007140 
  -0.027996 ,  -0.035808, 0.005409 
  -0.026047 ,  -0.033954, 0.003087 
  -0.024083 ,  -0.031949, 0.000221 
  -0.022106 ,  -0.029804, -0.003063 
  -0.020118 ,  -0.027532, -0.006560 
  -0.018120 ,  -0.025147, -0.010000 
  -0.016114 ,  -0.022663, -0.013074 
  -0.014103 ,  -0.020095, -0.015465 
  -0.012087 ,  -0.017457, -0.016891 
  -0.010068 ,  -0.014765, -0.017147 
  -0.008049 ,  -0.012034, -0.016134 
  -0.006031 ,  -0.009279, -0.013891 
  -0.004016 ,  -0.006518, -0.010589 
  -0.002005 ,  -0.003764, -0.006531 
  -0.000001 ,  -0.001034, -0.002114 
  0.001995 ,  0.001656, 0.002208 
  0.003981 ,  0.004293, 0.005986 
  0.005956 ,  0.006860, 0.008821 
  0.007917 ,  0.009344, 0.010423 
  0.009863 ,  0.011732, 0.010638 
  0.011793 ,  0.014009, 0.009474 
  0.013704 ,  0.016164, 0.007097 
  0.015595 ,  0.018186, 0.003803 
  0.017464 ,  0.020064, -0.000015 
  0.019310 ,  0.021788, -0.003923 
  0.021132 ,  0.023350, -0.007503 
  0.022927 ,  0.024742, -0.010400 
  0.024694 ,  0.025960, -0.012368 
  0.026432 ,  0.026998, -0.013287 
  0.028139 ,  0.027852, -0.013174 
  0.029814 ,  0.028520, -0.012159 
  0.031456 ,  0.029003, -0.010458 
  0.033063 ,  0.029301, -0.008326 
  0.034634 ,  0.029415, -0.006013 
  0.036167 ,  0.029350, -0.003723 
  0.037662 ,  0.029111, -0.001581 
  0.039117 ,  0.028705, 0.000381 
  0.040532 ,  0.028138, 0.002214 
  0.041905 ,  0.027421, 0.004039 
  0.043235 ,  0.026563, 0.006005 
  0.044521 ,  0.025577, 0.008248 
  0.045762 ,  0.024475, 0.010852 
  0.046958 ,  0.023270, 0.013816 
  0.048107 ,  0.021977, 0.017032 
  0.049210 ,  0.020610, 0.020287 
  0.050264 ,  0.019186, 0.023284 
  0.051271 ,  0.017720, 0.025676 
  0.052228 ,  0.016228, 0.027115 
  0.053135 ,  0.014727, 0.027302 
  0.053993 ,  0.013233, 0.026039 
  0.054799 ,  0.011763, 0.023262 
  0.055555 ,  0.010330, 0.019059 
  0.056260 ,  0.008951, 0.013666 
  0.056914 ,  0.007639, 0.007444 
  0.057515 ,  0.006408, 0.000829 
  0.058065 ,  0.005270, -0.005716 
  0.058563 ,  0.004236, -0.011765 
  0.059009 ,  0.003315, -0.016979 
  0.059403 ,  0.002515, -0.021146 
  0.059745 ,  0.001844, -0.024195 
  0.060036 ,  0.001305, -0.026198 
  0.060274 ,  0.000902, -0.027336 
  0.060462 ,  0.000637, -0.027855 
  0.060598 ,  0.000508, -0.028011 
  0.060684 ,  0.000515, -0.028015 
  0.060720 ,  0.000652, -0.027981 
  0.060705 ,  0.000914, -0.027899 
  0.060642 ,  0.001294, -0.027626 
  0.060529 ,  0.001782, -0.026905 
  0.060369 ,  0.002368, -0.025408 
  0.060160 ,  0.003039, -0.022795 
  0.059905 ,  0.003783, -0.018783 
  0.059604 ,  0.004585, -0.013211 
  0.059257 ,  0.005429, -0.006095 
  0.058866 ,  0.006300, 0.002341 
  0.058431 ,  0.007181, 0.011665 
  0.057953 ,  0.008054, 0.021267 
  0.057433 ,  0.008903, 0.030413 
  0.056872 ,  0.009710, 0.038330 
  0.056272 ,  0.010459, 0.044296 
  0.055633 ,  0.011133, 0.047725 
  0.054956 ,  0.011716, 0.048254 
  0.054242 ,  0.012193, 0.045784 
  0.053493 ,  0.012552, 0.040508 
  0.052710 ,  0.012779, 0.032888 
  0.051893 ,  0.012864, 0.023609 
  0.051045 ,  0.012798, 0.013499 
  0.050166 ,  0.012573, 0.003433 
  0.049258 ,  0.012183, -0.005764 
  0.048321 ,  0.011626, -0.013414 
  0.047358 ,  0.010898, -0.019046 
  0.046370 ,  0.010002, -0.022449 
  0.045357 ,  0.008938, -0.023668 
  0.044322 ,  0.007713, -0.022980 
  0.043265 ,  0.006333, -0.020837 
  0.042189 ,  0.004806, -0.017790 
  0.041094 ,  0.003143, -0.014405 
  0.039981 ,  0.001357, -0.011179 
  0.038853 ,  -0.000538, -0.008481 
  0.037711 ,  -0.002526, -0.006509 
  0.036556 ,  -0.004591, -0.005282 
  0.035389 ,  -0.006714, -0.004657 
  0.034211 ,  -0.008876, -0.004375 
  0.033026 ,  -0.011057, -0.004122 
  0.031832 ,  -0.013236, -0.003596 
  0.030633 ,  -0.015394, -0.002569 
  0.029429 ,  -0.017509, -0.000939 
  0.028222 ,  -0.019560, 0.001249 
  0.027013 ,  -0.021528, 0.003801 
  0.025803 ,  -0.023394, 0.006403 
  0.024594 ,  -0.025138, 0.008671 
  0.023387 ,  -0.026744, 0.010209 
  0.022183 ,  -0.028195, 0.010683 
  0.020984 ,  -0.029477, 0.009876 
  0.019791 ,  -0.030577, 0.007732 
  0.018605 ,  -0.031485, 0.004378 
  0.017427 ,  -0.032190, 0.000116 
  0.016259 ,  -0.032687, -0.004611 
  0.015101 ,  -0.032971, -0.009272 
  0.013954 ,  -0.033038, -0.013318 
  0.012821 ,  -0.032889, -0.016252 
  0.011701 ,  -0.032525, -0.017698 
  0.010597 ,  -0.031951, -0.017451 
  0.009508 ,  -0.031172, -0.015499 
  0.008436 ,  -0.030196, -0.012031 
