   4m__8m 
  -0.043545 ,  0.085067, 0.014918 
  -0.044580 ,  0.086314, 0.025915 
  -0.045554 ,  0.087209, 0.034912 
  -0.046463 ,  0.087736, 0.041271 
  -0.047308 ,  0.087885, 0.044644 
  -0.048086 ,  0.087646, 0.045005 
  -0.048796 ,  0.087015, 0.042631 
  -0.049436 ,  0.085988, 0.038060 
  -0.050007 ,  0.084565, 0.031999 
  -0.050507 ,  0.082749, 0.025228 
  -0.050935 ,  0.080547, 0.018498 
  -0.051290 ,  0.077966, 0.012430 
  -0.051571 ,  0.075019, 0.007452 
  -0.051779 ,  0.071717, 0.003758 
  -0.051913 ,  0.068077, 0.001312 
  -0.051971 ,  0.064116, -0.000121 
  -0.051956 ,  0.059854, -0.000913 
  -0.051865 ,  0.055310, -0.001488 
  -0.051700 ,  0.050508, -0.002243 
  -0.051460 ,  0.045469, -0.003471 
  -0.051146 ,  0.040217, -0.005315 
  -0.050759 ,  0.034776, -0.007737 
  -0.050298 ,  0.029170, -0.010537 
  -0.049765 ,  0.023422, -0.013383 
  -0.049160 ,  0.017556, -0.015879 
  -0.048484 ,  0.011594, -0.017639 
  -0.047738 ,  0.005560, -0.018356 
  -0.046924 ,  -0.000527, -0.017865 
  -0.046042 ,  -0.006646, -0.016180 
  -0.045094 ,  -0.012779, -0.013496 
  -0.044082 ,  -0.018907, -0.010173 
  -0.043006 ,  -0.025015, -0.006674 
  -0.041869 ,  -0.031089, -0.003500 
  -0.040673 ,  -0.037115, -0.001110 
  -0.039419 ,  -0.043081, 0.000156 
  -0.038109 ,  -0.048977, 0.000134 
  -0.036745 ,  -0.054793, -0.001133 
  -0.035330 ,  -0.060522, -0.003395 
  -0.033866 ,  -0.066157, -0.006231 
  -0.032354 ,  -0.071690, -0.009107 
  -0.030798 ,  -0.077117, -0.011456 
  -0.029200 ,  -0.082433, -0.012768 
  -0.027562 ,  -0.087632, -0.012666 
  -0.025888 ,  -0.092711, -0.010969 
  -0.024179 ,  -0.097663, -0.007729 
  -0.022438 ,  -0.102484, -0.003221 
  -0.020669 ,  -0.107169, 0.002083 
  -0.018873 ,  -0.111710, 0.007582 
  -0.017055 ,  -0.116100, 0.012630 
  -0.015216 ,  -0.120331, 0.016627 
  -0.013360 ,  -0.124393, 0.019104 
  -0.011490 ,  -0.128275, 0.019790 
  -0.009609 ,  -0.131964, 0.018653 
  -0.007719 ,  -0.135446, 0.015903 
  -0.005825 ,  -0.138706, 0.011962 
  -0.003928 ,  -0.141727, 0.007410 
  -0.002032 ,  -0.144491, 0.002896 
  -0.000140 ,  -0.146977, -0.000945 
  0.001745 ,  -0.149163, -0.003581 
  0.003620 ,  -0.151029, -0.004660 
  0.005482 ,  -0.152551, -0.004050 
  0.007327 ,  -0.153704, -0.001855 
  0.009154 ,  -0.154464, 0.001598 
  0.010959 ,  -0.154807, 0.005810 
  0.012738 ,  -0.154707, 0.010179 
  0.014490 ,  -0.154141, 0.014082 
  0.016211 ,  -0.153086, 0.016954 
  0.017899 ,  -0.151518, 0.018365 
  0.019550 ,  -0.149417, 0.018068 
  0.021163 ,  -0.146764, 0.016027 
  0.022734 ,  -0.143542, 0.012413 
  0.024261 ,  -0.139737, 0.007576 
  0.025742 ,  -0.135338, 0.001996 
  0.027174 ,  -0.130335, -0.003786 
  0.028555 ,  -0.124725, -0.009232 
  0.029882 ,  -0.118506, -0.013871 
  0.031154 ,  -0.111682, -0.017353 
  0.032369 ,  -0.104260, -0.019479 
  0.033524 ,  -0.096252, -0.020216 
  0.034617 ,  -0.087674, -0.019682 
  0.035648 ,  -0.078548, -0.018124 
  0.036614 ,  -0.068899, -0.015878 
  0.037513 ,  -0.058758, -0.013318 
  0.038345 ,  -0.048159, -0.010811 
  0.039108 ,  -0.037143, -0.008676 
  0.039800 ,  -0.025752, -0.007150 
  0.040422 ,  -0.014036, -0.006367 
  0.040971 ,  -0.002044, -0.006353 
  0.041447 ,  0.010166, -0.007026 
  0.041849 ,  0.022537, -0.008213 
  0.042177 ,  0.035008, -0.009673 
  0.042430 ,  0.047515, -0.011120 
  0.042608 ,  0.059994, -0.012249 
  0.042710 ,  0.072377, -0.012771 
  0.042737 ,  0.084599, -0.012428 
  0.042688 ,  0.096590, -0.011027 
  0.042565 ,  0.108285, -0.008451 
  0.042366 ,  0.119618, -0.004677 
  0.042092 ,  0.130523, 0.000213 
  0.041745 ,  0.140939, 0.006029 
  0.041324 ,  0.150805, 0.012479 
  0.040831 ,  0.160065, 0.019179 
  0.040266 ,  0.168666, 0.025676 
  0.039631 ,  0.176559, 0.031481 
  0.038926 ,  0.183700, 0.036106 
  0.038153 ,  0.190050, 0.039111 
  0.037313 ,  0.195574, 0.040149 
  0.036408 ,  0.200246, 0.039010 
  0.035439 ,  0.204042, 0.035651 
  0.034409 ,  0.206946, 0.030219 
  0.033318 ,  0.208949, 0.023048 
  0.032170 ,  0.210047, 0.014641 
  0.030965 ,  0.210244, 0.005629 
  0.029706 ,  0.209548, -0.003288 
  0.028396 ,  0.207974, -0.011410 
  0.027036 ,  0.205545, -0.018113 
  0.025629 ,  0.202288, -0.022915 
  0.024177 ,  0.198235, -0.025536 
  0.022684 ,  0.193424, -0.025928 
  0.021151 ,  0.187899, -0.024285 
  0.019582 ,  0.181708, -0.021021 
  0.017978 ,  0.174900, -0.016720 
  0.016344 ,  0.167531, -0.012065 
  0.014681 ,  0.159659, -0.007751 
  0.012993 ,  0.151343, -0.004402 
  0.011283 ,  0.142645, -0.002485 
  0.009553 ,  0.133629, -0.002253 
  0.007807 ,  0.124357, -0.003712 
  0.006048 ,  0.114893, -0.006617 
  0.004278 ,  0.105301, -0.010510 
  0.002502 ,  0.095642, -0.014772 
  0.000721 ,  0.085975, -0.018713 
  -0.001060 ,  0.076360, -0.021660 
  -0.002839 ,  0.066850, -0.023049 
  -0.004613 ,  0.057499, -0.022501 
  -0.006378 ,  0.048355, -0.019873 
  -0.008132 ,  0.039461, -0.015282 
  -0.009871 ,  0.030859, -0.009087 
  -0.011592 ,  0.022584, -0.001849 
  -0.013293 ,  0.014666, 0.005742 
  -0.014969 ,  0.007132, 0.012956 
  -0.016620 ,  0.000003, 0.019112 
  -0.018240 ,  -0.006706, 0.023662 
  -0.019828 ,  -0.012983, 0.026258 
  -0.021381 ,  -0.018824, 0.026785 
  -0.022896 ,  -0.024228, 0.025371 
  -0.024371 ,  -0.029198, 0.022358 
  -0.025803 ,  -0.033744, 0.018250 
  -0.027188 ,  -0.037879, 0.013643 
  -0.028526 ,  -0.041619, 0.009140 
  -0.029813 ,  -0.044985, 0.005274 
  -0.031048 ,  -0.048002, 0.002441 
  -0.032228 ,  -0.050696, 0.000860 
  -0.033351 ,  -0.053097, 0.000550 
  -0.034414 ,  -0.055236, 0.001345 
  -0.035418 ,  -0.057147, 0.002924 
  -0.036358 ,  -0.058865, 0.004875 
  -0.037235 ,  -0.060423, 0.006750 
  -0.038046 ,  -0.061858, 0.008139 
  -0.038789 ,  -0.063204, 0.008723 
  -0.039464 ,  -0.064497, 0.008317 
  -0.040070 ,  -0.065768, 0.006886 
  -0.040605 ,  -0.067051, 0.004547 
  -0.041068 ,  -0.068375, 0.001538 
  -0.041459 ,  -0.069767, -0.001824 
  -0.041777 ,  -0.071254, -0.005187 
  -0.042021 ,  -0.072856, -0.008228 
  -0.042192 ,  -0.074594, -0.010691 
  -0.042288 ,  -0.076484, -0.012422 
  -0.042309 ,  -0.078537, -0.013384 
  -0.042256 ,  -0.080763, -0.013652 
  -0.042129 ,  -0.083166, -0.013392 
  -0.041927 ,  -0.085749, -0.012823 
  -0.041652 ,  -0.088509, -0.012173 
  -0.041303 ,  -0.091440, -0.011641 
  -0.040882 ,  -0.094532, -0.011351 
  -0.040389 ,  -0.097772, -0.011340 
  -0.039825 ,  -0.101143, -0.011538 
  -0.039191 ,  -0.104627, -0.011792 
  -0.038489 ,  -0.108199, -0.011882 
  -0.037719 ,  -0.111835, -0.011565 
  -0.036883 ,  -0.115507, -0.010619 
  -0.035982 ,  -0.119185, -0.008886 
  -0.035019 ,  -0.122836, -0.006305 
  -0.033994 ,  -0.126427, -0.002939 
  -0.032911 ,  -0.129924, 0.001025 
  -0.031770 ,  -0.133291, 0.005293 
  -0.030574 ,  -0.136491, 0.009490 
  -0.029324 ,  -0.139488, 0.013212 
  -0.028024 ,  -0.142246, 0.016074 
  -0.026676 ,  -0.144729, 0.017767 
  -0.025282 ,  -0.146901, 0.018101 
  -0.023845 ,  -0.148730, 0.017036 
  -0.022367 ,  -0.150182, 0.014697 
  -0.020850 ,  -0.151227, 0.011364 
  -0.019299 ,  -0.151836, 0.007443 
  -0.017716 ,  -0.151982, 0.003418 
  -0.016102 ,  -0.151641, -0.000203 
  -0.014463 ,  -0.150791, -0.002959 
  -0.012800 ,  -0.149414, -0.004486 
  -0.011117 ,  -0.147495, -0.004574 
  -0.009416 ,  -0.145019, -0.003191 
  -0.007701 ,  -0.141979, -0.000496 
  -0.005975 ,  -0.138368, 0.003175 
  -0.004242 ,  -0.134184, 0.007349 
  -0.002504 ,  -0.129427, 0.011469 
  -0.000765 ,  -0.124102, 0.014958 
  0.000973 ,  -0.118216, 0.017292 
  0.002705 ,  -0.111780, 0.018061 
  0.004429 ,  -0.104809, 0.017026 
  0.006141 ,  -0.097321, 0.014145 
  0.007838 ,  -0.089335, 0.009590 
  0.009518 ,  -0.080877, 0.003722 
  0.011176 ,  -0.071972, -0.002938 
  0.012810 ,  -0.062650, -0.009773 
  0.014416 ,  -0.052944, -0.016136 
  0.015992 ,  -0.042888, -0.021423 
  0.017534 ,  -0.032518, -0.025143 
  0.019040 ,  -0.021873, -0.026970 
  0.020507 ,  -0.010994, -0.026778 
  0.021932 ,  0.000077, -0.024656 
  0.023312 ,  0.011296, -0.020891 
  0.024644 ,  0.022619, -0.015935 
  0.025927 ,  0.034000, -0.010346 
  0.027156 ,  0.045393, -0.004728 
  0.028331 ,  0.056750, 0.000347 
  0.029449 ,  0.068027, 0.004398 
  0.030507 ,  0.079174, 0.007091 
  0.031503 ,  0.090147, 0.008273 
  0.032436 ,  0.100898, 0.007983 
  0.033304 ,  0.111384, 0.006440 
  0.034104 ,  0.121559, 0.004007 
  0.034835 ,  0.131381, 0.001147 
  0.035496 ,  0.140808, -0.001646 
  0.036085 ,  0.149802, -0.003902 
  0.036601 ,  0.158324, -0.005241 
  0.037043 ,  0.166338, -0.005414 
  0.037410 ,  0.173812, -0.004330 
  0.037700 ,  0.180715, -0.002068 
  0.037914 ,  0.187018, 0.001143 
  0.038050 ,  0.192696, 0.004950 
  0.038109 ,  0.197727, 0.008931 
  0.038089 ,  0.202091, 0.012640 
  0.037991 ,  0.205773, 0.015670 
  0.037814 ,  0.208760, 0.017697 
  0.037560 ,  0.211041, 0.018517 
  0.037227 ,  0.212612, 0.018068 
  0.036817 ,  0.213469, 0.016428 
  0.036330 ,  0.213613, 0.013803 
  0.035767 ,  0.213048, 0.010492 
  0.035128 ,  0.211782, 0.006845 
  0.034415 ,  0.209825, 0.003224 
  0.033629 ,  0.207192, -0.000051 
  0.032770 ,  0.203900, -0.002733 
  0.031841 ,  0.199968, -0.004673 
  0.030843 ,  0.195421, -0.005835 
  0.029778 ,  0.190284, -0.006288 
  0.028647 ,  0.184584, -0.006190 
  0.027453 ,  0.178354, -0.005757 
  0.026197 ,  0.171625, -0.005232 
  0.024882 ,  0.164433, -0.004843 
  0.023510 ,  0.156813, -0.004776 
  0.022083 ,  0.148803, -0.005145 
  0.020605 ,  0.140442, -0.005980 
  0.019077 ,  0.131770, -0.007223 
  0.017502 ,  0.122826, -0.008737 
  0.015884 ,  0.113651, -0.010327 
  0.014225 ,  0.104285, -0.011767 
  0.012528 ,  0.094769, -0.012826 
  0.010796 ,  0.085142, -0.013301 
  0.009034 ,  0.075443, -0.013044 
  0.007242 ,  0.065709, -0.011973 
  0.005427 ,  0.055976, -0.010093 
  0.003589 ,  0.046280, -0.007488 
  0.001734 ,  0.036653, -0.004314 
  -0.000135 ,  0.027127, -0.000786 
  -0.002016 ,  0.017729, 0.002848 
  -0.003904 ,  0.008487, 0.006325 
  -0.005795 ,  -0.000575, 0.009400 
  -0.007686 ,  -0.009435, 0.011860 
  -0.009574 ,  -0.018075, 0.013548 
  -0.011454 ,  -0.026476, 0.014369 
  -0.013323 ,  -0.034627, 0.014302 
  -0.015177 ,  -0.042514, 0.013396 
  -0.017013 ,  -0.050129, 0.011763 
  -0.018826 ,  -0.057465, 0.009566 
  -0.020614 ,  -0.064518, 0.007008 
  -0.022372 ,  -0.071287, 0.004307 
  -0.024097 ,  -0.077770, 0.001685 
  -0.025785 ,  -0.083971, -0.000655 
  -0.027433 ,  -0.089892, -0.002544 
  -0.029038 ,  -0.095538, -0.003859 
  -0.030595 ,  -0.100916, -0.004530 
  -0.032101 ,  -0.106032, -0.004548 
  -0.033554 ,  -0.110895, -0.003963 
  -0.034950 ,  -0.115513, -0.002875 
  -0.036286 ,  -0.119894, -0.001428 
  -0.037559 ,  -0.124048, 0.000206 
  -0.038765 ,  -0.127981, 0.001843 
  -0.039903 ,  -0.131703, 0.003305 
  -0.040968 ,  -0.135219, 0.004434 
  -0.041960 ,  -0.138537, 0.005106 
  -0.042875 ,  -0.141660, 0.005243 
  -0.043710 ,  -0.144592, 0.004818 
  -0.044464 ,  -0.147336, 0.003853 
  -0.045134 ,  -0.149891, 0.002417 
  -0.045718 ,  -0.152255, 0.000615 
  -0.046215 ,  -0.154427, -0.001423 
  -0.046623 ,  -0.156400, -0.003557 
  -0.046939 ,  -0.158167, -0.005648 
  -0.047164 ,  -0.159721, -0.007570 
  -0.047294 ,  -0.161050, -0.009221 
  -0.047330 ,  -0.162142, -0.010524 
  -0.047271 ,  -0.162983, -0.011428 
  -0.047114 ,  -0.163559, -0.011907 
  -0.046861 ,  -0.163852, -0.011955 
  -0.046510 ,  -0.163846, -0.011577 
  -0.046061 ,  -0.163523, -0.010789 
  -0.045514 ,  -0.162862, -0.009605 
  -0.044869 ,  -0.161847, -0.008047 
  -0.044125 ,  -0.160457, -0.006136 
  -0.043285 ,  -0.158675, -0.003900 
  -0.042347 ,  -0.156483, -0.001383 
  -0.041313 ,  -0.153863, 0.001360 
  -0.040184 ,  -0.150800, 0.004247 
  -0.038960 ,  -0.147281, 0.007178 
  -0.037644 ,  -0.143294, 0.010031 
  -0.036235 ,  -0.138828, 0.012669 
  -0.034737 ,  -0.133877, 0.014954 
  -0.033149 ,  -0.128436, 0.016751 
  -0.031476 ,  -0.122505, 0.017948 
  -0.029718 ,  -0.116084, 0.018464 
  -0.027877 ,  -0.109180, 0.018257 
  -0.025957 ,  -0.101802, 0.017329 
  -0.023959 ,  -0.093961, 0.015727 
  -0.021887 ,  -0.085675, 0.013534 
  -0.019743 ,  -0.076964, 0.010860 
  -0.017530 ,  -0.067852, 0.007829 
  -0.015251 ,  -0.058367, 0.004569 
  -0.012909 ,  -0.048541, 0.001193 
  -0.010508 ,  -0.038408, -0.002199 
  -0.008052 ,  -0.028008, -0.005530 
  -0.005543 ,  -0.017382, -0.008744 
  -0.002986 ,  -0.006575, -0.011792 
  -0.000384 ,  0.004366, -0.014628 
  0.002258 ,  0.015390, -0.017199 
  0.004937 ,  0.026446, -0.019431 
  0.007648 ,  0.037481, -0.021228 
  0.010388 ,  0.048440, -0.022472 
  0.013151 ,  0.059266, -0.023033 
  0.015934 ,  0.069905, -0.022784 
  0.018732 ,  0.080300, -0.021615 
  0.021541 ,  0.090396, -0.019464 
  0.024356 ,  0.100139, -0.016329 
  0.027172 ,  0.109474, -0.012284 
  0.029986 ,  0.118352, -0.007488 
  0.032791 ,  0.126723, -0.002181 
  0.035584 ,  0.134542, 0.003337 
  0.038360 ,  0.141764, 0.008724 
  0.041114 ,  0.148351, 0.013633 
  0.043842 ,  0.154266, 0.017746 
  0.046538 ,  0.159479, 0.020807 
  0.049198 ,  0.163961, 0.022655 
  0.051818 ,  0.167692, 0.023233 
  0.054393 ,  0.170652, 0.022602 
  0.056917 ,  0.172829, 0.020925 
  0.059388 ,  0.174216, 0.018446 
  0.061799 ,  0.174811, 0.015457 
  0.064148 ,  0.174616, 0.012264 
  0.066428 ,  0.173640, 0.009144 
  0.068637 ,  0.171896, 0.006318 
  0.070770 ,  0.169402, 0.003926 
  0.072822 ,  0.166182, 0.002020 
  0.074790 ,  0.162263, 0.000567 
  0.076670 ,  0.157677, -0.000531 
  0.078458 ,  0.152461, -0.001408 
  0.080150 ,  0.146655, -0.002209 
  0.081743 ,  0.140302, -0.003051 
  0.083233 ,  0.133449, -0.004005 
  0.084618 ,  0.126146, -0.005077 
  0.085893 ,  0.118443, -0.006213 
  0.087056 ,  0.110394, -0.007303 
  0.088104 ,  0.102055, -0.008214 
  0.089034 ,  0.093480, -0.008813 
  0.089845 ,  0.084727, -0.009000 
  0.090532 ,  0.075850, -0.008736 
  0.091095 ,  0.066907, -0.008062 
  0.091531 ,  0.057951, -0.007094 
  0.091839 ,  0.049038, -0.006021 
  0.092016 ,  0.040218, -0.005070 
  0.092061 ,  0.031542, -0.004476 
  0.091974 ,  0.023057, -0.004433 
  0.091753 ,  0.014809, -0.005061 
  0.091396 ,  0.006840, -0.006371 
  0.090904 ,  -0.000813, -0.008249 
  0.090277 ,  -0.008113, -0.010462 
  0.089512 ,  -0.015030, -0.012675 
  0.088612 ,  -0.021535, -0.014497 
  0.087575 ,  -0.027605, -0.015530 
  0.086403 ,  -0.033219, -0.015425 
  0.085096 ,  -0.038362, -0.013942 
  0.083654 ,  -0.043023, -0.010987 
  0.082078 ,  -0.047194, -0.006643 
  0.080371 ,  -0.050870, -0.001163 
  0.078532 ,  -0.054051, 0.005044 
  0.076565 ,  -0.056742, 0.011464 
  0.074470 ,  -0.058950, 0.017537 
  0.072250 ,  -0.060684, 0.022722 
  0.069906 ,  -0.061958, 0.026571 
  0.067442 ,  -0.062788, 0.028776 
  0.064860 ,  -0.063195, 0.029212 
  0.062163 ,  -0.063198, 0.027943 
  0.059354 ,  -0.062820, 0.025212 
  0.056435 ,  -0.062088, 0.021403 
  0.053411 ,  -0.061027, 0.016979 
  0.050285 ,  -0.059666, 0.012424 
  0.047061 ,  -0.058031, 0.008170 
  0.043742 ,  -0.056154, 0.004545 
  0.040333 ,  -0.054062, 0.001731 
  0.036838 ,  -0.051786, -0.000245 
  0.033261 ,  -0.049354, -0.001509 
  0.029607 ,  -0.046795, -0.002300 
  0.025880 ,  -0.044137, -0.002923 
  0.022086 ,  -0.041408, -0.003690 
  0.018228 ,  -0.038632, -0.004861 
  0.014313 ,  -0.035836, -0.006595 
  0.010346 ,  -0.033042, -0.008916 
  0.006331 ,  -0.030272, -0.011710 
  0.002275 ,  -0.027546, -0.014736 
  -0.001818 ,  -0.024884, -0.017663 
  -0.005942 ,  -0.022301, -0.020124 
  -0.010091 ,  -0.019813, -0.021770 
  -0.014260 ,  -0.017433, -0.022334 
  -0.018442 ,  -0.015172, -0.021668 
  -0.022632 ,  -0.013042, -0.019776 
  -0.026825 ,  -0.011048, -0.016815 
  -0.031013 ,  -0.009199, -0.013077 
  -0.035192 ,  -0.007500, -0.008948 
  -0.039354 ,  -0.005953, -0.004853 
  -0.043496 ,  -0.004561, -0.001199 
  -0.047609 ,  -0.003325, 0.001686 
  -0.051689 ,  -0.002245, 0.003593 
  -0.055729 ,  -0.001320, 0.004465 
  -0.059724 ,  -0.000548, 0.004393 
  -0.063668 ,  0.000075, 0.003604 
  -0.067554 ,  0.000550, 0.002420 
  -0.071378 ,  0.000882, 0.001203 
  -0.075132 ,  0.001076, 0.000308 
  -0.078813 ,  0.001136, 0.000021 
  -0.082413 ,  0.001066, 0.000522 
  -0.085928 ,  0.000872, 0.001861 
  -0.089352 ,  0.000558, 0.003957 
  -0.092680 ,  0.000130, 0.006612 
  -0.095907 ,  -0.000408, 0.009547 
  -0.099027 ,  -0.001052, 0.012449 
  -0.102036 ,  -0.001796, 0.015016 
  -0.104929 ,  -0.002636, 0.017005 
  -0.107701 ,  -0.003569, 0.018261 
  -0.110348 ,  -0.004590, 0.018733 
  -0.112865 ,  -0.005696, 0.018476 
  -0.115248 ,  -0.006882, 0.017626 
  -0.117493 ,  -0.008146, 0.016373 
  -0.119596 ,  -0.009483, 0.014915 
  -0.121553 ,  -0.010892, 0.013424 
  -0.123362 ,  -0.012367, 0.012008 
  -0.125018 ,  -0.013906, 0.010696 
  -0.126519 ,  -0.015504, 0.009427 
  -0.127862 ,  -0.017159, 0.008070 
  -0.129043 ,  -0.018865, 0.006445 
  -0.130061 ,  -0.020617, 0.004364 
  -0.130913 ,  -0.022412, 0.001672 
  -0.131598 ,  -0.024243, -0.001717 
  -0.132112 ,  -0.026104, -0.005793 
  -0.132456 ,  -0.027988, -0.010434 
  -0.132627 ,  -0.029889, -0.015409 
  -0.132624 ,  -0.031797, -0.020406 
  -0.132447 ,  -0.033705, -0.025059 
  -0.132094 ,  -0.035604, -0.028995 
  -0.131566 ,  -0.037481, -0.031883 
  -0.130861 ,  -0.039328, -0.033471 
  -0.129982 ,  -0.041133, -0.033617 
  -0.128926 ,  -0.042882, -0.032309 
  -0.127696 ,  -0.044564, -0.029658 
  -0.126292 ,  -0.046165, -0.025884 
  -0.124714 ,  -0.047672, -0.021283 
  -0.122965 ,  -0.049069, -0.016188 
  -0.121046 ,  -0.050342, -0.010928 
  -0.118958 ,  -0.051478, -0.005788 
  -0.116704 ,  -0.052459, -0.000985 
  -0.114285 ,  -0.053273, 0.003350 
  -0.111705 ,  -0.053904, 0.007170 
  -0.108965 ,  -0.054337, 0.010501 
  -0.106070 ,  -0.054558, 0.013420 
  -0.103021 ,  -0.054554, 0.016022 
  -0.099823 ,  -0.054313, 0.018394 
  -0.096479 ,  -0.053821, 0.020592 
  -0.092993 ,  -0.053068, 0.022619 
  -0.089368 ,  -0.052044, 0.024429 
  -0.085609 ,  -0.050741, 0.025927 
  -0.081721 ,  -0.049150, 0.026986 
  -0.077708 ,  -0.047267, 0.027476 
  -0.073574 ,  -0.045086, 0.027281 
  -0.069325 ,  -0.042606, 0.026325 
  -0.064966 ,  -0.039825, 0.024589 
  -0.060502 ,  -0.036746, 0.022115 
  -0.055938 ,  -0.033371, 0.019004 
  -0.051281 ,  -0.029705, 0.015406 
  -0.046535 ,  -0.025755, 0.011493 
  -0.041707 ,  -0.021532, 0.007446 
  -0.036803 ,  -0.017046, 0.003422 
  -0.031828 ,  -0.012311, -0.000455 
  -0.026790 ,  -0.007343, -0.004110 
  -0.021694 ,  -0.002159, -0.007512 
  -0.016547 ,  0.003221, -0.010671 
  -0.011356 ,  0.008776, -0.013623 
  -0.006126 ,  0.014483, -0.016403 
  -0.000865 ,  0.020316, -0.019032 
  0.004421 ,  0.026249, -0.021497 
  0.009724 ,  0.032255, -0.023743 
  0.015039 ,  0.038304, -0.025669 
  0.020358 ,  0.044366, -0.027139 
  0.025674 ,  0.050409, -0.027996 
  0.030981 ,  0.056403, -0.028088 
  0.036271 ,  0.062315, -0.027290 
  0.041538 ,  0.068111, -0.025528 
  0.046774 ,  0.073760, -0.022795 
  0.051974 ,  0.079229, -0.019162 
  0.057130 ,  0.084484, -0.014775 
  0.062235 ,  0.089495, -0.009844 
  0.067283 ,  0.094231, -0.004624 
  0.072267 ,  0.098661, 0.000609 
  0.077180 ,  0.102757, 0.005589 
  0.082017 ,  0.106490, 0.010081 
  0.086769 ,  0.109837, 0.013903 
  0.091432 ,  0.112771, 0.016937 
  0.095999 ,  0.115272, 0.019131 
  0.100464 ,  0.117319, 0.020498 
  0.104821 ,  0.118894, 0.021099 
  0.109063 ,  0.119984, 0.021028 
  0.113186 ,  0.120574, 0.020396 
  0.117184 ,  0.120655, 0.019313 
  0.121050 ,  0.120220, 0.017876 
  0.124781 ,  0.119265, 0.016163 
  0.128371 ,  0.117788, 0.014235 
  0.131815 ,  0.115790, 0.012136 
  0.135108 ,  0.113277, 0.009902 
  0.138246 ,  0.110255, 0.007573 
  0.141225 ,  0.106735, 0.005196 
  0.144039 ,  0.102729, 0.002830 
  0.146686 ,  0.098255, 0.000547 
  0.149162 ,  0.093330, -0.001572 
  0.151462 ,  0.087976, -0.003447 
  0.153584 ,  0.082216, -0.005006 
  0.155525 ,  0.076078, -0.006197 
  0.157282 ,  0.069588, -0.006996 
  0.158852 ,  0.062779, -0.007406 
  0.160233 ,  0.055681, -0.007461 
  0.161422 ,  0.048329, -0.007217 
  0.162419 ,  0.040758, -0.006745 
  0.163220 ,  0.033005, -0.006118 
  0.163825 ,  0.025108, -0.005403 
  0.164233 ,  0.017104, -0.004653 
  0.164443 ,  0.009034, -0.003901 
  0.164453 ,  0.000936, -0.003164 
  0.164265 ,  -0.007150, -0.002450 
  0.163876 ,  -0.015184, -0.001765 
  0.163289 ,  -0.023129, -0.001123 
  0.162502 ,  -0.030944, -0.000559 
  0.161517 ,  -0.038594, -0.000127 
  0.160335 ,  -0.046042, 0.000095 
  0.158956 ,  -0.053252, 0.000020 
  0.157382 ,  -0.060191, -0.000438 
  0.155615 ,  -0.066826, -0.001343 
  0.153656 ,  -0.073128, -0.002716 
  0.151507 ,  -0.079069, -0.004518 
  0.149172 ,  -0.084623, -0.006640 
  0.146652 ,  -0.089765, -0.008901 
  0.143950 ,  -0.094475, -0.011058 
  0.141070 ,  -0.098734, -0.012830 
  0.138014 ,  -0.102526, -0.013926 
  0.134786 ,  -0.105838, -0.014091 
  0.131390 ,  -0.108658, -0.013137 
  0.127829 ,  -0.110980, -0.010980 
  0.124109 ,  -0.112798, -0.007664 
  0.120232 ,  -0.114109, -0.003367 
  0.116205 ,  -0.114915, 0.001607 
  0.112030 ,  -0.115218, 0.006856 
  0.107714 ,  -0.115025, 0.011924 
  0.103261 ,  -0.114343, 0.016352 
  0.098676 ,  -0.113185, 0.019734 
  0.093965 ,  -0.111562, 0.021766 
  0.089134 ,  -0.109492, 0.022290 
  0.084188 ,  -0.106992, 0.021312 
  0.079133 ,  -0.104081, 0.019003 
  0.073975 ,  -0.100783, 0.015675 
  0.068719 ,  -0.097119, 0.011745 
  0.063373 ,  -0.093115, 0.007674 
  0.057943 ,  -0.088799, 0.003910 
  0.052434 ,  -0.084196, 0.000827 
  0.046854 ,  -0.079336, -0.001323 
  0.041209 ,  -0.074248, -0.002442 
  0.035506 ,  -0.068962, -0.002593 
  0.029751 ,  -0.063509, -0.001987 
  0.023951 ,  -0.057918, -0.000945 
  0.018114 ,  -0.052221, 0.000149 
  0.012245 ,  -0.046448, 0.000910 
  0.006352 ,  -0.040628, 0.001014 
  0.000442 ,  -0.034792, 0.000242 
  -0.005478 ,  -0.028968, -0.001479 
  -0.011402 ,  -0.023184, -0.004068 
  -0.017322 ,  -0.017467, -0.007297 
  -0.023231 ,  -0.011843, -0.010823 
  -0.029123 ,  -0.006336, -0.014234 
  -0.034991 ,  -0.000968, -0.017103 
  -0.040827 ,  0.004238, -0.019050 
  -0.046625 ,  0.009263, -0.019787 
  -0.052379 ,  0.014090, -0.019158 
  -0.058081 ,  0.018701, -0.017155 
  -0.063725 ,  0.023082, -0.013916 
  -0.069305 ,  0.027221, -0.009706 
  -0.074813 ,  0.031108, -0.004879 
  -0.080245 ,  0.034733, 0.000164 
  -0.085592 ,  0.038090, 0.005025 
  -0.090850 ,  0.041173, 0.009347 
  -0.096012 ,  0.043981, 0.012852 
  -0.101073 ,  0.046512, 0.015355 
  -0.106026 ,  0.048766, 0.016767 
  -0.110866 ,  0.050746, 0.017095 
  -0.115588 ,  0.052455, 0.016414 
  -0.120186 ,  0.053899, 0.014850 
  -0.124656 ,  0.055085, 0.012556 
  -0.128991 ,  0.056020, 0.009690 
  -0.133188 ,  0.056714, 0.006408 
  -0.137241 ,  0.057178, 0.002860 
  -0.141146 ,  0.057421, -0.000808 
  -0.144900 ,  0.057456, -0.004444 
  -0.148497 ,  0.057296, -0.007880 
  -0.151935 ,  0.056953, -0.010928 
  -0.155208 ,  0.056441, -0.013381 
  -0.158315 ,  0.055772, -0.015023 
  -0.161251 ,  0.054961, -0.015653 
  -0.164013 ,  0.054019, -0.015110 
  -0.166599 ,  0.052961, -0.013305 
  -0.169006 ,  0.051799, -0.010253 
  -0.171231 ,  0.050545, -0.006089 
  -0.173273 ,  0.049211, -0.001079 
  -0.175129 ,  0.047806, 0.004392 
  -0.176798 ,  0.046341, 0.009849 
  -0.178277 ,  0.044825, 0.014770 
  -0.179567 ,  0.043266, 0.018647 
  -0.180665 ,  0.041671, 0.021045 
  -0.181571 ,  0.040045, 0.021664 
  -0.182285 ,  0.038394, 0.020383 
  -0.182805 ,  0.036722, 0.017288 
  -0.183132 ,  0.035030, 0.012670 
  -0.183265 ,  0.033321, 0.007004 
  -0.183206 ,  0.031595, 0.000893 
  -0.182954 ,  0.029851, -0.005000 
  -0.182510 ,  0.028090, -0.010035 
  -0.181876 ,  0.026307, -0.013671 
  -0.181052 ,  0.024501, -0.015541 
  -0.180040 ,  0.022668, -0.015498 
  -0.178841 ,  0.020804, -0.013634 
  -0.177457 ,  0.018904, -0.010272 
  -0.175890 ,  0.016965, -0.005919 
  -0.174143 ,  0.014981, -0.001203 
  -0.172218 ,  0.012948, 0.003210 
  -0.170117 ,  0.010861, 0.006709 
  -0.167844 ,  0.008717, 0.008812 
  -0.165401 ,  0.006512, 0.009235 
  -0.162791 ,  0.004242, 0.007923 
  -0.160018 ,  0.001907, 0.005056 
  -0.157086 ,  -0.000496, 0.001018 
  -0.153997 ,  -0.002966, -0.003653 
  -0.150757 ,  -0.005502, -0.008348 
  -0.147368 ,  -0.008101, -0.012463 
  -0.143836 ,  -0.010761, -0.015487 
  -0.140164 ,  -0.013475, -0.017062 
  -0.136357 ,  -0.016236, -0.017029 
  -0.132420 ,  -0.019037, -0.015443 
  -0.128357 ,  -0.021866, -0.012551 
  -0.124173 ,  -0.024713, -0.008755 
  -0.119873 ,  -0.027565, -0.004546 
  -0.115462 ,  -0.030406, -0.000431 
  -0.110946 ,  -0.033220, 0.003140 
  -0.106329 ,  -0.035991, 0.005834 
  -0.101617 ,  -0.038698, 0.007475 
  -0.096816 ,  -0.041322, 0.008063 
  -0.091931 ,  -0.043842, 0.007760 
  -0.086967 ,  -0.046237, 0.006858 
  -0.081931 ,  -0.048484, 0.005722 
  -0.076828 ,  -0.050560, 0.004732 
  -0.071663 ,  -0.052442, 0.004217 
  -0.066442 ,  -0.054107, 0.004403 
  -0.061173 ,  -0.055534, 0.005380 
  -0.055859 ,  -0.056699, 0.007086 
  -0.050507 ,  -0.057583, 0.009320 
  -0.045123 ,  -0.058164, 0.011771 
  -0.039713 ,  -0.058424, 0.014070 
  -0.034283 ,  -0.058346, 0.015840 
  -0.028839 ,  -0.057915, 0.016755 
  -0.023386 ,  -0.057117, 0.016588 
  -0.017930 ,  -0.055943, 0.015241 
  -0.012477 ,  -0.054384, 0.012756 
  -0.007033 ,  -0.052435, 0.009309 
  -0.001604 ,  -0.050093, 0.005181 
  0.003804 ,  -0.047359, 0.000721 
  0.009187 ,  -0.044237, -0.003706 
  0.014538 ,  -0.040735, -0.007762 
  0.019852 ,  -0.036863, -0.011178 
  0.025123 ,  -0.032635, -0.013783 
  0.030347 ,  -0.028069, -0.015509 
  0.035517 ,  -0.023187, -0.016393 
  0.040629 ,  -0.018011, -0.016552 
  0.045678 ,  -0.012571, -0.016157 
  0.050658 ,  -0.006896, -0.015392 
  0.055565 ,  -0.001020, -0.014428 
  0.060393 ,  0.005021, -0.013393 
  0.065139 ,  0.011187, -0.012355 
  0.069798 ,  0.017439, -0.011325 
  0.074365 ,  0.023733, -0.010260 
  0.078835 ,  0.030025, -0.009088 
  0.083206 ,  0.036270, -0.007732 
  0.087472 ,  0.042421, -0.006134 
  0.091630 ,  0.048432, -0.004280 
  0.095677 ,  0.054256, -0.002211 
  0.099608 ,  0.059847, -0.000021 
  0.103419 ,  0.065160, 0.002148 
  0.107109 ,  0.070150, 0.004130 
  0.110673 ,  0.074774, 0.005764 
  0.114109 ,  0.078994, 0.006921 
  0.117414 ,  0.082769, 0.007531 
  0.120585 ,  0.086067, 0.007604 
  0.123619 ,  0.088853, 0.007231 
  0.126515 ,  0.091101, 0.006583 
  0.129270 ,  0.092786, 0.005881 
  0.131882 ,  0.093888, 0.005373 
  0.134349 ,  0.094389, 0.005290 
  0.136669 ,  0.094280, 0.005811 
  0.138842 ,  0.093554, 0.007027 
  0.140865 ,  0.092208, 0.008920 
  0.142737 ,  0.090246, 0.011352 
  0.144458 ,  0.087675, 0.014079 
  0.146027 ,  0.084509, 0.016771 
  0.147443 ,  0.080765, 0.019053 
  0.148705 ,  0.076466, 0.020546 
  0.149813 ,  0.071638, 0.020924 
  0.150767 ,  0.066312, 0.019952 
  0.151567 ,  0.060524, 0.017519 
  0.152213 ,  0.054314, 0.013662 
  0.152705 ,  0.047722, 0.008563 
  0.153045 ,  0.040796, 0.002534 
  0.153231 ,  0.033583, -0.004015 
  0.153266 ,  0.026134, -0.010621 
  0.153151 ,  0.018500, -0.016818 
  0.152885 ,  0.010736, -0.022180 
  0.152471 ,  0.002896, -0.026371 
  0.151910 ,  -0.004965, -0.029168 
  0.151204 ,  -0.012793, -0.030478 
  0.150353 ,  -0.020533, -0.030336 
  0.149361 ,  -0.028133, -0.028888 
  0.148228 ,  -0.035541, -0.026362 
  0.146957 ,  -0.042707, -0.023035 
  0.145551 ,  -0.049585, -0.019191 
  0.144010 ,  -0.056131, -0.015093 
  0.142339 ,  -0.062303, -0.010951 
  0.140539 ,  -0.068064, -0.006914 
  0.138614 ,  -0.073380, -0.003066 
  0.136565 ,  -0.078223, 0.000566 
  0.134396 ,  -0.082566, 0.003992 
  0.132110 ,  -0.086390, 0.007234 
  0.129710 ,  -0.089677, 0.010306 
  0.127199 ,  -0.092417, 0.013191 
  0.124581 ,  -0.094602, 0.015831 
  0.121858 ,  -0.096231, 0.018126 
  0.119034 ,  -0.097306, 0.019944 
  0.116113 ,  -0.097833, 0.021137 
  0.113098 ,  -0.097825, 0.021571 
  0.109993 ,  -0.097295, 0.021145 
  0.106802 ,  -0.096263, 0.019827 
  0.103528 ,  -0.094752, 0.017660 
  0.100175 ,  -0.092787, 0.014776 
  0.096747 ,  -0.090398, 0.011388 
  0.093249 ,  -0.087614, 0.007770 
  0.089683 ,  -0.084470, 0.004229 
  0.086054 ,  -0.081000, 0.001067 
  0.082367 ,  -0.077240, -0.001458 
  0.078624 ,  -0.073228, -0.003167 
  0.074831 ,  -0.069002, -0.003988 
  0.070991 ,  -0.064598, -0.003967 
  0.067108 ,  -0.060054, -0.003268 
  0.063187 ,  -0.055406, -0.002154 
  0.059231 ,  -0.050690, -0.000951 
  0.055245 ,  -0.045940, -0.000010 
  0.051233 ,  -0.041188, 0.000350 
  0.047199 ,  -0.036463, -0.000117 
  0.043147 ,  -0.031793, -0.001545 
  0.039082 ,  -0.027203, -0.003926 
  0.035006 ,  -0.022716, -0.007108 
  0.030926 ,  -0.018351, -0.010807 
  0.026843 ,  -0.014125, -0.014633 
  0.022763 ,  -0.010051, -0.018142 
  0.018689 ,  -0.006139, -0.020890 
  0.014626 ,  -0.002397, -0.022484 
  0.010577 ,  0.001171, -0.022644 
  0.006546 ,  0.004563, -0.021234 
  0.002537 ,  0.007780, -0.018285 
  -0.001447 ,  0.010825, -0.013997 
  -0.005401 ,  0.013706, -0.008719 
  -0.009322 ,  0.016428, -0.002903 
  -0.013207 ,  0.019004, 0.002944 
  -0.017051 ,  0.021443, 0.008323 
  -0.020852 ,  0.023758, 0.012801 
  -0.024606 ,  0.025963, 0.016061 
  -0.028310 ,  0.028072, 0.017937 
  -0.031960 ,  0.030099, 0.018426 
  -0.035554 ,  0.032059, 0.017681 
  -0.039088 ,  0.033966, 0.015982 
  -0.042559 ,  0.035834, 0.013689 
  -0.045965 ,  0.037675, 0.011193 
  -0.049302 ,  0.039500, 0.008851 
  -0.052567 ,  0.041320, 0.006945 
  -0.055759 ,  0.043143, 0.005638 
  -0.058874 ,  0.044976, 0.004959 
  -0.061910 ,  0.046824, 0.004805 
  -0.064865 ,  0.048688, 0.004964 
  -0.067736 ,  0.050570, 0.005155 
  -0.070520 ,  0.052468, 0.005078 
  -0.073217 ,  0.054377, 0.004469 
  -0.075824 ,  0.056291, 0.003145 
  -0.078338 ,  0.058203, 0.001045 
  -0.080759 ,  0.060100, -0.001757 
  -0.083083 ,  0.061971, -0.005055 
  -0.085311 ,  0.063802, -0.008533 
  -0.087440 ,  0.065575, -0.011808 
  -0.089469 ,  0.067273, -0.014482 
  -0.091396 ,  0.068879, -0.016202 
  -0.093220 ,  0.070370, -0.016710 
  -0.094941 ,  0.071728, -0.015881 
  -0.096556 ,  0.072932, -0.013750 
  -0.098066 ,  0.073959, -0.010507 
  -0.099469 ,  0.074788, -0.006477 
  -0.100765 ,  0.075400, -0.002079 
  -0.101952 ,  0.075775, 0.002228 
  -0.103032 ,  0.075892, 0.006004 
  -0.104002 ,  0.075734, 0.008886 
  -0.104863 ,  0.075286, 0.010629 
  -0.105615 ,  0.074533, 0.011138 
  -0.106257 ,  0.073461, 0.010471 
  -0.106789 ,  0.072061, 0.008826 
  -0.107212 ,  0.070325, 0.006506 
  -0.107526 ,  0.068247, 0.003868 
  -0.107730 ,  0.065825, 0.001277 
  -0.107826 ,  0.063057, -0.000953 
  -0.107814 ,  0.059947, -0.002600 
  -0.107694 ,  0.056499, -0.003556 
  -0.107467 ,  0.052723, -0.003836 
  -0.107133 ,  0.048628, -0.003567 
  -0.106695 ,  0.044228, -0.002952 
  -0.106151 ,  0.039539, -0.002231 
  -0.105504 ,  0.034580, -0.001635 
  -0.104755 ,  0.029371, -0.001337 
  -0.103904 ,  0.023936, -0.001423 
  -0.102953 ,  0.018298, -0.001875 
  -0.101904 ,  0.012485, -0.002570 
  -0.100757 ,  0.006525, -0.003305 
  -0.099514 ,  0.000447, -0.003828 
  -0.098177 ,  -0.005718, -0.003891 
  -0.096747 ,  -0.011940, -0.003292 
  -0.095226 ,  -0.018187, -0.001923 
  -0.093616 ,  -0.024426, 0.000206 
  -0.091918 ,  -0.030627, 0.002952 
  -0.090135 ,  -0.036756, 0.006051 
  -0.088269 ,  -0.042783, 0.009148 
  -0.086321 ,  -0.048676, 0.011844 
  -0.084293 ,  -0.054407, 0.013750 
  -0.082188 ,  -0.059947, 0.014543 
  -0.080008 ,  -0.065268, 0.014018 
  -0.077756 ,  -0.070343, 0.012120 
  -0.075432 ,  -0.075149, 0.008957 
  -0.073041 ,  -0.079663, 0.004794 
  -0.070584 ,  -0.083863, 0.000019 
  -0.068063 ,  -0.087729, -0.004904 
  -0.065482 ,  -0.091246, -0.009492 
  -0.062842 ,  -0.094396, -0.013308 
  -0.060147 ,  -0.097167, -0.016013 
  -0.057398 ,  -0.099547, -0.017404 
  -0.054599 ,  -0.101525, -0.017436 
  -0.051752 ,  -0.103094, -0.016221 
  -0.048860 ,  -0.104248, -0.013999 
  -0.045926 ,  -0.104982, -0.011098 
  -0.042951 ,  -0.105295, -0.007886 
  -0.039940 ,  -0.105184, -0.004711 
  -0.036895 ,  -0.104651, -0.001854 
  -0.033819 ,  -0.103697, 0.000501 
  -0.030714 ,  -0.102327, 0.002292 
  -0.027584 ,  -0.100545, 0.003570 
  -0.024430 ,  -0.098357, 0.004475 
  -0.021257 ,  -0.095771, 0.005204 
  -0.018067 ,  -0.092795, 0.005964 
  -0.014863 ,  -0.089439, 0.006923 
  -0.011648 ,  -0.085714, 0.008177 
  -0.008424 ,  -0.081631, 0.009723 
  -0.005195 ,  -0.077203, 0.011454 
  -0.001963 ,  -0.072445, 0.013175 
  0.001269 ,  -0.067370, 0.014627 
  0.004498 ,  -0.061994, 0.015535 
  0.007720 ,  -0.056335, 0.015649 
  0.010934 ,  -0.050409, 0.014793 
  0.014136 ,  -0.044236, 0.012894 
  0.017324 ,  -0.037836, 0.010002 
  0.020495 ,  -0.031229, 0.006288 
  0.023645 ,  -0.024437, 0.002025 
  0.026773 ,  -0.017483, -0.002449 
  0.029876 ,  -0.010392, -0.006777 
  0.032950 ,  -0.003190, -0.010632 
  0.035994 ,  0.004098, -0.013755 
  0.039004 ,  0.011444, -0.015996 
  0.041978 ,  0.018818, -0.017317 
  0.044914 ,  0.026191, -0.017795 
  0.047808 ,  0.033532, -0.017593 
  0.050659 ,  0.040808, -0.016925 
  0.053464 ,  0.047987, -0.016013 
  0.056221 ,  0.055034, -0.015038 
  0.058927 ,  0.061916, -0.014108 
  0.061580 ,  0.068598, -0.013234 
  0.064178 ,  0.075044, -0.012327 
  0.066718 ,  0.081219, -0.011220 
  0.069198 ,  0.087088, -0.009694 
  0.071617 ,  0.092615, -0.007532 
  0.073972 ,  0.097766, -0.004565 
  0.076261 ,  0.102507, -0.000720 
  0.078482 ,  0.106806, 0.003948 
  0.080634 ,  0.110631, 0.009239 
  0.082715 ,  0.113952, 0.014822 
  0.084722 ,  0.116741, 0.020259 
  0.086654 ,  0.118974, 0.025059 
  0.088510 ,  0.120627, 0.028738 
  0.090288 ,  0.121679, 0.030885 
  0.091986 ,  0.122115, 0.031218 
  0.093604 ,  0.121919, 0.029631 
  0.095139 ,  0.121082, 0.026210 
  0.096591 ,  0.119597, 0.021230 
  0.097957 ,  0.117463, 0.015125 
  0.099238 ,  0.114680, 0.008432 
  0.100432 ,  0.111255, 0.001729 
  0.101538 ,  0.107199, -0.004439 
  0.102555 ,  0.102527, -0.009624 
  0.103483 ,  0.097258, -0.013524 
  0.104319 ,  0.091416, -0.016014 
  0.105065 ,  0.085030, -0.017144 
  0.105719 ,  0.078133, -0.017116 
  0.106281 ,  0.070761, -0.016243 
  0.106749 ,  0.062955, -0.014891 
  0.107125 ,  0.054761, -0.013410 
  0.107407 ,  0.046226, -0.012087 
  0.107596 ,  0.037402, -0.011098 
  0.107691 ,  0.028342, -0.010491 
  0.107692 ,  0.019103, -0.010189 
  0.107599 ,  0.009743, -0.010013 
  0.107412 ,  0.000323, -0.009731 
  0.107132 ,  -0.009097, -0.009109 
  0.106758 ,  -0.018455, -0.007967 
  0.106292 ,  -0.027689, -0.006223 
  0.105733 ,  -0.036740, -0.003920 
  0.105082 ,  -0.045546, -0.001232 
  0.104339 ,  -0.054049, 0.001556 
  0.103505 ,  -0.062192, 0.004091 
  0.102582 ,  -0.069923, 0.006009 
  0.101569 ,  -0.077188, 0.007000 
  0.100467 ,  -0.083942, 0.006864 
  0.099278 ,  -0.090140, 0.005562 
  0.098003 ,  -0.095743, 0.003234 
  0.096642 ,  -0.100716, 0.000199 
  0.095196 ,  -0.105029, -0.003083 
  0.093668 ,  -0.108658, -0.006063 
  0.092058 ,  -0.111584, -0.008183 
  0.090368 ,  -0.113792, -0.008953 
  0.088598 ,  -0.115275, -0.008029 
  0.086752 ,  -0.116031, -0.005270 
  0.084829 ,  -0.116062, -0.000773 
  0.082832 ,  -0.115378, 0.005128 
  0.080763 ,  -0.113994, 0.011891 
  0.078622 ,  -0.111930, 0.018832 
  0.076413 ,  -0.109211, 0.025201 
  0.074136 ,  -0.105866, 0.030279 
  0.071795 ,  -0.101931, 0.033466 
  0.069390 ,  -0.097445, 0.034354 
  0.066924 ,  -0.092450, 0.032783 
  0.064398 ,  -0.086991, 0.028853 
  0.061816 ,  -0.081118, 0.022912 
  0.059178 ,  -0.074883, 0.015509 
  0.056488 ,  -0.068338, 0.007323 
  0.053748 ,  -0.061537, -0.000923 
  0.050959 ,  -0.054537, -0.008552 
  0.048124 ,  -0.047392, -0.015007 
  0.045246 ,  -0.040158, -0.019912 
  0.042327 ,  -0.032889, -0.023103 
  0.039369 ,  -0.025639, -0.024631 
  0.036375 ,  -0.018460, -0.024731 
  0.033347 ,  -0.011400, -0.023776 
  0.030288 ,  -0.004507, -0.022206 
  0.027200 ,  0.002175, -0.020463 
  0.024086 ,  0.008608, -0.018921 
  0.020949 ,  0.014752, -0.017839 
  0.017790 ,  0.020577, -0.017329 
  0.014613 ,  0.026053, -0.017352 
  0.011420 ,  0.031156, -0.017733 
  0.008214 ,  0.035865, -0.018197 
  0.004997 ,  0.040166, -0.018423 
  0.001772 ,  0.044047, -0.018090 
  -0.001459 ,  0.047501, -0.016931 
  -0.004692 ,  0.050527, -0.014773 
  -0.007925 ,  0.053124, -0.011557 
  -0.011156 ,  0.055300, -0.007344 
  -0.014383 ,  0.057064, -0.002307 
  -0.017601 ,  0.058428, 0.003295 
  -0.020809 ,  0.059409, 0.009154 
  -0.024005 ,  0.060026, 0.014945 
  -0.027185 ,  0.060299, 0.020362 
  -0.030348 ,  0.060252, 0.025146 
  -0.033490 ,  0.059910, 0.029095 
  -0.036610 ,  0.059301, 0.032077 
  -0.039704 ,  0.058451, 0.034022 
  -0.042771 ,  0.057388, 0.034908 
  -0.045808 ,  0.056140, 0.034754 
  -0.048813 ,  0.054736, 0.033601 
  -0.051783 ,  0.053202, 0.031507 
  -0.054716 ,  0.051565, 0.028537 
  -0.057610 ,  0.049849, 0.024773 
  -0.060463 ,  0.048080, 0.020312 
  -0.063272 ,  0.046278, 0.015281 
  -0.066036 ,  0.044462, 0.009836 
  -0.068752 ,  0.042652, 0.004168 
  -0.071418 ,  0.040862, -0.001504 
  -0.074032 ,  0.039104, -0.006946 
  -0.076593 ,  0.037390, -0.011930 
  -0.079099 ,  0.035728, -0.016256 
  -0.081547 ,  0.034121, -0.019777 
  -0.083936 ,  0.032575, -0.022417 
  -0.086264 ,  0.031088, -0.024185 
  -0.088530 ,  0.029661, -0.025173 
  -0.090732 ,  0.028288, -0.025541 
  -0.092869 ,  0.026965, -0.025494 
  -0.094938 ,  0.025685, -0.025248 
  -0.096940 ,  0.024438, -0.024990 
  -0.098871 ,  0.023216, -0.024844 
  -0.100732 ,  0.022007, -0.024843 
  -0.102520 ,  0.020800, -0.024918 
  -0.104235 ,  0.019585, -0.024896 
  -0.105875 ,  0.018348, -0.024527 
  -0.107440 ,  0.017080, -0.023518 
  -0.108929 ,  0.015768, -0.021581 
  -0.110340 ,  0.014402, -0.018487 
  -0.111673 ,  0.012974, -0.014112 
  -0.112927 ,  0.011476, -0.008472 
  -0.114102 ,  0.009900, -0.001743 
  -0.115196 ,  0.008242, 0.005746 
  -0.116210 ,  0.006498, 0.013539 
  -0.117142 ,  0.004667, 0.021102 
  -0.117993 ,  0.002749, 0.027881 
  -0.118762 ,  0.000747, 0.033371 
  -0.119449 ,  -0.001336, 0.037180 
  -0.120053 ,  -0.003492, 0.039073 
  -0.120574 ,  -0.005715, 0.039005 
  -0.121013 ,  -0.007993, 0.037122 
  -0.121369 ,  -0.010316, 0.033741 
  -0.121642 ,  -0.012669, 0.029297 
  -0.121833 ,  -0.015038, 0.024292 
  -0.121941 ,  -0.017408, 0.019218 
  -0.121968 ,  -0.019762, 0.014492 
  -0.121912 ,  -0.022081, 0.010410 
  -0.121774 ,  -0.024347, 0.007107 
  -0.121556 ,  -0.026543, 0.004553 
  -0.121257 ,  -0.028649, 0.002576 
  -0.120878 ,  -0.030647, 0.000897 
  -0.120419 ,  -0.032519, -0.000806 
  -0.119882 ,  -0.034249, -0.002839 
  -0.119266 ,  -0.035820, -0.005428 
  -0.118573 ,  -0.037217, -0.008677 
  -0.117803 ,  -0.038427, -0.012538 
  -0.116958 ,  -0.039438, -0.016814 
  -0.116037 ,  -0.040240, -0.021185 
  -0.115043 ,  -0.040826, -0.025248 
  -0.113976 ,  -0.041189, -0.028585 
  -0.112837 ,  -0.041326, -0.030821 
  -0.111627 ,  -0.041236, -0.031684 
  -0.110347 ,  -0.040919, -0.031045 
  -0.108999 ,  -0.040379, -0.028942 
  -0.107584 ,  -0.039622, -0.025571 
  -0.106103 ,  -0.038656, -0.021258 
  -0.104556 ,  -0.037490, -0.016409 
  -0.102947 ,  -0.036137, -0.011449 
  -0.101275 ,  -0.034611, -0.006760 
  -0.099543 ,  -0.032928, -0.002626 
  -0.097751 ,  -0.031106, 0.000801 
  -0.095901 ,  -0.029163, 0.003517 
  -0.093995 ,  -0.027119, 0.005652 
  -0.092034 ,  -0.024996, 0.007434 
  -0.090019 ,  -0.022815, 0.009136 
  -0.087953 ,  -0.020598, 0.011019 
  -0.085836 ,  -0.018368, 0.013267 
  -0.083671 ,  -0.016146, 0.015944 
  -0.081458 ,  -0.013954, 0.018967 
  -0.079199 ,  -0.011813, 0.022110 
  -0.076897 ,  -0.009744, 0.025024 
  -0.074552 ,  -0.007766, 0.027290 
  -0.072167 ,  -0.005895, 0.028486 
  -0.069742 ,  -0.004150, 0.028251 
  -0.067280 ,  -0.002543, 0.026358 
  -0.064782 ,  -0.001088, 0.022755 
  -0.062251 ,  0.000206, 0.017593 
  -0.059686 ,  0.001328, 0.011218 
  -0.057091 ,  0.002274, 0.004139 
  -0.054467 ,  0.003039, -0.003036 
  -0.051816 ,  0.003622, -0.009673 
  -0.049139 ,  0.004022, -0.015194 
  -0.046438 ,  0.004244, -0.019151 
  -0.043714 ,  0.004293, -0.021286 
  -0.040970 ,  0.004175, -0.021560 
  -0.038207 ,  0.003900, -0.020151 
  -0.035427 ,  0.003479, -0.017429 
  -0.032631 ,  0.002925, -0.013895 
  -0.029820 ,  0.002253, -0.010109 
  -0.026998 ,  0.001478, -0.006610 
  -0.024165 ,  0.000619, -0.003840 
  -0.021322 ,  -0.000308, -0.002085 
  -0.018472 ,  -0.001284, -0.001446 
  -0.015616 ,  -0.002287, -0.001827 
  -0.012756 ,  -0.003300, -0.002966 
  -0.009892 ,  -0.004303, -0.004480 
  -0.007028 ,  -0.005274, -0.005932 
  -0.004164 ,  -0.006196, -0.006903 
  -0.001301 ,  -0.007049, -0.007054 
  0.001558 ,  -0.007816, -0.006184 
  0.004412 ,  -0.008480, -0.004256 
  0.007259 ,  -0.009024, -0.001399 
  0.010099 ,  -0.009435, 0.002115 
  0.012930 ,  -0.009700, 0.005908 
  0.015750 ,  -0.009806, 0.009560 
  0.018558 ,  -0.009745, 0.012669 
  0.021352 ,  -0.009508, 0.014903 
  0.024132 ,  -0.009090, 0.016045 
  0.026895 ,  -0.008486, 0.016016 
  0.029641 ,  -0.007694, 0.014873 
  0.032367 ,  -0.006714, 0.012793 
  0.035074 ,  -0.005548, 0.010032 
  0.037758 ,  -0.004199, 0.006886 
  0.040420 ,  -0.002673, 0.003638 
  0.043058 ,  -0.000976, 0.000526 
  0.045670 ,  0.000883, -0.002289 
  0.048256 ,  0.002893, -0.004728 
  0.050813 ,  0.005042, -0.006787 
  0.053342 ,  0.007318, -0.008518 
  0.055840 ,  0.009705, -0.009993 
  0.058307 ,  0.012189, -0.011271 
  0.060742 ,  0.014754, -0.012373 
  0.063142 ,  0.017382, -0.013263 
  0.065508 ,  0.020055, -0.013841 
  0.067838 ,  0.022756, -0.013964 
  0.070130 ,  0.025466, -0.013467 
  0.072385 ,  0.028167, -0.012207 
  0.074600 ,  0.030840, -0.010093 
  0.076775 ,  0.033466, -0.007127 
  0.078909 ,  0.036027, -0.003423 
  0.081001 ,  0.038506, 0.000792 
  0.083049 ,  0.040885, 0.005187 
  0.085053 ,  0.043147, 0.009372 
  0.087011 ,  0.045276, 0.012937 
  0.088923 ,  0.047258, 0.015513 
  0.090788 ,  0.049078, 0.016827 
  0.092605 ,  0.050722, 0.016745 
  0.094372 ,  0.052179, 0.015300 
  0.096090 ,  0.053436, 0.012693 
  0.097757 ,  0.054484, 0.009274 
  0.099372 ,  0.055314, 0.005497 
  0.100934 ,  0.055917, 0.001861 
  0.102442 ,  0.056288, -0.001159 
  0.103896 ,  0.056421, -0.003181 
  0.105295 ,  0.056311, -0.003967 
  0.106638 ,  0.055955, -0.003461 
  0.107924 ,  0.055352, -0.001797 
  0.109153 ,  0.054501, 0.000716 
  0.110322 ,  0.053403, 0.003642 
  0.111433 ,  0.052060, 0.006474 
  0.112484 ,  0.050474, 0.008708 
  0.113474 ,  0.048649, 0.009915 
  0.114402 ,  0.046591, 0.009798 
  0.115268 ,  0.044307, 0.008237 
  0.116072 ,  0.041802, 0.005302 
  0.116812 ,  0.039086, 0.001246 
  0.117488 ,  0.036168, -0.003532 
  0.118099 ,  0.033058, -0.008540 
  0.118645 ,  0.029768, -0.013262 
  0.119124 ,  0.026309, -0.017219 
  0.119537 ,  0.022695, -0.020034 
  0.119883 ,  0.018939, -0.021470 
  0.120162 ,  0.015056, -0.021455 
  0.120372 ,  0.011061, -0.020079 
  0.120513 ,  0.006969, -0.017572 
  0.120585 ,  0.002797, -0.014262 
  0.120588 ,  -0.001437, -0.010528 
  0.120520 ,  -0.005718, -0.006742 
  0.120382 ,  -0.010026, -0.003228 
  0.120174 ,  -0.014345, -0.000224 
  0.119894 ,  -0.018656, 0.002138 
  0.119543 ,  -0.022939, 0.003831 
  0.119120 ,  -0.027178, 0.004923 
  0.118625 ,  -0.031353, 0.005546 
  0.118058 ,  -0.035447, 0.005870 
  0.117418 ,  -0.039441, 0.006066 
  0.116706 ,  -0.043317, 0.006280 
  0.115922 ,  -0.047058, 0.006614 
  0.115064 ,  -0.050648, 0.007119 
  0.114134 ,  -0.054069, 0.007797 
  0.113131 ,  -0.057307, 0.008612 
  0.112056 ,  -0.060348, 0.009508 
  0.110908 ,  -0.063176, 0.010425 
  0.109687 ,  -0.065779, 0.011310 
  0.108394 ,  -0.068146, 0.012130 
  0.107029 ,  -0.070266, 0.012864 
  0.105592 ,  -0.072129, 0.013500 
  0.104084 ,  -0.073728, 0.014019 
  0.102504 ,  -0.075056, 0.014385 
  0.100854 ,  -0.076107, 0.014528 
  0.099133 ,  -0.076877, 0.014343 
  0.097342 ,  -0.077364, 0.013692 
  0.095482 ,  -0.077567, 0.012422 
  0.093553 ,  -0.077485, 0.010386 
  0.091556 ,  -0.077122, 0.007474 
  0.089492 ,  -0.076479, 0.003640 
  0.087361 ,  -0.075562, -0.001064 
  0.085165 ,  -0.074377, -0.006479 
  0.082903 ,  -0.072930, -0.012332 
  0.080578 ,  -0.071230, -0.018252 
  0.078189 ,  -0.069286, -0.023797 
  0.075739 ,  -0.067110, -0.028500 
  0.073227 ,  -0.064712, -0.031916 
  0.070657 ,  -0.062105, -0.033680 
  0.068027 ,  -0.059301, -0.033554 
  0.065341 ,  -0.056315, -0.031457 
  0.062598 ,  -0.053161, -0.027487 
  0.059802 ,  -0.049853, -0.021916 
  0.056952 ,  -0.046406, -0.015166 
  0.054051 ,  -0.042836, -0.007763 
  0.051100 ,  -0.039156, -0.000285 
  0.048101 ,  -0.035382, 0.006697 
  0.045055 ,  -0.031530, 0.012686 
  0.041964 ,  -0.027613, 0.017301 
  0.038831 ,  -0.023646, 0.020312 
  0.035657 ,  -0.019642, 0.021657 
  0.032443 ,  -0.015615, 0.021436 
  0.029193 ,  -0.011577, 0.019880 
  0.025907 ,  -0.007541, 0.017324 
  0.022589 ,  -0.003518, 0.014150 
  0.019239 ,  0.000481, 0.010745 
  0.015862 ,  0.004446, 0.007455 
  0.012458 ,  0.008368, 0.004555 
  0.009029 ,  0.012238, 0.002225 
  0.005580 ,  0.016047, 0.000550 
  0.002111 ,  0.019789, -0.000477 
  -0.001374 ,  0.023456, -0.000932 
  -0.004874 ,  0.027042, -0.000939 
  -0.008385 ,  0.030540, -0.000643 
  -0.011905 ,  0.033947, -0.000187 
  -0.015432 ,  0.037255, 0.000307 
  -0.018962 ,  0.040462, 0.000746 
  -0.022493 ,  0.043560, 0.001070 
  -0.026022 ,  0.046547, 0.001250 
  -0.029547 ,  0.049418, 0.001278 
  -0.033064 ,  0.052168, 0.001160 
  -0.036571 ,  0.054792, 0.000910 
  -0.040064 ,  0.057286, 0.000547 
  -0.043542 ,  0.059645, 0.000091 
  -0.047000 ,  0.061864, -0.000433 
  -0.050437 ,  0.063937, -0.000989 
  -0.053848 ,  0.065859, -0.001530 
  -0.057232 ,  0.067624, -0.001994 
  -0.060585 ,  0.069227, -0.002313 
  -0.063904 ,  0.070660, -0.002416 
  -0.067186 ,  0.071917, -0.002244 
  -0.070428 ,  0.072993, -0.001767 
  -0.073627 ,  0.073879, -0.000993 
  -0.076781 ,  0.074569, 0.000016 
  -0.079885 ,  0.075057, 0.001145 
  -0.082938 ,  0.075336, 0.002230 
  -0.085936 ,  0.075399, 0.003077 
  -0.088876 ,  0.075241, 0.003483 
  -0.091756 ,  0.074857, 0.003269 
  -0.094572 ,  0.074241, 0.002312 
  -0.097322 ,  0.073389, 0.000572 
  -0.100002 ,  0.072298, -0.001886 
  -0.102611 ,  0.070966, -0.004892 
  -0.105144 ,  0.069391, -0.008174 
  -0.107600 ,  0.067573, -0.011390 
  -0.109976 ,  0.065513, -0.014163 
  -0.112269 ,  0.063214, -0.016133 
  -0.114477 ,  0.060678, -0.017003 
  -0.116597 ,  0.057913, -0.016585 
  -0.118626 ,  0.054923, -0.014834 
  -0.120563 ,  0.051719, -0.011858 
  -0.122404 ,  0.048310, -0.007916 
  -0.124148 ,  0.044707, -0.003380 
  -0.125793 ,  0.040923, 0.001300 
  -0.127336 ,  0.036974, 0.005663 
  -0.128775 ,  0.032875, 0.009293 
  -0.130108 ,  0.028644, 0.011880 
  -0.131334 ,  0.024300, 0.013256 
  -0.132450 ,  0.019862, 0.013419 
  -0.133455 ,  0.015351, 0.012528 
  -0.134347 ,  0.010789, 0.010878 
  -0.135125 ,  0.006198, 0.008850 
  -0.135788 ,  0.001602, 0.006849 
  -0.136333 ,  -0.002977, 0.005244 
  -0.136761 ,  -0.007516, 0.004303 
  -0.137069 ,  -0.011990, 0.004157 
  -0.137256 ,  -0.016378, 0.004775 
  -0.137323 ,  -0.020657, 0.005971 
  -0.137267 ,  -0.024805, 0.007438 
  -0.137089 ,  -0.028801, 0.008796 
  -0.136788 ,  -0.032627, 0.009658 
  -0.136363 ,  -0.036265, 0.009701 
  -0.135814 ,  -0.039696, 0.008721 
  -0.135142 ,  -0.042908, 0.006676 
  -0.134344 ,  -0.045886, 0.003700 
  -0.133423 ,  -0.048619, 0.000094 
  -0.132378 ,  -0.051098, -0.003717 
  -0.131210 ,  -0.053317, -0.007244 
  -0.129918 ,  -0.055271, -0.010008 
  -0.128503 ,  -0.056957, -0.011613 
  -0.126967 ,  -0.058374, -0.011816 
  -0.125309 ,  -0.059526, -0.010566 
  -0.123531 ,  -0.060415, -0.008020 
  -0.121635 ,  -0.061049, -0.004533 
  -0.119620 ,  -0.061434, -0.000604 
  -0.117489 ,  -0.061583, 0.003181 
  -0.115242 ,  -0.061505, 0.006243 
  -0.112882 ,  -0.061215, 0.008085 
  -0.110411 ,  -0.060727, 0.008365 
  -0.107829 ,  -0.060057, 0.006954 
  -0.105139 ,  -0.059222, 0.003950 
  -0.102344 ,  -0.058239, -0.000331 
  -0.099444 ,  -0.057126, -0.005395 
  -0.096443 ,  -0.055902, -0.010640 
  -0.093344 ,  -0.054585, -0.015438 
  -0.090148 ,  -0.053192, -0.019220 
  -0.086858 ,  -0.051741, -0.021551 
  -0.083477 ,  -0.050250, -0.022188 
  -0.080008 ,  -0.048732, -0.021103 
  -0.076455 ,  -0.047204, -0.018486 
  -0.072819 ,  -0.045678, -0.014701 
  -0.069105 ,  -0.044166, -0.010233 
  -0.065315 ,  -0.042677, -0.005612 
  -0.061453 ,  -0.041221, -0.001334 
  -0.057523 ,  -0.039804, 0.002210 
  -0.053528 ,  -0.038429, 0.004785 
  -0.049472 ,  -0.037100, 0.006335 
  -0.045359 ,  -0.035817, 0.006986 
  -0.041192 ,  -0.034577, 0.007010 
  -0.036975 ,  -0.033378, 0.006775 
  -0.032713 ,  -0.032214, 0.006679 
  -0.028409 ,  -0.031077, 0.007078 
  -0.024068 ,  -0.029960, 0.008229 
  -0.019694 ,  -0.028851, 0.010241 
  -0.015290 ,  -0.027739, 0.013059 
  -0.010862 ,  -0.026612, 0.016466 
  -0.006414 ,  -0.025456, 0.020115 
  -0.001949 ,  -0.024257, 0.023575 
  0.002527 ,  -0.023000, 0.026398 
  0.007010 ,  -0.021671, 0.028178 
  0.011495 ,  -0.020256, 0.028607 
  0.015979 ,  -0.018741, 0.027514 
  0.020457 ,  -0.017111, 0.024887 
  0.024923 ,  -0.015356, 0.020868 
  0.029374 ,  -0.013464, 0.015727 
  0.033805 ,  -0.011426, 0.009823 
  0.038211 ,  -0.009233, 0.003551 
  0.042588 ,  -0.006880, -0.002704 
  0.046932 ,  -0.004362, -0.008617 
  0.051237 ,  -0.001678, -0.013951 
  0.055500 ,  0.001171, -0.018571 
  0.059715 ,  0.004183, -0.022438 
  0.063879 ,  0.007352, -0.025590 
  0.067988 ,  0.010669, -0.028113 
  0.072036 ,  0.014126, -0.030100 
  0.076019 ,  0.017707, -0.031617 
  0.079934 ,  0.021397, -0.032683 
  0.083775 ,  0.025180, -0.033250 
  0.087540 ,  0.029033, -0.033210 
  0.091224 ,  0.032936, -0.032412 
  0.094822 ,  0.036864, -0.030691 
  0.098332 ,  0.040792, -0.027906 
  0.101748 ,  0.044692, -0.023973 
  0.105068 ,  0.048535, -0.018898 
  0.108288 ,  0.052294, -0.012797 
  0.111405 ,  0.055938, -0.005894 
  0.114414 ,  0.059438, 0.001483 
  0.117312 ,  0.062762, 0.008936 
  0.120097 ,  0.065883, 0.016034 
  0.122765 ,  0.068772, 0.022357 
  0.125313 ,  0.071399, 0.027544 
  0.127739 ,  0.073740, 0.031324 
  0.130039 ,  0.075770, 0.033550 
  0.132211 ,  0.077465, 0.034206 
  0.134252 ,  0.078805, 0.033403 
  0.136160 ,  0.079773, 0.031359 
  0.137934 ,  0.080351, 0.028368 
  0.139569 ,  0.080528, 0.024762 
  0.141066 ,  0.080294, 0.020870 
  0.142422 ,  0.079643, 0.016982 
  0.143635 ,  0.078570, 0.013323 
  0.144703 ,  0.077077, 0.010035 
  0.145626 ,  0.075166, 0.007174 
  0.146403 ,  0.072844, 0.004721 
  0.147032 ,  0.070121, 0.002594 
  0.147512 ,  0.067010, 0.000678 
  0.147842 ,  0.063527, -0.001152 
  0.148023 ,  0.059691, -0.003006 
  0.148053 ,  0.055525, -0.004960 
  0.147933 ,  0.051053, -0.007043 
  0.147662 ,  0.046301, -0.009232 
  0.147240 ,  0.041300, -0.011461 
  0.146668 ,  0.036079, -0.013625 
  0.145945 ,  0.030672, -0.015597 
  0.145074 ,  0.025111, -0.017246 
  0.144053 ,  0.019433, -0.018450 
  0.142885 ,  0.013672, -0.019110 
  0.141570 ,  0.007864, -0.019159 
  0.140109 ,  0.002045, -0.018570 
  0.138505 ,  -0.003749, -0.017354 
  0.136757 ,  -0.009484, -0.015563 
  0.134868 ,  -0.015125, -0.013278 
  0.132840 ,  -0.020639, -0.010613 
  0.130675 ,  -0.025994, -0.007699 
  0.128375 ,  -0.031160, -0.004683 
  0.125942 ,  -0.036109, -0.001719 
  0.123378 ,  -0.040814, 0.001043 
  0.120686 ,  -0.045251, 0.003460 
  0.117869 ,  -0.049400, 0.005413 
  0.114930 ,  -0.053239, 0.006807 
  0.111872 ,  -0.056753, 0.007587 
  0.108697 ,  -0.059926, 0.007741 
  0.105409 ,  -0.062749, 0.007308 
  0.102011 ,  -0.065211, 0.006375 
  0.098507 ,  -0.067305, 0.005073 
  0.094901 ,  -0.069030, 0.003572 
  0.091195 ,  -0.070382, 0.002063 
  0.087394 ,  -0.071363, 0.000740 
  0.083502 ,  -0.071976, -0.000218 
  0.079523 ,  -0.072228, -0.000668 
  0.075460 ,  -0.072125, -0.000520 
  0.071318 ,  -0.071677, 0.000251 
  0.067102 ,  -0.070895, 0.001598 
  0.062815 ,  -0.069792, 0.003409 
  0.058462 ,  -0.068383, 0.005513 
  0.054048 ,  -0.066681, 0.007703 
  0.049577 ,  -0.064705, 0.009752 
  0.045053 ,  -0.062470, 0.011446 
  0.040482 ,  -0.059994, 0.012600 
  0.035868 ,  -0.057297, 0.013082 
  0.031216 ,  -0.054396, 0.012825 
  0.026530 ,  -0.051310, 0.011835 
  0.021817 ,  -0.048059, 0.010184 
  0.017079 ,  -0.044660, 0.008000 
  0.012323 ,  -0.041133, 0.005453 
  0.007552 ,  -0.037496, 0.002732 
  0.002773 ,  -0.033767, 0.000023 
  -0.002010 ,  -0.029962, -0.002504 
  -0.006792 ,  -0.026100, -0.004718 
  -0.011568 ,  -0.022197, -0.006529 
  -0.016333 ,  -0.018268, -0.007895 
  -0.021083 ,  -0.014329, -0.008813 
  -0.025812 ,  -0.010394, -0.009317 
  -0.030516 ,  -0.006477, -0.009462 
  -0.035190 ,  -0.002592, -0.009314 
  -0.039828 ,  0.001249, -0.008940 
  -0.044427 ,  0.005032, -0.008398 
  -0.048981 ,  0.008747, -0.007735 
  -0.053487 ,  0.012382, -0.006982 
  -0.057938 ,  0.015926, -0.006163 
  -0.062332 ,  0.019368, -0.005292 
  -0.066663 ,  0.022699, -0.004384 
  -0.070927 ,  0.025909, -0.003455 
  -0.075120 ,  0.028988, -0.002529 
  -0.079237 ,  0.031928, -0.001636 
  -0.083275 ,  0.034719, -0.000811 
  -0.087229 ,  0.037354, -0.000092 
  -0.091095 ,  0.039823, 0.000486 
  -0.094870 ,  0.042119, 0.000893 
  -0.098550 ,  0.044235, 0.001111 
  -0.102131 ,  0.046163, 0.001132 
  -0.105610 ,  0.047896, 0.000960 
  -0.108983 ,  0.049428, 0.000615 
  -0.112247 ,  0.050752, 0.000122 
  -0.115398 ,  0.051864, -0.000483 
  -0.118435 ,  0.052758, -0.001158 
  -0.121353 ,  0.053429, -0.001855 
  -0.124150 ,  0.053875, -0.002521 
  -0.126824 ,  0.054092, -0.003096 
  -0.129371 ,  0.054078, -0.003512 
  -0.131790 ,  0.053832, -0.003698 
  -0.134079 ,  0.053354, -0.003575 
  -0.136234 ,  0.052644, -0.003069 
  -0.138254 ,  0.051703, -0.002119 
  -0.140138 ,  0.050536, -0.000684 
  -0.141883 ,  0.049145, 0.001240 
  -0.143489 ,  0.047535, 0.003610 
  -0.144953 ,  0.045714, 0.006327 
  -0.146275 ,  0.043687, 0.009233 
  -0.147453 ,  0.041465, 0.012116 
  -0.148487 ,  0.039055, 0.014725 
  -0.149376 ,  0.036470, 0.016789 
  -0.150119 ,  0.033720, 0.018046 
  -0.150715 ,  0.030819, 0.018278 
  -0.151165 ,  0.027780, 0.017341 
  -0.151468 ,  0.024618, 0.015193 
  -0.151624 ,  0.021348, 0.011912 
  -0.151634 ,  0.017985, 0.007701 
  -0.151497 ,  0.014547, 0.002875 
  -0.151215 ,  0.011050, -0.002161 
  -0.150787 ,  0.007511, -0.006958 
  -0.150214 ,  0.003947, -0.011065 
  -0.149498 ,  0.000376, -0.014090 
  -0.148639 ,  -0.003186, -0.015743 
  -0.147639 ,  -0.006720, -0.015878 
  -0.146498 ,  -0.010212, -0.014520 
  -0.145219 ,  -0.013645, -0.011861 
  -0.143802 ,  -0.017003, -0.008250 
  -0.142250 ,  -0.020272, -0.004150 
  -0.140564 ,  -0.023438, -0.000084 
  -0.138747 ,  -0.026489, 0.003425 
  -0.136800 ,  -0.029412, 0.005922 
  -0.134725 ,  -0.032197, 0.007074 
  -0.132526 ,  -0.034834, 0.006717 
  -0.130204 ,  -0.037315, 0.004870 
  -0.127763 ,  -0.039633, 0.001739 
  -0.125203 ,  -0.041781, -0.002314 
  -0.122530 ,  -0.043756, -0.006813 
  -0.119745 ,  -0.045553, -0.011233 
  -0.116851 ,  -0.047170, -0.015062 
  -0.113852 ,  -0.048606, -0.017869 
  -0.110750 ,  -0.049861, -0.019350 
  -0.107549 ,  -0.050934, -0.019364 
  -0.104253 ,  -0.051829, -0.017942 
  -0.100864 ,  -0.052547, -0.015275 
  -0.097386 ,  -0.053091, -0.011683 
  -0.093824 ,  -0.053464, -0.007559 
  -0.090179 ,  -0.053672, -0.003318 
  -0.086457 ,  -0.053718, 0.000661 
  -0.082661 ,  -0.053606, 0.004085 
  -0.078795 ,  -0.053342, 0.006776 
  -0.074862 ,  -0.052931, 0.008691 
  -0.070867 ,  -0.052375, 0.009908 
  -0.066813 ,  -0.051681, 0.010607 
  -0.062705 ,  -0.050852, 0.011023 
  -0.058547 ,  -0.049892, 0.011409 
  -0.054342 ,  -0.048803, 0.011982 
  -0.050095 ,  -0.047589, 0.012885 
  -0.045810 ,  -0.046252, 0.014163 
  -0.041491 ,  -0.044794, 0.015755 
  -0.037142 ,  -0.043216, 0.017499 
  -0.032768 ,  -0.041517, 0.019159 
  -0.028372 ,  -0.039700, 0.020460 
  -0.023959 ,  -0.037762, 0.021132 
  -0.019533 ,  -0.035704, 0.020949 
  -0.015098 ,  -0.033525, 0.019764 
  -0.010657 ,  -0.031223, 0.017533 
  -0.006216 ,  -0.028797, 0.014316 
  -0.001779 ,  -0.026246, 0.010277 
  0.002651 ,  -0.023568, 0.005655 
  0.007070 ,  -0.020764, 0.000736 
  0.011473 ,  -0.017831, -0.004181 
  0.015857 ,  -0.014771, -0.008821 
  0.020218 ,  -0.011584, -0.012961 
  0.024551 ,  -0.008272, -0.016447 
  0.028853 ,  -0.004837, -0.019199 
  0.033120 ,  -0.001283, -0.021207 
  0.037349 ,  0.002385, -0.022514 
  0.041535 ,  0.006161, -0.023197 
  0.045675 ,  0.010038, -0.023340 
  0.049766 ,  0.014006, -0.023018 
  0.053803 ,  0.018055, -0.022283 
  0.057785 ,  0.022174, -0.021156 
  0.061706 ,  0.026347, -0.019636 
  0.065564 ,  0.030561, -0.017708 
  0.069357 ,  0.034798, -0.015365 
  0.073079 ,  0.039041, -0.012624 
  0.076730 ,  0.043268, -0.009541 
  0.080305 ,  0.047461, -0.006221 
  0.083801 ,  0.051596, -0.002818 
  0.087217 ,  0.055650, 0.000481 
  0.090549 ,  0.059600, 0.003468 
  0.093794 ,  0.063420, 0.005948 
  0.096951 ,  0.067086, 0.007764 
  0.100016 ,  0.070572, 0.008825 
  0.102988 ,  0.073852, 0.009126 
  0.105864 ,  0.076902, 0.008757 
  0.108642 ,  0.079697, 0.007898 
  0.111320 ,  0.082212, 0.006802 
  0.113897 ,  0.084424, 0.005767 
  0.116369 ,  0.086312, 0.005097 
  0.118737 ,  0.087855, 0.005060 
  0.120997 ,  0.089035, 0.005852 
  0.123148 ,  0.089834, 0.007566 
  0.125190 ,  0.090239, 0.010170 
  0.127121 ,  0.090237, 0.013504 
  0.128939 ,  0.089819, 0.017294 
  0.130643 ,  0.088977, 0.021176 
  0.132234 ,  0.087709, 0.024736 
  0.133708 ,  0.086011, 0.027553 
  0.135067 ,  0.083888, 0.029248 
  0.136308 ,  0.081343, 0.029525 
  0.137433 ,  0.078384, 0.028203 
  0.138439 ,  0.075024, 0.025239 
  0.139327 ,  0.071276, 0.020729 
  0.140097 ,  0.067157, 0.014903 
  0.140748 ,  0.062687, 0.008096 
  0.141280 ,  0.057889, 0.000718 
  0.141694 ,  0.052789, -0.006787 
  0.141989 ,  0.047413, -0.013982 
  0.142166 ,  0.041792, -0.020478 
  0.142224 ,  0.035957, -0.025959 
  0.142165 ,  0.029941, -0.030207 
  0.141989 ,  0.023779, -0.033112 
  0.141697 ,  0.017505, -0.034666 
  0.141289 ,  0.011158, -0.034955 
  0.140766 ,  0.004771, -0.034136 
  0.140129 ,  -0.001616, -0.032414 
  0.139379 ,  -0.007969, -0.030010 
  0.138517 ,  -0.014251, -0.027143 
  0.137544 ,  -0.020427, -0.024000 
  0.136461 ,  -0.026465, -0.020728 
  0.135270 ,  -0.032331, -0.017420 
  0.133971 ,  -0.037994, -0.014115 
  0.132568 ,  -0.043428, -0.010810 
  0.131060 ,  -0.048604, -0.007466 
  0.129450 ,  -0.053500, -0.004028 
  0.127739 ,  -0.058094, -0.000446 
  0.125928 ,  -0.062368, 0.003314 
  0.124021 ,  -0.066305, 0.007246 
  0.122018 ,  -0.069894, 0.011300 
  0.119922 ,  -0.073124, 0.015375 
  0.117734 ,  -0.075988, 0.019323 
  0.115457 ,  -0.078484, 0.022960 
  0.113093 ,  -0.080609, 0.026083 
  0.110643 ,  -0.082366, 0.028491 
  0.108111 ,  -0.083759, 0.030010 
  0.105497 ,  -0.084797, 0.030515 
  0.102805 ,  -0.085487, 0.029949 
  0.100038 ,  -0.085843, 0.028338 
  0.097196 ,  -0.085878, 0.025791 
  0.094283 ,  -0.085608, 0.022495 
  0.091302 ,  -0.085050, 0.018699 
  0.088254 ,  -0.084222, 0.014685 
  0.085142 ,  -0.083144, 0.010741 
  0.081970 ,  -0.081837, 0.007121 
  0.078738 ,  -0.080320, 0.004018 
  0.075451 ,  -0.078615, 0.001536 
  0.072111 ,  -0.076742, -0.000322 
  0.068720 ,  -0.074722, -0.001657 
  0.065281 ,  -0.072575, -0.002657 
  0.061797 ,  -0.070320, -0.003574 
  0.058270 ,  -0.067975, -0.004681 
  0.054704 ,  -0.065556, -0.006231 
  0.051101 ,  -0.063080, -0.008412 
  0.047464 ,  -0.060560, -0.011309 
  0.043796 ,  -0.058008, -0.014880 
  0.040099 ,  -0.055435, -0.018941 
  0.036377 ,  -0.052851, -0.023186 
  0.032631 ,  -0.050262, -0.027206 
  0.028866 ,  -0.047673, -0.030542 
  0.025083 ,  -0.045088, -0.032738 
  0.021286 ,  -0.042509, -0.033402 
  0.017478 ,  -0.039936, -0.032264 
  0.013661 ,  -0.037367, -0.029217 
  0.009837 ,  -0.034801, -0.024347 
  0.006011 ,  -0.032232, -0.017934 
  0.002185 ,  -0.029656, -0.010430 
  -0.001640 ,  -0.027067, -0.002415 
  -0.005459 ,  -0.024458, 0.005461 
  -0.009270 ,  -0.021822, 0.012553 
  -0.013070 ,  -0.019152, 0.018294 
  -0.016857 ,  -0.016440, 0.022254 
  -0.020628 ,  -0.013680, 0.024196 
  -0.024380 ,  -0.010863, 0.024095 
  -0.028110 ,  -0.007985, 0.022140 
  -0.031817 ,  -0.005039, 0.018707 
  -0.035496 ,  -0.002021, 0.014311 
  -0.039147 ,  0.001072, 0.009543 
  -0.042765 ,  0.004243, 0.004993 
  -0.046349 ,  0.007491, 0.001189 
  -0.049896 ,  0.010817, -0.001470 
  -0.053404 ,  0.014216, -0.002749 
  -0.056870 ,  0.017686, -0.002598 
  -0.060292 ,  0.021219, -0.001146 
  -0.063666 ,  0.024808, 0.001330 
  -0.066992 ,  0.028444, 0.004441 
  -0.070267 ,  0.032114, 0.007752 
  -0.073488 ,  0.035807, 0.010829 
  -0.076654 ,  0.039508, 0.013301 
  -0.079761 ,  0.043200, 0.014890 
  -0.082809 ,  0.046867, 0.015443 
  -0.085794 ,  0.050490, 0.014933 
  -0.088715 ,  0.054051, 0.013451 
  -0.091570 ,  0.057529, 0.011176 
  -0.094356 ,  0.060905, 0.008343 
  -0.097072 ,  0.064156, 0.005208 
  -0.099717 ,  0.067263, 0.002006 
  -0.102287 ,  0.070206, -0.001069 
  -0.104782 ,  0.072963, -0.003883 
  -0.107200 ,  0.075515, -0.006368 
  -0.109538 ,  0.077845, -0.008513 
  -0.111796 ,  0.079933, -0.010349 
  -0.113972 ,  0.081764, -0.011930 
  -0.116064 ,  0.083324, -0.013310 
  -0.118071 ,  0.084599, -0.014526 
  -0.119992 ,  0.085578, -0.015586 
  -0.121824 ,  0.086252, -0.016466 
  -0.123568 ,  0.086614, -0.017114 
  -0.125221 ,  0.086658, -0.017455 
  -0.126782 ,  0.086383, -0.017412 
  -0.128251 ,  0.085788, -0.016916 
  -0.129626 ,  0.084874, -0.015918 
  -0.130907 ,  0.083647, -0.014402 
  -0.132092 ,  0.082112, -0.012386 
  -0.133180 ,  0.080279, -0.009922 
  -0.134171 ,  0.078159, -0.007087 
  -0.135064 ,  0.075763, -0.003978 
  -0.135859 ,  0.073106, -0.000702 
  -0.136554 ,  0.070206, 0.002633 
  -0.137149 ,  0.067079, 0.005918 
  -0.137644 ,  0.063745, 0.009051 
  -0.138039 ,  0.060223, 0.011928 
  -0.138332 ,  0.056535, 0.014446 
  -0.138524 ,  0.052703, 0.016498 
  -0.138615 ,  0.048747, 0.017973 
  -0.138604 ,  0.044690, 0.018766 
  -0.138492 ,  0.040555, 0.018782 
  -0.138277 ,  0.036362, 0.017955 
  -0.137962 ,  0.032133, 0.016264 
  -0.137544 ,  0.027888, 0.013747 
  -0.137026 ,  0.023646, 0.010518 
  -0.136407 ,  0.019427, 0.006772 
  -0.135687 ,  0.015245, 0.002775 
  -0.134867 ,  0.011118, -0.001149 
  -0.133947 ,  0.007058, -0.004648 
  -0.132929 ,  0.003079, -0.007382 
  -0.131812 ,  -0.000810, -0.009060 
  -0.130597 ,  -0.004599, -0.009487 
  -0.129285 ,  -0.008282, -0.008595 
  -0.127877 ,  -0.011853, -0.006465 
  -0.126375 ,  -0.015310, -0.003329 
  -0.124777 ,  -0.018650, 0.000446 
  -0.123087 ,  -0.021872, 0.004393 
  -0.121305 ,  -0.024979, 0.008001 
  -0.119433 ,  -0.027973, 0.010771 
  -0.117470 ,  -0.030858, 0.012285 
  -0.115420 ,  -0.033638, 0.012262 
  -0.113283 ,  -0.036320, 0.010596 
  -0.111061 ,  -0.038909, 0.007381 
  -0.108755 ,  -0.041412, 0.002904 
  -0.106367 ,  -0.043836, -0.002388 
  -0.103898 ,  -0.046188, -0.007938 
  -0.101351 ,  -0.048475, -0.013150 
  -0.098727 ,  -0.050702, -0.017460 
  -0.096028 ,  -0.052876, -0.020413 
  -0.093256 ,  -0.055001, -0.021718 
  -0.090413 ,  -0.057080, -0.021283 
  -0.087500 ,  -0.059117, -0.019224 
  -0.084521 ,  -0.061113, -0.015849 
  -0.081477 ,  -0.063067, -0.011610 
  -0.078371 ,  -0.064977, -0.007040 
  -0.075204 ,  -0.066841, -0.002679 
  -0.071979 ,  -0.068652, 0.000998 
  -0.068698 ,  -0.070405, 0.003645 
  -0.065365 ,  -0.072090, 0.005090 
  -0.061980 ,  -0.073698, 0.005347 
  -0.058548 ,  -0.075217, 0.004613 
  -0.055069 ,  -0.076634, 0.003223 
  -0.051548 ,  -0.077934, 0.001601 
  -0.047987 ,  -0.079101, 0.000189 
  -0.044388 ,  -0.080119, -0.000619 
  -0.040753 ,  -0.080970, -0.000542 
  -0.037087 ,  -0.081636, 0.000551 
  -0.033391 ,  -0.082099, 0.002619 
  -0.029669 ,  -0.082339, 0.005457 
  -0.025923 ,  -0.082338, 0.008729 
  -0.022156 ,  -0.082078, 0.012015 
  -0.018372 ,  -0.081542, 0.014875 
  -0.014572 ,  -0.080713, 0.016914 
  -0.010761 ,  -0.079577, 0.017835 
  -0.006940 ,  -0.078119, 0.017480 
  -0.003114 ,  -0.076329, 0.015852 
  0.000716 ,  -0.074197, 0.013109 
  0.004545 ,  -0.071715, 0.009535 
  0.008372 ,  -0.068878, 0.005502 
  0.012192 ,  -0.065685, 0.001414 
  0.016003 ,  -0.062137, -0.002351 
  0.019802 ,  -0.058238, -0.005486 
  0.023586 ,  -0.053994, -0.007793 
  0.027352 ,  -0.049416, -0.009201 
  0.031096 ,  -0.044517, -0.009762 
  0.034816 ,  -0.039314, -0.009629 
  0.038509 ,  -0.033828, -0.009026 
  0.042172 ,  -0.028081, -0.008199 
  0.045801 ,  -0.022099, -0.007376 
  0.049395 ,  -0.015911, -0.006730 
  0.052949 ,  -0.009548, -0.006351 
  0.056461 ,  -0.003046, -0.006242 
  0.059928 ,  0.003561, -0.006322 
  0.063347 ,  0.010233, -0.006450 
  0.066716 ,  0.016932, -0.006457 
  0.070032 ,  0.023616, -0.006181 
  0.073292 ,  0.030243, -0.005507 
  0.076492 ,  0.036771, -0.004386 
  0.079632 ,  0.043158, -0.002856 
  0.082707 ,  0.049360, -0.001039 
  0.085716 ,  0.055337, 0.000876 
  0.088656 ,  0.061048, 0.002656 
  0.091525 ,  0.066453, 0.004067 
  0.094319 ,  0.071516, 0.004905 
  0.097038 ,  0.076200, 0.005036 
  0.099678 ,  0.080474, 0.004416 
  0.102237 ,  0.084308, 0.003108 
  0.104714 ,  0.087675, 0.001275 
  0.107106 ,  0.090552, -0.000836 
  0.109411 ,  0.092920, -0.002926 
  0.111627 ,  0.094763, -0.004681 
  0.113753 ,  0.096070, -0.005812 
  0.115786 ,  0.096833, -0.006095 
  0.117726 ,  0.097051, -0.005401 
  0.119570 ,  0.096724, -0.003713 
  0.121317 ,  0.095858, -0.001131 
  0.122965 ,  0.094464, 0.002141 
  0.124513 ,  0.092556, 0.005810 
  0.125961 ,  0.090151, 0.009535 
  0.127306 ,  0.087274, 0.012958 
  0.128547 ,  0.083949, 0.015743 
  0.129685 ,  0.080206, 0.017609 
  0.130717 ,  0.076078, 0.018357 
  0.131643 ,  0.071600, 0.017884 
  0.132462 ,  0.066810, 0.016194 
  0.133174 ,  0.061749, 0.013387 
  0.133779 ,  0.056458, 0.009651 
  0.134275 ,  0.050980, 0.005239 
  0.134662 ,  0.045360, 0.000448 
  0.134941 ,  0.039641, -0.004409 
  0.135112 ,  0.033869, -0.009028 
  0.135173 ,  0.028087, -0.013132 
  0.135126 ,  0.022339, -0.016489 
  0.134970 ,  0.016667, -0.018928 
  0.134706 ,  0.011112, -0.020341 
  0.134335 ,  0.005712, -0.020691 
  0.133856 ,  0.000502, -0.020007 
  0.133271 ,  -0.004482, -0.018379 
  0.132579 ,  -0.009212, -0.015948 
  0.131783 ,  -0.013658, -0.012895 
  0.130882 ,  -0.017798, -0.009428 
  0.129878 ,  -0.021611, -0.005762 
  0.128773 ,  -0.025080, -0.002108 
  0.127566 ,  -0.028192, 0.001342 
  0.126259 ,  -0.030937, 0.004430 
  0.124855 ,  -0.033312, 0.007039 
  0.123354 ,  -0.035313, 0.009101 
  0.121757 ,  -0.036944, 0.010593 
  0.120068 ,  -0.038210, 0.011534 
  0.118286 ,  -0.039121, 0.011979 
  0.116415 ,  -0.039688, 0.012003 
  0.114456 ,  -0.039927, 0.011693 
  0.112410 ,  -0.039856, 0.011131 
  0.110281 ,  -0.039497, 0.010386 
  0.108070 ,  -0.038871, 0.009508 
  0.105780 ,  -0.038003, 0.008526 
  0.103413 ,  -0.036918, 0.007450 
  0.100971 ,  -0.035645, 0.006277 
  0.098456 ,  -0.034210, 0.005004 
  0.095872 ,  -0.032642, 0.003633 
  0.093221 ,  -0.030969, 0.002182 
  0.090505 ,  -0.029217, 0.000690 
  0.087727 ,  -0.027415, -0.000786 
  0.084891 ,  -0.025589, -0.002177 
  0.081997 ,  -0.023761, -0.003406 
  0.079051 ,  -0.021957, -0.004409 
  0.076054 ,  -0.020196, -0.005142 
  0.073010 ,  -0.018498, -0.005593 
  0.069921 ,  -0.016879, -0.005792 
  0.066790 ,  -0.015354, -0.005806 
  0.063621 ,  -0.013935, -0.005735 
  0.060417 ,  -0.012631, -0.005695 
  0.057181 ,  -0.011447, -0.005797 
  0.053915 ,  -0.010389, -0.006126 
  0.050624 ,  -0.009457, -0.006724 
  0.047309 ,  -0.008650, -0.007568 
  0.043975 ,  -0.007963, -0.008570 
  0.040625 ,  -0.007392, -0.009575 
  0.037262 ,  -0.006928, -0.010385 
  0.033889 ,  -0.006561, -0.010779 
  0.030509 ,  -0.006279, -0.010545 
  0.027125 ,  -0.006069, -0.009520 
  0.023741 ,  -0.005916, -0.007620 
  0.020360 ,  -0.005806, -0.004858 
  0.016985 ,  -0.005723, -0.001365 
  0.013619 ,  -0.005650, 0.002628 
  0.010266 ,  -0.005572, 0.006798 
  0.006928 ,  -0.005474, 0.010777 
  0.003608 ,  -0.005339, 0.014191 
  0.000310 ,  -0.005155, 0.016707 
  -0.002963 ,  -0.004908, 0.018085 
  -0.006209 ,  -0.004587, 0.018207 
  -0.009425 ,  -0.004182, 0.017098 
  -0.012607 ,  -0.003686, 0.014929 
  -0.015753 ,  -0.003092, 0.011991 
  -0.018860 ,  -0.002397, 0.008658 
  -0.021926 ,  -0.001599, 0.005339 
  -0.024947 ,  -0.000700, 0.002416 
  -0.027921 ,  0.000297, 0.000195 
  -0.030845 ,  0.001387, -0.001146 
  -0.033717 ,  0.002562, -0.001573 
  -0.036535 ,  0.003810, -0.001205 
  -0.039297 ,  0.005120, -0.000298 
  -0.041999 ,  0.006478, 0.000805 
  -0.044640 ,  0.007866, 0.001717 
  -0.047217 ,  0.009268, 0.002080 
  -0.049729 ,  0.010664, 0.001617 
  -0.052173 ,  0.012033, 0.000185 
  -0.054549 ,  0.013355, -0.002196 
  -0.056853 ,  0.014607, -0.005342 
  -0.059084 ,  0.015769, -0.008921 
  -0.061241 ,  0.016818, -0.012500 
  -0.063322 ,  0.017733, -0.015605 
  -0.065326 ,  0.018494, -0.017792 
  -0.067250 ,  0.019081, -0.018710 
  -0.069095 ,  0.019476, -0.018165 
  -0.070859 ,  0.019664, -0.016148 
  -0.072540 ,  0.019630, -0.012845 
  -0.074138 ,  0.019361, -0.008619 
  -0.075652 ,  0.018849, -0.003962 
  -0.077082 ,  0.018087, 0.000568 
  -0.078425 ,  0.017071, 0.004428 
  -0.079683 ,  0.015799, 0.007166 
  -0.080854 ,  0.014275, 0.008481 
  -0.081938 ,  0.012503, 0.008276 
  -0.082935 ,  0.010493, 0.006669 
  -0.083845 ,  0.008254, 0.003983 
  -0.084667 ,  0.005804, 0.000699 
  -0.085402 ,  0.003158, -0.002604 
  -0.086049 ,  0.000339, -0.005330 
  -0.086609 ,  -0.002632, -0.006955 
  -0.087082 ,  -0.005727, -0.007094 
  -0.087469 ,  -0.008920, -0.005562 
  -0.087770 ,  -0.012180, -0.002399 
  -0.087985 ,  -0.015475, 0.002127 
  -0.088116 ,  -0.018774, 0.007553 
  -0.088162 ,  -0.022042, 0.013283 
  -0.088126 ,  -0.025246, 0.018658 
  -0.088008 ,  -0.028350, 0.023046 
  -0.087808 ,  -0.031322, 0.025918 
  -0.087529 ,  -0.034127, 0.026915 
  -0.087170 ,  -0.036732, 0.025892 
  -0.086734 ,  -0.039108, 0.022935 
  -0.086222 ,  -0.041225, 0.018342 
  -0.085635 ,  -0.043055, 0.012585 
  -0.084975 ,  -0.044574, 0.006246 
  -0.084243 ,  -0.045760, -0.000056 
  -0.083441 ,  -0.046595, -0.005745 
  -0.082571 ,  -0.047062, -0.010351 
  -0.081634 ,  -0.047151, -0.013570 
  -0.080633 ,  -0.046851, -0.015287 
  -0.079568 ,  -0.046159, -0.015583 
  -0.078443 ,  -0.045075, -0.014714 
  -0.077258 ,  -0.043601, -0.013066 
  -0.076017 ,  -0.041744, -0.011100 
  -0.074721 ,  -0.039515, -0.009284 
  -0.073372 ,  -0.036930, -0.008032 
  -0.071973 ,  -0.034006, -0.007646 
  -0.070526 ,  -0.030766, -0.008284 
  -0.069032 ,  -0.027235, -0.009933 
  -0.067495 ,  -0.023440, -0.012418 
  -0.065916 ,  -0.019413, -0.015419 
  -0.064298 ,  -0.015186, -0.018514 
  -0.062643 ,  -0.010795, -0.021230 
  -0.060954 ,  -0.006277, -0.023094 
  -0.059233 ,  -0.001669, -0.023691 
  -0.057482 ,  0.002989, -0.022712 
  -0.055704 ,  0.007657, -0.019988 
  -0.053902 ,  0.012297, -0.015511 
  -0.052077 ,  0.016870, -0.009437 
  -0.050232 ,  0.021336, -0.002079 
  -0.048369 ,  0.025659, 0.006124 
  -0.046492 ,  0.029803, 0.014642 
  -0.044602 ,  0.033734, 0.022900 
  -0.042701 ,  0.037422, 0.030324 
  -0.040793 ,  0.040837, 0.036391 
  -0.038879 ,  0.043953, 0.040668 
  -0.036962 ,  0.046747, 0.042852 
  -0.035044 ,  0.049200, 0.042786 
  -0.033127 ,  0.051296, 0.040478 
  -0.031214 ,  0.053021, 0.036092 
  -0.029307 ,  0.054368, 0.029939 
  -0.027408 ,  0.055331, 0.022449 
