   24m__28m 
  0.060797 ,  -0.075767, -0.014845 
  0.062468 ,  -0.075547, -0.020375 
  0.064087 ,  -0.075021, -0.024970 
  0.065652 ,  -0.074178, -0.028148 
  0.067162 ,  -0.073007, -0.029509 
  0.068613 ,  -0.071500, -0.028796 
  0.070005 ,  -0.069654, -0.025929 
  0.071334 ,  -0.067464, -0.021035 
  0.072599 ,  -0.064931, -0.014444 
  0.073799 ,  -0.062057, -0.006667 
  0.074931 ,  -0.058848, 0.001648 
  0.075994 ,  -0.055312, 0.009784 
  0.076986 ,  -0.051458, 0.017033 
  0.077906 ,  -0.047302, 0.022771 
  0.078752 ,  -0.042857, 0.026536 
  0.079524 ,  -0.038143, 0.028077 
  0.080219 ,  -0.033180, 0.027384 
  0.080838 ,  -0.027991, 0.024687 
  0.081379 ,  -0.022601, 0.020429 
  0.081841 ,  -0.017036, 0.015199 
  0.082224 ,  -0.011325, 0.009662 
  0.082528 ,  -0.005496, 0.004469 
  0.082751 ,  0.000419, 0.000168 
  0.082893 ,  0.006390, -0.002861 
  0.082955 ,  0.012385, -0.004455 
  0.082935 ,  0.018371, -0.004687 
  0.082835 ,  0.024317, -0.003844 
  0.082654 ,  0.030190, -0.002382 
  0.082393 ,  0.035961, -0.000847 
  0.082052 ,  0.041598, 0.000204 
  0.081631 ,  0.047073, 0.000300 
  0.081132 ,  0.052358, -0.000872 
  0.080554 ,  0.057426, -0.003408 
  0.079899 ,  0.062254, -0.007169 
  0.079168 ,  0.066818, -0.011787 
  0.078362 ,  0.071100, -0.016719 
  0.077482 ,  0.075080, -0.021312 
  0.076529 ,  0.078745, -0.024899 
  0.075506 ,  0.082079, -0.026896 
  0.074412 ,  0.085074, -0.026883 
  0.073251 ,  0.087722, -0.024671 
  0.072024 ,  0.090017, -0.020335 
  0.070732 ,  0.091956, -0.014205 
  0.069378 ,  0.093541, -0.006834 
  0.067963 ,  0.094772, 0.001082 
  0.066491 ,  0.095656, 0.008787 
  0.064962 ,  0.096198, 0.015566 
  0.063380 ,  0.096409, 0.020838 
  0.061747 ,  0.096300, 0.024224 
  0.060064 ,  0.095882, 0.025589 
  0.058336 ,  0.095171, 0.025052 
  0.056563 ,  0.094183, 0.022948 
  0.054750 ,  0.092934, 0.019778 
  0.052899 ,  0.091443, 0.016118 
  0.051012 ,  0.089728, 0.012539 
  0.049092 ,  0.087809, 0.009513 
  0.047143 ,  0.085704, 0.007355 
  0.045166 ,  0.083434, 0.006179 
  0.043166 ,  0.081018, 0.005894 
  0.041145 ,  0.078475, 0.006229 
  0.039106 ,  0.075824, 0.006792 
  0.037052 ,  0.073082, 0.007138 
  0.034987 ,  0.070268, 0.006852 
  0.032912 ,  0.067397, 0.005623 
  0.030832 ,  0.064484, 0.003298 
  0.028750 ,  0.061543, -0.000090 
  0.026667 ,  0.058587, -0.004320 
  0.024589 ,  0.055628, -0.009021 
  0.022517 ,  0.052675, -0.013726 
  0.020454 ,  0.049737, -0.017943 
  0.018404 ,  0.046821, -0.021234 
  0.016370 ,  0.043933, -0.023275 
  0.014354 ,  0.041079, -0.023906 
  0.012360 ,  0.038260, -0.023150 
  0.010389 ,  0.035479, -0.021198 
  0.008446 ,  0.032737, -0.018374 
  0.006533 ,  0.030035, -0.015075 
  0.004652 ,  0.027370, -0.011699 
  0.002806 ,  0.024741, -0.008578 
  0.000998 ,  0.022145, -0.005926 
  -0.000770 ,  0.019579, -0.003804 
  -0.002495 ,  0.017039, -0.002121 
  -0.004176 ,  0.014521, -0.000659 
  -0.005809 ,  0.012021, 0.000876 
  -0.007394 ,  0.009534, 0.002784 
  -0.008927 ,  0.007055, 0.005300 
  -0.010406 ,  0.004580, 0.008527 
  -0.011831 ,  0.002104, 0.012397 
  -0.013199 ,  -0.000378, 0.016657 
  -0.014508 ,  -0.002868, 0.020886 
  -0.015757 ,  -0.005370, 0.024549 
  -0.016945 ,  -0.007888, 0.027074 
  -0.018070 ,  -0.010424, 0.027943 
  -0.019132 ,  -0.012980, 0.026782 
  -0.020128 ,  -0.015558, 0.023439 
  -0.021058 ,  -0.018158, 0.018027 
  -0.021922 ,  -0.020781, 0.010937 
  -0.022718 ,  -0.023427, 0.002803 
  -0.023446 ,  -0.026095, -0.005563 
  -0.024106 ,  -0.028784, -0.013277 
  -0.024697 ,  -0.031491, -0.019494 
  -0.025219 ,  -0.034215, -0.023524 
  -0.025672 ,  -0.036952, -0.024932 
  -0.026056 ,  -0.039699, -0.023600 
  -0.026372 ,  -0.042452, -0.019753 
  -0.026619 ,  -0.045208, -0.013928 
  -0.026799 ,  -0.047961, -0.006912 
  -0.026912 ,  -0.050706, 0.000369 
  -0.026958 ,  -0.053439, 0.006972 
  -0.026938 ,  -0.056154, 0.012062 
  -0.026854 ,  -0.058845, 0.015033 
  -0.026707 ,  -0.061507, 0.015578 
  -0.026497 ,  -0.064133, 0.013731 
  -0.026227 ,  -0.066716, 0.009857 
  -0.025897 ,  -0.069250, 0.004589 
  -0.025510 ,  -0.071728, -0.001266 
  -0.025067 ,  -0.074143, -0.006848 
  -0.024569 ,  -0.076487, -0.011367 
  -0.024020 ,  -0.078752, -0.014218 
  -0.023420 ,  -0.080932, -0.015061 
  -0.022773 ,  -0.083017, -0.013866 
  -0.022080 ,  -0.084999, -0.010908 
  -0.021343 ,  -0.086869, -0.006712 
  -0.020566 ,  -0.088617, -0.001972 
  -0.019750 ,  -0.090235, 0.002560 
  -0.018898 ,  -0.091713, 0.006195 
  -0.018014 ,  -0.093040, 0.008405 
  -0.017099 ,  -0.094205, 0.008905 
  -0.016157 ,  -0.095199, 0.007687 
  -0.015190 ,  -0.096010, 0.005019 
  -0.014202 ,  -0.096627, 0.001394 
  -0.013195 ,  -0.097039, -0.002552 
  -0.012173 ,  -0.097234, -0.006138 
  -0.011138 ,  -0.097201, -0.008750 
  -0.010094 ,  -0.096929, -0.009934 
  -0.009044 ,  -0.096406, -0.009466 
  -0.007992 ,  -0.095622, -0.007383 
  -0.006939 ,  -0.094567, -0.003974 
  -0.005890 ,  -0.093230, 0.000265 
  -0.004849 ,  -0.091603, 0.004713 
  -0.003817 ,  -0.089677, 0.008720 
  -0.002799 ,  -0.087445, 0.011703 
  -0.001797 ,  -0.084902, 0.013238 
  -0.000815 ,  -0.082041, 0.013117 
  0.000144 ,  -0.078860, 0.011378 
  0.001076 ,  -0.075358, 0.008295 
  0.001979 ,  -0.071533, 0.004326 
  0.002850 ,  -0.067389, 0.000047 
  0.003684 ,  -0.062928, -0.003939 
  0.004481 ,  -0.058158, -0.007094 
  0.005235 ,  -0.053086, -0.009017 
  0.005945 ,  -0.047723, -0.009500 
  0.006608 ,  -0.042082, -0.008550 
  0.007221 ,  -0.036178, -0.006374 
  0.007781 ,  -0.030028, -0.003340 
  0.008285 ,  -0.023654, 0.000090 
  0.008731 ,  -0.017077, 0.003432 
  0.009118 ,  -0.010322, 0.006259 
  0.009441 ,  -0.003416, 0.008256 
  0.009700 ,  0.003612, 0.009262 
  0.009891 ,  0.010730, 0.009281 
  0.010014 ,  0.017908, 0.008466 
  0.010065 ,  0.025109, 0.007077 
  0.010044 ,  0.032299, 0.005427 
  0.009949 ,  0.039441, 0.003818 
  0.009778 ,  0.046498, 0.002491 
  0.009529 ,  0.053432, 0.001583 
  0.009202 ,  0.060205, 0.001106 
  0.008796 ,  0.066779, 0.000957 
  0.008309 ,  0.073117, 0.000942 
  0.007741 ,  0.079181, 0.000824 
  0.007090 ,  0.084938, 0.000373 
  0.006358 ,  0.090352, -0.000586 
  0.005542 ,  0.095392, -0.002127 
  0.004643 ,  0.100027, -0.004207 
  0.003661 ,  0.104231, -0.006669 
  0.002595 ,  0.107978, -0.009259 
  0.001447 ,  0.111246, -0.011674 
  0.000216 ,  0.114018, -0.013614 
  -0.001096 ,  0.116277, -0.014831 
  -0.002490 ,  0.118014, -0.015176 
  -0.003964 ,  0.119220, -0.014626 
  -0.005518 ,  0.119892, -0.013291 
  -0.007149 ,  0.120030, -0.011394 
  -0.008858 ,  0.119639, -0.009229 
  -0.010641 ,  0.118728, -0.007111 
  -0.012498 ,  0.117310, -0.005314 
  -0.014427 ,  0.115400, -0.004022 
  -0.016426 ,  0.113020, -0.003283 
  -0.018492 ,  0.110193, -0.003003 
  -0.020624 ,  0.106947, -0.002949 
  -0.022819 ,  0.103313, -0.002791 
  -0.025075 ,  0.099323, -0.002160 
  -0.027388 ,  0.095015, -0.000711 
  -0.029757 ,  0.090426, 0.001801 
  -0.032177 ,  0.085597, 0.005467 
  -0.034647 ,  0.080569, 0.010188 
  -0.037163 ,  0.075384, 0.015666 
  -0.039721 ,  0.070087, 0.021430 
  -0.042318 ,  0.064719, 0.026890 
  -0.044951 ,  0.059324, 0.031413 
  -0.047615 ,  0.053945, 0.034407 
  -0.050308 ,  0.048623, 0.035410 
  -0.053026 ,  0.043397, 0.034157 
  -0.055764 ,  0.038305, 0.030626 
  -0.058518 ,  0.033382, 0.025046 
  -0.061285 ,  0.028661, 0.017876 
  -0.064060 ,  0.024171, 0.009746 
  -0.066840 ,  0.019938, 0.001379 
  -0.069619 ,  0.015986, -0.006509 
  -0.072394 ,  0.012333, -0.013292 
  -0.075160 ,  0.008994, -0.018518 
  -0.077913 ,  0.005979, -0.021957 
  -0.080648 ,  0.003297, -0.023617 
  -0.083362 ,  0.000948, -0.023730 
  -0.086049 ,  -0.001068, -0.022699 
  -0.088704 ,  -0.002758, -0.021025 
  -0.091325 ,  -0.004130, -0.019221 
  -0.093905 ,  -0.005199, -0.017728 
  -0.096442 ,  -0.005981, -0.016849 
  -0.098929 ,  -0.006497, -0.016701 
  -0.101363 ,  -0.006770, -0.017204 
  -0.103740 ,  -0.006826, -0.018102 
  -0.106055 ,  -0.006694, -0.019014 
  -0.108303 ,  -0.006405, -0.019503 
  -0.110482 ,  -0.005990, -0.019152 
  -0.112585 ,  -0.005483, -0.017646 
  -0.114610 ,  -0.004917, -0.014825 
  -0.116552 ,  -0.004328, -0.010719 
  -0.118408 ,  -0.003749, -0.005552 
  -0.120173 ,  -0.003214, 0.000288 
  -0.121844 ,  -0.002756, 0.006303 
  -0.123416 ,  -0.002405, 0.011955 
  -0.124888 ,  -0.002192, 0.016747 
  -0.126254 ,  -0.002143, 0.020290 
  -0.127513 ,  -0.002284, 0.022357 
  -0.128660 ,  -0.002636, 0.022915 
  -0.129692 ,  -0.003218, 0.022115 
  -0.130607 ,  -0.004046, 0.020272 
  -0.131402 ,  -0.005132, 0.017801 
  -0.132075 ,  -0.006483, 0.015157 
  -0.132622 ,  -0.008106, 0.012759 
  -0.133042 ,  -0.010000, 0.010930 
  -0.133332 ,  -0.012163, 0.009851 
  -0.133491 ,  -0.014588, 0.009541 
  -0.133516 ,  -0.017265, 0.009864 
  -0.133407 ,  -0.020179, 0.010558 
  -0.133161 ,  -0.023314, 0.011291 
  -0.132778 ,  -0.026648, 0.011718 
  -0.132255 ,  -0.030159, 0.011540 
  -0.131594 ,  -0.033821, 0.010561 
  -0.130792 ,  -0.037605, 0.008711 
  -0.129849 ,  -0.041480, 0.006063 
  -0.128766 ,  -0.045415, 0.002811 
  -0.127541 ,  -0.049378, -0.000761 
  -0.126176 ,  -0.053332, -0.004330 
  -0.124669 ,  -0.057246, -0.007589 
  -0.123023 ,  -0.061082, -0.010297 
  -0.121237 ,  -0.064809, -0.012314 
  -0.119313 ,  -0.068391, -0.013622 
  -0.117251 ,  -0.071798, -0.014317 
  -0.115054 ,  -0.074997, -0.014583 
  -0.112722 ,  -0.077960, -0.014657 
  -0.110257 ,  -0.080660, -0.014770 
  -0.107661 ,  -0.083072, -0.015106 
  -0.104937 ,  -0.085175, -0.015758 
  -0.102086 ,  -0.086949, -0.016705 
  -0.099111 ,  -0.088378, -0.017814 
  -0.096015 ,  -0.089451, -0.018851 
  -0.092801 ,  -0.090156, -0.019530 
  -0.089471 ,  -0.090488, -0.019554 
  -0.086029 ,  -0.090445, -0.018671 
  -0.082479 ,  -0.090026, -0.016722 
  -0.078824 ,  -0.089236, -0.013676 
  -0.075068 ,  -0.088081, -0.009641 
  -0.071214 ,  -0.086573, -0.004858 
  -0.067267 ,  -0.084723, 0.000334 
  -0.063232 ,  -0.082548, 0.005538 
  -0.059111 ,  -0.080066, 0.010360 
  -0.054911 ,  -0.077296, 0.014459 
  -0.050635 ,  -0.074263, 0.017598 
  -0.046289 ,  -0.070989, 0.019668 
  -0.041877 ,  -0.067500, 0.020696 
  -0.037405 ,  -0.063823, 0.020830 
  -0.032877 ,  -0.059984, 0.020303 
  -0.028299 ,  -0.056011, 0.019384 
  -0.023676 ,  -0.051932, 0.018328 
  -0.019014 ,  -0.047774, 0.017325 
  -0.014317 ,  -0.043564, 0.016469 
  -0.009593 ,  -0.039327, 0.015741 
  -0.004846 ,  -0.035090, 0.015024 
  -0.000082 ,  -0.030876, 0.014127 
  0.004693 ,  -0.026706, 0.012833 
  0.009474 ,  -0.022601, 0.010958 
  0.014254 ,  -0.018580, 0.008395 
  0.019027 ,  -0.014659, 0.005159 
  0.023789 ,  -0.010852, 0.001403 
  0.028532 ,  -0.007171, -0.002589 
  0.033251 ,  -0.003625, -0.006436 
  0.037940 ,  -0.000223, -0.009714 
  0.042593 ,  0.003032, -0.012029 
  0.047205 ,  0.006135, -0.013085 
  0.051769 ,  0.009086, -0.012748 
  0.056280 ,  0.011888, -0.011087 
  0.060732 ,  0.014542, -0.008385 
  0.065119 ,  0.017055, -0.005115 
  0.069436 ,  0.019433, -0.001884 
  0.073678 ,  0.021684, 0.000652 
  0.077838 ,  0.023818, 0.001885 
  0.081912 ,  0.025845, 0.001358 
  0.085895 ,  0.027776, -0.001156 
  0.089780 ,  0.029624, -0.005591 
  0.093564 ,  0.031401, -0.011576 
  0.097240 ,  0.033118, -0.018458 
  0.100806 ,  0.034788, -0.025374 
  0.104255 ,  0.036423, -0.031359 
  0.107584 ,  0.038035, -0.035465 
  0.110788 ,  0.039634, -0.036902 
  0.113863 ,  0.041229, -0.035147 
  0.116805 ,  0.042830, -0.030033 
  0.119610 ,  0.044444, -0.021792 
  0.122274 ,  0.046077, -0.011040 
  0.124795 ,  0.047734, 0.001280 
  0.127168 ,  0.049418, 0.014011 
  0.129391 ,  0.051130, 0.025918 
  0.131461 ,  0.052871, 0.035837 
  0.133375 ,  0.054639, 0.042819 
  0.135131 ,  0.056431, 0.046251 
  0.136726 ,  0.058242, 0.045919 
  0.138158 ,  0.060066, 0.042039 
  0.139426 ,  0.061894, 0.035212 
  0.140528 ,  0.063718, 0.026345 
  0.141463 ,  0.065528, 0.016523 
  0.142229 ,  0.067311, 0.006869 
  0.142826 ,  0.069056, -0.001605 
  0.143252 ,  0.070748, -0.008120 
  0.143508 ,  0.072374, -0.012219 
  0.143593 ,  0.073919, -0.013810 
  0.143507 ,  0.075368, -0.013150 
  0.143251 ,  0.076706, -0.010786 
  0.142825 ,  0.077918, -0.007457 
  0.142229 ,  0.078988, -0.003969 
  0.141465 ,  0.079903, -0.001068 
  0.140534 ,  0.080648, 0.000671 
  0.139437 ,  0.081208, 0.000927 
  0.138176 ,  0.081573, -0.000328 
  0.136753 ,  0.081729, -0.002835 
  0.135169 ,  0.081666, -0.006104 
  0.133429 ,  0.081374, -0.009499 
  0.131532 ,  0.080846, -0.012352 
  0.129484 ,  0.080073, -0.014072 
  0.127286 ,  0.079050, -0.014248 
  0.124942 ,  0.077774, -0.012719 
  0.122455 ,  0.076242, -0.009602 
  0.119829 ,  0.074452, -0.005283 
  0.117068 ,  0.072405, -0.000356 
  0.114175 ,  0.070104, 0.004465 
  0.111155 ,  0.067552, 0.008459 
  0.108012 ,  0.064753, 0.011003 
  0.104751 ,  0.061716, 0.011679 
  0.101377 ,  0.058448, 0.010336 
  0.097894 ,  0.054958, 0.007121 
  0.094307 ,  0.051257, 0.002462 
  0.090621 ,  0.047358, -0.002991 
  0.086842 ,  0.043273, -0.008455 
  0.082976 ,  0.039017, -0.013132 
  0.079027 ,  0.034605, -0.016320 
  0.075002 ,  0.030052, -0.017514 
  0.070906 ,  0.025377, -0.016488 
  0.066746 ,  0.020595, -0.013317 
  0.062526 ,  0.015726, -0.008376 
  0.058254 ,  0.010787, -0.002285 
  0.053935 ,  0.005798, 0.004182 
  0.049576 ,  0.000776, 0.010204 
  0.045182 ,  -0.004258, 0.015028 
  0.040761 ,  -0.009285, 0.018074 
  0.036318 ,  -0.014287, 0.019014 
  0.031860 ,  -0.019246, 0.017811 
  0.027393 ,  -0.024141, 0.014721 
  0.022924 ,  -0.028956, 0.010250 
  0.018459 ,  -0.033673, 0.005075 
  0.014005 ,  -0.038274, -0.000057 
  0.009567 ,  -0.042743, -0.004431 
  0.005153 ,  -0.047065, -0.007474 
  0.000768 ,  -0.051225, -0.008824 
  -0.003581 ,  -0.055207, -0.008381 
  -0.007887 ,  -0.059000, -0.006309 
  -0.012146 ,  -0.062591, -0.003006 
  -0.016350 ,  -0.065969, 0.000961 
  -0.020493 ,  -0.069123, 0.004949 
  -0.024570 ,  -0.072045, 0.008331 
  -0.028575 ,  -0.074726, 0.010587 
  -0.032502 ,  -0.077161, 0.011380 
  -0.036346 ,  -0.079342, 0.010596 
  -0.040101 ,  -0.081267, 0.008354 
  -0.043761 ,  -0.082931, 0.004979 
  -0.047322 ,  -0.084334, 0.000944 
  -0.050778 ,  -0.085474, -0.003201 
  -0.054125 ,  -0.086351, -0.006918 
  -0.057357 ,  -0.086969, -0.009756 
  -0.060470 ,  -0.087329, -0.011415 
  -0.063460 ,  -0.087436, -0.011782 
  -0.066323 ,  -0.087295, -0.010936 
  -0.069054 ,  -0.086912, -0.009124 
  -0.071650 ,  -0.086295, -0.006711 
  -0.074106 ,  -0.085451, -0.004116 
  -0.076420 ,  -0.084390, -0.001740 
  -0.078588 ,  -0.083122, 0.000098 
  -0.080607 ,  -0.081657, 0.001206 
  -0.082475 ,  -0.080007, 0.001547 
  -0.084189 ,  -0.078184, 0.001231 
  -0.085746 ,  -0.076199, 0.000487 
  -0.087144 ,  -0.074066, -0.000384 
  -0.088382 ,  -0.071796, -0.001074 
  -0.089458 ,  -0.069404, -0.001326 
  -0.090370 ,  -0.066902, -0.000984 
  -0.091117 ,  -0.064302, -0.000028 
  -0.091698 ,  -0.061618, 0.001420 
  -0.092113 ,  -0.058862, 0.003117 
  -0.092361 ,  -0.056045, 0.004735 
  -0.092442 ,  -0.053180, 0.005924 
  -0.092356 ,  -0.050276, 0.006373 
  -0.092103 ,  -0.047344, 0.005871 
  -0.091684 ,  -0.044392, 0.004354 
  -0.091099 ,  -0.041430, 0.001923 
  -0.090350 ,  -0.038465, -0.001157 
  -0.089438 ,  -0.035503, -0.004490 
  -0.088363 ,  -0.032549, -0.007605 
  -0.087129 ,  -0.029609, -0.010023 
  -0.085737 ,  -0.026686, -0.011335 
  -0.084189 ,  -0.023781, -0.011264 
  -0.082488 ,  -0.020897, -0.009713 
  -0.080635 ,  -0.018034, -0.006789 
  -0.078635 ,  -0.015191, -0.002795 
  -0.076490 ,  -0.012368, 0.001812 
  -0.074204 ,  -0.009562, 0.006476 
  -0.071779 ,  -0.006771, 0.010623 
  -0.069220 ,  -0.003991, 0.013740 
  -0.066531 ,  -0.001218, 0.015447 
  -0.063715 ,  0.001550, 0.015545 
  -0.060777 ,  0.004319, 0.014049 
  -0.057722 ,  0.007093, 0.011177 
  -0.054553 ,  0.009875, 0.007320 
  -0.051277 ,  0.012670, 0.002978 
  -0.047897 ,  0.015481, -0.001308 
  -0.044418 ,  0.018311, -0.005035 
  -0.040847 ,  0.021161, -0.007805 
  -0.037188 ,  0.024034, -0.009375 
  -0.033447 ,  0.026930, -0.009683 
  -0.029629 ,  0.029847, -0.008841 
  -0.025741 ,  0.032785, -0.007104 
  -0.021787 ,  0.035739, -0.004823 
  -0.017774 ,  0.038705, -0.002378 
  -0.013709 ,  0.041678, -0.000116 
  -0.009595 ,  0.044650, 0.001702 
  -0.005441 ,  0.047611, 0.002936 
  -0.001253 ,  0.050553, 0.003578 
  0.002965 ,  0.053462, 0.003733 
  0.007204 ,  0.056326, 0.003592 
  0.011460 ,  0.059131, 0.003371 
  0.015726 ,  0.061860, 0.003265 
  0.019995 ,  0.064497, 0.003392 
  0.024261 ,  0.067025, 0.003762 
  0.028517 ,  0.069425, 0.004270 
  0.032758 ,  0.071677, 0.004702 
  0.036978 ,  0.073762, 0.004781 
  0.041169 ,  0.075661, 0.004220 
  0.045326 ,  0.077354, 0.002783 
  0.049443 ,  0.078822, 0.000352 
  0.053514 ,  0.080045, -0.003036 
  0.057532 ,  0.081005, -0.007160 
  0.061492 ,  0.081686, -0.011633 
  0.065388 ,  0.082071, -0.015933 
  0.069214 ,  0.082145, -0.019478 
  0.072965 ,  0.081897, -0.021703 
  0.076635 ,  0.081315, -0.022157 
  0.080219 ,  0.080390, -0.020572 
  0.083711 ,  0.079115, -0.016927 
  0.087106 ,  0.077488, -0.011471 
  0.090401 ,  0.075507, -0.004699 
  0.093589 ,  0.073172, 0.002691 
  0.096666 ,  0.070489, 0.009893 
  0.099628 ,  0.067464, 0.016099 
  0.102470 ,  0.064108, 0.020608 
  0.105188 ,  0.060432, 0.022928 
  0.107779 ,  0.056454, 0.022853 
  0.110238 ,  0.052191, 0.020491 
  0.112563 ,  0.047665, 0.016260 
  0.114749 ,  0.042900, 0.010827 
  0.116794 ,  0.037922, 0.005014 
  0.118695 ,  0.032759, -0.000318 
  0.120449 ,  0.027442, -0.004394 
  0.122053 ,  0.022002, -0.006643 
  0.123506 ,  0.016474, -0.006784 
  0.124805 ,  0.010892, -0.004863 
  0.125949 ,  0.005291, -0.001258 
  0.126936 ,  -0.000292, 0.003386 
  0.127765 ,  -0.005822, 0.008247 
  0.128434 ,  -0.011262, 0.012449 
  0.128943 ,  -0.016577, 0.015202 
  0.129291 ,  -0.021732, 0.015918 
  0.129478 ,  -0.026695, 0.014307 
  0.129504 ,  -0.031433, 0.010425 
  0.129368 ,  -0.035916, 0.004678 
  0.129072 ,  -0.040117, -0.002238 
  0.128615 ,  -0.044010, -0.009433 
  0.127999 ,  -0.047572, -0.015949 
  0.127224 ,  -0.050784, -0.020901 
  0.126292 ,  -0.053629, -0.023607 
  0.125204 ,  -0.056093, -0.023690 
  0.123962 ,  -0.058167, -0.021136 
  0.122569 ,  -0.059843, -0.016298 
  0.121025 ,  -0.061119, -0.009851 
  0.119334 ,  -0.061995, -0.002693 
  0.117499 ,  -0.062475, 0.004175 
  0.115521 ,  -0.062566, 0.009798 
  0.113404 ,  -0.062279, 0.013398 
  0.111152 ,  -0.061627, 0.014483 
  0.108767 ,  -0.060627, 0.012916 
  0.106254 ,  -0.059299, 0.008933 
  0.103616 ,  -0.057664, 0.003105 
  0.100856 ,  -0.055748, -0.003743 
  0.097980 ,  -0.053575, -0.010651 
  0.094992 ,  -0.051174, -0.016655 
  0.091895 ,  -0.048575, -0.020921 
  0.088695 ,  -0.045807, -0.022854 
  0.085396 ,  -0.042901, -0.022174 
  0.082003 ,  -0.039887, -0.018945 
  0.078522 ,  -0.036798, -0.013554 
  0.074957 ,  -0.033663, -0.006647 
  0.071314 ,  -0.030513, 0.000967 
  0.067597 ,  -0.027375, 0.008433 
  0.063813 ,  -0.024276, 0.014963 
  0.059967 ,  -0.021244, 0.019939 
  0.056065 ,  -0.018300, 0.022983 
  0.052111 ,  -0.015466, 0.023992 
  0.048113 ,  -0.012762, 0.023125 
  0.044076 ,  -0.010204, 0.020763 
  0.040005 ,  -0.007805, 0.017431 
  0.035907 ,  -0.005576, 0.013713 
  0.031787 ,  -0.003526, 0.010153 
  0.027652 ,  -0.001660, 0.007184 
  0.023506 ,  0.000020, 0.005070 
  0.019358 ,  0.001514, 0.003881 
  0.015211 ,  0.002825, 0.003501 
  0.011072 ,  0.003958, 0.003666 
  0.006947 ,  0.004922, 0.004021 
  0.002842 ,  0.005725, 0.004193 
  -0.001238 ,  0.006382, 0.003853 
  -0.005286 ,  0.006905, 0.002779 
  -0.009298 ,  0.007309, 0.000887 
  -0.013267 ,  0.007611, -0.001753 
  -0.017188 ,  0.007827, -0.004937 
  -0.021055 ,  0.007977, -0.008361 
  -0.024864 ,  0.008078, -0.011673 
  -0.028609 ,  0.008148, -0.014530 
  -0.032285 ,  0.008204, -0.016650 
  -0.035887 ,  0.008265, -0.017855 
  -0.039411 ,  0.008345, -0.018093 
  -0.042850 ,  0.008459, -0.017435 
  -0.046202 ,  0.008622, -0.016061 
  -0.049460 ,  0.008845, -0.014220 
  -0.052622 ,  0.009137, -0.012186 
  -0.055684 ,  0.009507, -0.010208 
  -0.058640 ,  0.009961, -0.008474 
  -0.061487 ,  0.010501, -0.007076 
  -0.064223 ,  0.011129, -0.006005 
  -0.066843 ,  0.011844, -0.005153 
  -0.069344 ,  0.012641, -0.004341 
  -0.071723 ,  0.013516, -0.003355 
  -0.073978 ,  0.014459, -0.001984 
  -0.076105 ,  0.015461, -0.000068 
  -0.078103 ,  0.016509, 0.002471 
  -0.079970 ,  0.017589, 0.005606 
  -0.081702 ,  0.018685, 0.009200 
  -0.083299 ,  0.019780, 0.013018 
  -0.084759 ,  0.020856, 0.016750 
  -0.086081 ,  0.021894, 0.020050 
  -0.087263 ,  0.022874, 0.022574 
  -0.088305 ,  0.023776, 0.024028 
  -0.089206 ,  0.024580, 0.024199 
  -0.089966 ,  0.025266, 0.022984 
  -0.090585 ,  0.025816, 0.020401 
  -0.091062 ,  0.026211, 0.016591 
  -0.091397 ,  0.026434, 0.011802 
  -0.091592 ,  0.026471, 0.006368 
  -0.091647 ,  0.026307, 0.000671 
  -0.091563 ,  0.025930, -0.004887 
  -0.091341 ,  0.025332, -0.009922 
  -0.090983 ,  0.024505, -0.014102 
  -0.090489 ,  0.023445, -0.017167 
  -0.089863 ,  0.022149, -0.018953 
  -0.089105 ,  0.020619, -0.019397 
  -0.088219 ,  0.018858, -0.018541 
  -0.087206 ,  0.016872, -0.016524 
  -0.086069 ,  0.014670, -0.013569 
  -0.084811 ,  0.012265, -0.009962 
  -0.083435 ,  0.009670, -0.006030 
  -0.081944 ,  0.006904, -0.002112 
  -0.080342 ,  0.003984, 0.001470 
  -0.078632 ,  0.000934, 0.004436 
  -0.076818 ,  -0.002225, 0.006577 
  -0.074903 ,  -0.005466, 0.007771 
  -0.072893 ,  -0.008763, 0.007994 
  -0.070790 ,  -0.012088, 0.007324 
  -0.068599 ,  -0.015412, 0.005931 
  -0.066325 ,  -0.018707, 0.004053 
  -0.063972 ,  -0.021943, 0.001976 
  -0.061545 ,  -0.025091, -0.000009 
  -0.059049 ,  -0.028122, -0.001639 
  -0.056489 ,  -0.031007, -0.002716 
  -0.053869 ,  -0.033719, -0.003132 
  -0.051196 ,  -0.036234, -0.002887 
  -0.048473 ,  -0.038526, -0.002087 
  -0.045706 ,  -0.040574, -0.000933 
  -0.042902 ,  -0.042358, 0.000310 
  -0.040064 ,  -0.043859, 0.001353 
  -0.037199 ,  -0.045064, 0.001927 
  -0.034311 ,  -0.045959, 0.001832 
  -0.031407 ,  -0.046534, 0.000969 
  -0.028492 ,  -0.046785, -0.000633 
  -0.025572 ,  -0.046706, -0.002813 
  -0.022651 ,  -0.046297, -0.005294 
  -0.019736 ,  -0.045561, -0.007717 
  -0.016832 ,  -0.044504, -0.009686 
  -0.013945 ,  -0.043134, -0.010831 
  -0.011079 ,  -0.041462, -0.010859 
  -0.008241 ,  -0.039502, -0.009605 
  -0.005436 ,  -0.037271, -0.007064 
  -0.002669 ,  -0.034788, -0.003401 
  0.000055 ,  -0.032074, 0.001065 
  0.002730 ,  -0.029152, 0.005891 
  0.005351 ,  -0.026047, 0.010571 
  0.007914 ,  -0.022785, 0.014599 
  0.010414 ,  -0.019392, 0.017532 
  0.012845 ,  -0.015897, 0.019050 
  0.015203 ,  -0.012328, 0.019000 
  0.017484 ,  -0.008715, 0.017410 
  0.019682 ,  -0.005085, 0.014485 
  0.021795 ,  -0.001468, 0.010575 
  0.023817 ,  0.002109, 0.006125 
  0.025745 ,  0.005619, 0.001614 
  0.027574 ,  0.009036, -0.002508 
  0.029302 ,  0.012335, -0.005881 
  0.030925 ,  0.015494, -0.008269 
  0.032438 ,  0.018491, -0.009587 
  0.033840 ,  0.021307, -0.009894 
  0.035127 ,  0.023925, -0.009368 
  0.036297 ,  0.026331, -0.008269 
  0.037346 ,  0.028510, -0.006884 
  0.038273 ,  0.030454, -0.005484 
  0.039075 ,  0.032153, -0.004273 
  0.039750 ,  0.033603, -0.003371 
  0.040297 ,  0.034800, -0.002799 
  0.040714 ,  0.035744, -0.002492 
  0.041000 ,  0.036436, -0.002325 
  0.041153 ,  0.036881, -0.002151 
  0.041173 ,  0.037083, -0.001839 
  0.041059 ,  0.037050, -0.001308 
  0.040811 ,  0.036794, -0.000547 
  0.040428 ,  0.036324, 0.000375 
  0.039910 ,  0.035654, 0.001326 
  0.039258 ,  0.034798, 0.002134 
  0.038472 ,  0.033772, 0.002626 
  0.037553 ,  0.032592, 0.002668 
  0.036501 ,  0.031275, 0.002195 
  0.035318 ,  0.029840, 0.001238 
  0.034005 ,  0.028304, -0.000078 
  0.032563 ,  0.026685, -0.001548 
  0.030995 ,  0.025003, -0.002917 
  0.029302 ,  0.023274, -0.003930 
  0.027487 ,  0.021518, -0.004375 
  0.025552 ,  0.019751, -0.004133 
  0.023500 ,  0.017990, -0.003200 
  0.021332 ,  0.016250, -0.001705 
  0.019054 ,  0.014547, 0.000113 
  0.016667 ,  0.012895, 0.001934 
  0.014175 ,  0.011306, 0.003416 
  0.011581 ,  0.009791, 0.004253 
  0.008890 ,  0.008361, 0.004237 
  0.006105 ,  0.007025, 0.003305 
  0.003231 ,  0.005791, 0.001559 
  0.000271 ,  0.004664, -0.000734 
  -0.002769 ,  0.003650, -0.003175 
  -0.005886 ,  0.002752, -0.005296 
  -0.009075 ,  0.001972, -0.006635 
  -0.012331 ,  0.001311, -0.006812 
  -0.015649 ,  0.000769, -0.005606 
  -0.019023 ,  0.000344, -0.003002 
  -0.022449 ,  0.000033, 0.000785 
  -0.025922 ,  -0.000167, 0.005335 
  -0.029435 ,  -0.000261, 0.010067 
  -0.032984 ,  -0.000255, 0.014325 
  -0.036563 ,  -0.000155, 0.017475 
  -0.040166 ,  0.000032, 0.019003 
  -0.043788 ,  0.000297, 0.018602 
  -0.047423 ,  0.000633, 0.016229 
  -0.051065 ,  0.001030, 0.012118 
  -0.054708 ,  0.001480, 0.006760 
  -0.058346 ,  0.001972, 0.000831 
  -0.061975 ,  0.002498, -0.004903 
  -0.065587 ,  0.003047, -0.009700 
  -0.069177 ,  0.003610, -0.012957 
  -0.072738 ,  0.004177, -0.014307 
  -0.076266 ,  0.004738, -0.013672 
  -0.079754 ,  0.005284, -0.011282 
  -0.083197 ,  0.005805, -0.007642 
  -0.086589 ,  0.006294, -0.003452 
  -0.089923 ,  0.006740, 0.000503 
  -0.093195 ,  0.007137, 0.003476 
  -0.096399 ,  0.007476, 0.004882 
  -0.099529 ,  0.007751, 0.004393 
  -0.102581 ,  0.007955, 0.001997 
  -0.105548 ,  0.008082, -0.001996 
  -0.108425 ,  0.008127, -0.006997 
  -0.111208 ,  0.008085, -0.012226 
  -0.113892 ,  0.007952, -0.016833 
  -0.116471 ,  0.007725, -0.020032 
  -0.118941 ,  0.007402, -0.021224 
  -0.121298 ,  0.006980, -0.020095 
  -0.123536 ,  0.006458, -0.016669 
  -0.125653 ,  0.005837, -0.011306 
  -0.127643 ,  0.005117, -0.004652 
  -0.129502 ,  0.004299, 0.002461 
  -0.131228 ,  0.003386, 0.009142 
  -0.132816 ,  0.002380, 0.014571 
  -0.134264 ,  0.001284, 0.018131 
  -0.135567 ,  0.000104, 0.019491 
  -0.136723 ,  -0.001156, 0.018655 
  -0.137730 ,  -0.002490, 0.015954 
  -0.138584 ,  -0.003890, 0.011981 
  -0.139283 ,  -0.005351, 0.007493 
  -0.139825 ,  -0.006864, 0.003283 
  -0.140209 ,  -0.008420, 0.000055 
  -0.140432 ,  -0.010011, -0.001695 
  -0.140493 ,  -0.011627, -0.001751 
  -0.140391 ,  -0.013259, -0.000203 
  -0.140125 ,  -0.014895, 0.002573 
  -0.139694 ,  -0.016526, 0.005988 
  -0.139097 ,  -0.018140, 0.009347 
  -0.138335 ,  -0.019727, 0.011970 
  -0.137406 ,  -0.021276, 0.013313 
  -0.136313 ,  -0.022775, 0.013057 
  -0.135053 ,  -0.024214, 0.011167 
  -0.133629 ,  -0.025582, 0.007888 
  -0.132042 ,  -0.026869, 0.003707 
  -0.130291 ,  -0.028064, -0.000744 
  -0.128380 ,  -0.029159, -0.004793 
  -0.126309 ,  -0.030144, -0.007857 
  -0.124080 ,  -0.031010, -0.009542 
  -0.121695 ,  -0.031750, -0.009717 
  -0.119156 ,  -0.032358, -0.008539 
  -0.116467 ,  -0.032828, -0.006425 
  -0.113629 ,  -0.033153, -0.003983 
  -0.110646 ,  -0.033332, -0.001896 
  -0.107521 ,  -0.033360, -0.000800 
  -0.104257 ,  -0.033236, -0.001159 
  -0.100858 ,  -0.032960, -0.003175 
  -0.097327 ,  -0.032532, -0.006734 
  -0.093669 ,  -0.031953, -0.011406 
  -0.089888 ,  -0.031228, -0.016508 
  -0.085987 ,  -0.030359, -0.021203 
  -0.081973 ,  -0.029353, -0.024637 
  -0.077848 ,  -0.028215, -0.026081 
  -0.073618 ,  -0.026954, -0.025053 
  -0.069289 ,  -0.025578, -0.021415 
  -0.064865 ,  -0.024096, -0.015403 
  -0.060351 ,  -0.022519, -0.007605 
  -0.055754 ,  -0.020858, 0.001115 
  -0.051078 ,  -0.019124, 0.009750 
  -0.046330 ,  -0.017331, 0.017298 
  -0.041514 ,  -0.015491, 0.022914 
  -0.036638 ,  -0.013616, 0.026038 
  -0.031707 ,  -0.011721, 0.026480 
  -0.026727 ,  -0.009819, 0.024440 
  -0.021705 ,  -0.007924, 0.020471 
  -0.016647 ,  -0.006047, 0.015383 
  -0.011558 ,  -0.004204, 0.010104 
  -0.006446 ,  -0.002404, 0.005525 
  -0.001317 ,  -0.000662, 0.002353 
  0.003823 ,  0.001013, 0.000994 
  0.008967 ,  0.002610, 0.001492 
  0.014109 ,  0.004120, 0.003527 
  0.019242 ,  0.005533, 0.006478 
  0.024359 ,  0.006844, 0.009537 
  0.029455 ,  0.008045, 0.011864 
  0.034522 ,  0.009132, 0.012735 
  0.039554 ,  0.010102, 0.011684 
  0.044546 ,  0.010951, 0.008594 
  0.049489 ,  0.011679, 0.003730 
  0.054379 ,  0.012285, -0.002297 
  0.059208 ,  0.012772, -0.008625 
  0.063971 ,  0.013143, -0.014289 
  0.068661 ,  0.013400, -0.018390 
  0.073273 ,  0.013550, -0.020253 
  0.077801 ,  0.013598, -0.019560 
  0.082238 ,  0.013553, -0.016423 
  0.086579 ,  0.013421, -0.011375 
  0.090819 ,  0.013211, -0.005309 
  0.094952 ,  0.012935, 0.000674 
  0.098973 ,  0.012600, 0.005433 
  0.102877 ,  0.012219, 0.007994 
  0.106658 ,  0.011802, 0.007718 
  0.110312 ,  0.011360, 0.004434 
  0.113835 ,  0.010905, -0.001508 
  0.117221 ,  0.010446, -0.009265 
  0.120467 ,  0.009995, -0.017609 
  0.123568 ,  0.009562, -0.025112 
  0.126521 ,  0.009158, -0.030360 
  0.129322 ,  0.008791, -0.032185 
  0.131967 ,  0.008469, -0.029867 
  0.134453 ,  0.008202, -0.023264 
  0.136777 ,  0.007994, -0.012874 
  0.138936 ,  0.007853, 0.000218 
  0.140927 ,  0.007784, 0.014468 
  0.142749 ,  0.007789, 0.028089 
  0.144398 ,  0.007871, 0.039303 
  0.145874 ,  0.008033, 0.046601 
  0.147174 ,  0.008274, 0.048969 
  0.148297 ,  0.008593, 0.046042 
  0.149241 ,  0.008989, 0.038174 
  0.150006 ,  0.009459, 0.026387 
  0.150591 ,  0.009999, 0.012239 
  0.150996 ,  0.010604, -0.002404 
  0.151219 ,  0.011267, -0.015628 
  0.151262 ,  0.011983, -0.025750 
  0.151125 ,  0.012745, -0.031557 
  0.150808 ,  0.013543, -0.032472 
  0.150311 ,  0.014371, -0.028631 
  0.149637 ,  0.015218, -0.020853 
  0.148785 ,  0.016076, -0.010499 
  0.147758 ,  0.016937, 0.000730 
  0.146557 ,  0.017789, 0.011063 
  0.145185 ,  0.018625, 0.018918 
  0.143643 ,  0.019435, 0.023140 
  0.141935 ,  0.020211, 0.023163 
  0.140061 ,  0.020944, 0.019084 
  0.138027 ,  0.021626, 0.011636 
  0.135834 ,  0.022250, 0.002054 
  0.133485 ,  0.022809, -0.008120 
  0.130986 ,  0.023297, -0.017283 
  0.128339 ,  0.023710, -0.024020 
  0.125547 ,  0.024042, -0.027322 
  0.122617 ,  0.024291, -0.026729 
  0.119551 ,  0.024452, -0.022396 
  0.116354 ,  0.024525, -0.015050 
  0.113031 ,  0.024509, -0.005870 
  0.109587 ,  0.024403, 0.003709 
  0.106027 ,  0.024207, 0.012223 
  0.102356 ,  0.023924, 0.018412 
  0.098579 ,  0.023555, 0.021406 
  0.094702 ,  0.023103, 0.020860 
  0.090730 ,  0.022571, 0.016991 
  0.086670 ,  0.021963, 0.010536 
  0.082526 ,  0.021284, 0.002621 
  0.078306 ,  0.020538, -0.005423 
  0.074015 ,  0.019730, -0.012275 
  0.069659 ,  0.018866, -0.016833 
  0.065244 ,  0.017950, -0.018383 
  0.060778 ,  0.016988, -0.016708 
  0.056265 ,  0.015986, -0.012111 
  0.051713 ,  0.014948, -0.005358 
  0.047128 ,  0.013880, 0.002447 
  0.042517 ,  0.012785, 0.010048 
  0.037886 ,  0.011670, 0.016230 
  0.033242 ,  0.010537, 0.020014 
  0.028592 ,  0.009390, 0.020804 
  0.023941 ,  0.008233, 0.018475 
  0.019297 ,  0.007069, 0.013384 
  0.014665 ,  0.005898, 0.006306 
  0.010054 ,  0.004724, -0.001693 
  0.005468 ,  0.003548, -0.009423 
  0.000915 ,  0.002370, -0.015759 
  -0.003598 ,  0.001190, -0.019805 
  -0.008067 ,  0.000009, -0.021029 
  -0.012484 ,  -0.001173, -0.019329 
  -0.016844 ,  -0.002359, -0.015036 
  -0.021139 ,  -0.003548, -0.008851 
  -0.025365 ,  -0.004741, -0.001722 
  -0.029515 ,  -0.005941, 0.005307 
  -0.033583 ,  -0.007149, 0.011258 
  -0.037565 ,  -0.008366, 0.015367 
  -0.041454 ,  -0.009593, 0.017187 
  -0.045245 ,  -0.010833, 0.016642 
  -0.048932 ,  -0.012085, 0.014019 
  -0.052512 ,  -0.013351, 0.009902 
  -0.055978 ,  -0.014632, 0.005065 
  -0.059326 ,  -0.015927, 0.000335 
  -0.062552 ,  -0.017236, -0.003540 
  -0.065651 ,  -0.018559, -0.006010 
  -0.068619 ,  -0.019894, -0.006803 
  -0.071452 ,  -0.021238, -0.005950 
  -0.074146 ,  -0.022591, -0.003770 
  -0.076697 ,  -0.023947, -0.000799 
  -0.079103 ,  -0.025305, 0.002311 
  -0.081359 ,  -0.026659, 0.004909 
  -0.083464 ,  -0.028004, 0.006452 
  -0.085414 ,  -0.029336, 0.006602 
  -0.087206 ,  -0.030648, 0.005271 
  -0.088839 ,  -0.031933, 0.002633 
  -0.090310 ,  -0.033185, -0.000912 
  -0.091618 ,  -0.034396, -0.004812 
  -0.092762 ,  -0.035559, -0.008458 
  -0.093738 ,  -0.036666, -0.011288 
  -0.094548 ,  -0.037709, -0.012879 
  -0.095189 ,  -0.038679, -0.013015 
  -0.095661 ,  -0.039569, -0.011718 
  -0.095964 ,  -0.040370, -0.009238 
  -0.096097 ,  -0.041074, -0.006010 
  -0.096061 ,  -0.041674, -0.002573 
  -0.095857 ,  -0.042162, 0.000519 
  -0.095484 ,  -0.042531, 0.002789 
  -0.094944 ,  -0.042774, 0.003918 
  -0.094237 ,  -0.042886, 0.003792 
  -0.093365 ,  -0.042861, 0.002520 
  -0.092330 ,  -0.042695, 0.000415 
  -0.091133 ,  -0.042384, -0.002060 
  -0.089777 ,  -0.041924, -0.004369 
  -0.088263 ,  -0.041313, -0.005989 
  -0.086595 ,  -0.040550, -0.006496 
  -0.084774 ,  -0.039635, -0.005629 
  -0.082804 ,  -0.038567, -0.003334 
  -0.080688 ,  -0.037348, 0.000228 
  -0.078429 ,  -0.035981, 0.004702 
  -0.076031 ,  -0.034468, 0.009593 
  -0.073497 ,  -0.032813, 0.014336 
  -0.070832 ,  -0.031022, 0.018373 
  -0.068039 ,  -0.029100, 0.021228 
  -0.065123 ,  -0.027054, 0.022567 
  -0.062088 ,  -0.024890, 0.022236 
  -0.058940 ,  -0.022618, 0.020267 
  -0.055682 ,  -0.020244, 0.016867 
  -0.052319 ,  -0.017780, 0.012373 
  -0.048858 ,  -0.015233, 0.007204 
  -0.045302 ,  -0.012614, 0.001801 
  -0.041658 ,  -0.009934, -0.003432 
  -0.037930 ,  -0.007202, -0.008167 
  -0.034125 ,  -0.004431, -0.012179 
  -0.030248 ,  -0.001631, -0.015357 
  -0.026305 ,  0.001188, -0.017688 
  -0.022301 ,  0.004013, -0.019234 
  -0.018243 ,  0.006835, -0.020098 
  -0.014137 ,  0.009641, -0.020390 
  -0.009989 ,  0.012422, -0.020197 
  -0.005805 ,  0.015167, -0.019564 
  -0.001591 ,  0.017866, -0.018489 
  0.002647 ,  0.020509, -0.016930 
  0.006902 ,  0.023086, -0.014822 
  0.011169 ,  0.025589, -0.012108 
  0.015440 ,  0.028008, -0.008762 
  0.019710 ,  0.030336, -0.004815 
  0.023972 ,  0.032565, -0.000371 
  0.028220 ,  0.034687, 0.004390 
  0.032449 ,  0.036696, 0.009221 
  0.036651 ,  0.038585, 0.013825 
  0.040820 ,  0.040348, 0.017887 
  0.044951 ,  0.041980, 0.021109 
  0.049038 ,  0.043476, 0.023238 
  0.053074 ,  0.044832, 0.024100 
  0.057054 ,  0.046044, 0.023621 
  0.060973 ,  0.047107, 0.021833 
  0.064823 ,  0.048019, 0.018872 
  0.068600 ,  0.048777, 0.014967 
  0.072299 ,  0.049379, 0.010416 
  0.075914 ,  0.049822, 0.005557 
  0.079440 ,  0.050106, 0.000736 
  0.082871 ,  0.050229, -0.003721 
  0.086204 ,  0.050191, -0.007540 
  0.089433 ,  0.049990, -0.010513 
  0.092553 ,  0.049628, -0.012519 
  0.095561 ,  0.049104, -0.013519 
  0.098452 ,  0.048419, -0.013563 
  0.101221 ,  0.047575, -0.012773 
  0.103866 ,  0.046573, -0.011329 
  0.106382 ,  0.045415, -0.009452 
  0.108766 ,  0.044104, -0.007375 
  0.111014 ,  0.042643, -0.005329 
  0.113124 ,  0.041036, -0.003513 
  0.115092 ,  0.039286, -0.002080 
  0.116916 ,  0.037398, -0.001123 
  0.118594 ,  0.035376, -0.000666 
  0.120123 ,  0.033228, -0.000664 
  0.121501 ,  0.030958, -0.001011 
  0.122726 ,  0.028575, -0.001555 
  0.123797 ,  0.026084, -0.002115 
  0.124712 ,  0.023495, -0.002510 
  0.125471 ,  0.020815, -0.002582 
  0.126072 ,  0.018055, -0.002219 
  0.126515 ,  0.015223, -0.001374 
  0.126800 ,  0.012330, -0.000075 
  0.126925 ,  0.009388, 0.001575 
  0.126892 ,  0.006407, 0.003411 
  0.126700 ,  0.003400, 0.005223 
  0.126350 ,  0.000378, 0.006788 
  0.125844 ,  -0.002645, 0.007898 
  0.125180 ,  -0.005655, 0.008393 
  0.124362 ,  -0.008641, 0.008186 
  0.123391 ,  -0.011588, 0.007277 
  0.122267 ,  -0.014483, 0.005755 
  0.120994 ,  -0.017311, 0.003793 
  0.119572 ,  -0.020058, 0.001619 
  0.118005 ,  -0.022712, -0.000512 
  0.116295 ,  -0.025259, -0.002354 
  0.114444 ,  -0.027686, -0.003707 
  0.112456 ,  -0.029979, -0.004440 
  0.110333 ,  -0.032127, -0.004517 
  0.108080 ,  -0.034118, -0.003987 
  0.105699 ,  -0.035941, -0.002985 
  0.103194 ,  -0.037586, -0.001695 
  0.100569 ,  -0.039044, -0.000329 
  0.097828 ,  -0.040306, 0.000921 
  0.094975 ,  -0.041366, 0.001906 
  0.092015 ,  -0.042216, 0.002548 
  0.088952 ,  -0.042853, 0.002847 
  0.085791 ,  -0.043273, 0.002875 
  0.082536 ,  -0.043472, 0.002755 
  0.079193 ,  -0.043451, 0.002630 
  0.075766 ,  -0.043210, 0.002623 
  0.072260 ,  -0.042750, 0.002804 
  0.068681 ,  -0.042074, 0.003163 
  0.065035 ,  -0.041188, 0.003601 
  0.061325 ,  -0.040097, 0.003937 
  0.057559 ,  -0.038808, 0.003937 
  0.053742 ,  -0.037331, 0.003354 
  0.049878 ,  -0.035674, 0.001980 
  0.045975 ,  -0.033849, -0.000300 
  0.042037 ,  -0.031869, -0.003469 
  0.038071 ,  -0.029746, -0.007352 
  0.034082 ,  -0.027494, -0.011617 
  0.030076 ,  -0.025129, -0.015801 
  0.026058 ,  -0.022666, -0.019366 
  0.022036 ,  -0.020120, -0.021767 
  0.018014 ,  -0.017509, -0.022531 
  0.013998 ,  -0.014850, -0.021340 
  0.009994 ,  -0.012159, -0.018088 
  0.006008 ,  -0.009453, -0.012918 
  0.002046 ,  -0.006750, -0.006223 
  -0.001888 ,  -0.004066, 0.001388 
  -0.005786 ,  -0.001417, 0.009165 
  -0.009645 ,  0.001180, 0.016300 
  -0.013457 ,  0.003712, 0.022043 
  -0.017219 ,  0.006164, 0.025798 
  -0.020924 ,  0.008523, 0.027209 
  -0.024568 ,  0.010776, 0.026215 
  -0.028145 ,  0.012912, 0.023054 
  -0.031651 ,  0.014922, 0.018237 
  -0.035081 ,  0.016796, 0.012474 
  -0.038430 ,  0.018528, 0.006573 
  -0.041693 ,  0.020112, 0.001321 
  -0.044867 ,  0.021543, -0.002627 
  -0.047947 ,  0.022818, -0.004848 
  -0.050928 ,  0.023936, -0.005206 
  -0.053807 ,  0.024896, -0.003872 
  -0.056581 ,  0.025700, -0.001293 
  -0.059245 ,  0.026350, 0.001881 
  -0.061797 ,  0.026850, 0.004902 
  -0.064233 ,  0.027206, 0.007042 
  -0.066549 ,  0.027422, 0.007712 
  -0.068745 ,  0.027508, 0.006557 
  -0.070815 ,  0.027470, 0.003515 
  -0.072759 ,  0.027317, -0.001168 
  -0.074574 ,  0.027059, -0.006977 
  -0.076258 ,  0.026707, -0.013196 
  -0.077810 ,  0.026269, -0.019026 
  -0.079227 ,  0.025758, -0.023697 
  -0.080508 ,  0.025183, -0.026593 
  -0.081653 ,  0.024556, -0.027335 
  -0.082661 ,  0.023886, -0.025844 
  -0.083530 ,  0.023184, -0.022340 
  -0.084260 ,  0.022459, -0.017308 
  -0.084851 ,  0.021720, -0.011414 
  -0.085303 ,  0.020975, -0.005399 
  -0.085617 ,  0.020230, 0.000046 
  -0.085792 ,  0.019493, 0.004377 
  -0.085830 ,  0.018768, 0.007291 
  -0.085731 ,  0.018059, 0.008754 
  -0.085496 ,  0.017368, 0.009002 
  -0.085127 ,  0.016698, 0.008485 
  -0.084625 ,  0.016048, 0.007777 
  -0.083992 ,  0.015417, 0.007460 
  -0.083230 ,  0.014803, 0.008016 
  -0.082341 ,  0.014202, 0.009721 
  -0.081327 ,  0.013609, 0.012585 
  -0.080192 ,  0.013018, 0.016333 
  -0.078937 ,  0.012422, 0.020435 
  -0.077566 ,  0.011813, 0.024185 
  -0.076082 ,  0.011183, 0.026811 
  -0.074489 ,  0.010521, 0.027609 
  -0.072788 ,  0.009819, 0.026064 
  -0.070986 ,  0.009065, 0.021953 
  -0.069084 ,  0.008249, 0.015404 
  -0.067088 ,  0.007360, 0.006901 
  -0.065000 ,  0.006389, -0.002762 
  -0.062827 ,  0.005325, -0.012584 
  -0.060571 ,  0.004158, -0.021486 
  -0.058238 ,  0.002880, -0.028464 
  -0.055832 ,  0.001483, -0.032732 
  -0.053358 ,  -0.000040, -0.033835 
  -0.050821 ,  -0.001694, -0.031716 
  -0.048226 ,  -0.003484, -0.026729 
  -0.045578 ,  -0.005412, -0.019588 
  -0.042881 ,  -0.007479, -0.011268 
  -0.040142 ,  -0.009684, -0.002863 
  -0.037366 ,  -0.012023, 0.004564 
  -0.034558 ,  -0.014493, 0.010135 
  -0.031723 ,  -0.017086, 0.013273 
  -0.028867 ,  -0.019793, 0.013780 
  -0.025995 ,  -0.022602, 0.011847 
  -0.023114 ,  -0.025502, 0.008018 
  -0.020227 ,  -0.028476, 0.003094 
  -0.017342 ,  -0.031508, -0.002000 
  -0.014462 ,  -0.034578, -0.006355 
  -0.011595 ,  -0.037666, -0.009224 
  -0.008746 ,  -0.040750, -0.010129 
  -0.005919 ,  -0.043806, -0.008929 
  -0.003120 ,  -0.046809, -0.005835 
  -0.000355 ,  -0.049734, -0.001364 
  0.002370 ,  -0.052554, 0.003748 
  0.005052 ,  -0.055242, 0.008668 
  0.007684 ,  -0.057770, 0.012606 
  0.010262 ,  -0.060112, 0.014934 
  0.012780 ,  -0.062240, 0.015289 
  0.015233 ,  -0.064129, 0.013628 
  0.017617 ,  -0.065752, 0.010225 
  0.019928 ,  -0.067086, 0.005631 
  0.022159 ,  -0.068108, 0.000575 
  0.024308 ,  -0.068796, -0.004149 
  0.026369 ,  -0.069132, -0.007812 
  0.028339 ,  -0.069100, -0.009864 
  0.030214 ,  -0.068684, -0.010022 
  0.031989 ,  -0.067874, -0.008311 
  0.033661 ,  -0.066660, -0.005058 
  0.035227 ,  -0.065038, -0.000835 
  0.036682 ,  -0.063005, 0.003628 
  0.038025 ,  -0.060562, 0.007568 
  0.039251 ,  -0.057714, 0.010302 
  0.040359 ,  -0.054468, 0.011344 
  0.041345 ,  -0.050835, 0.010474 
  0.042207 ,  -0.046831, 0.007777 
  0.042944 ,  -0.042473, 0.003628 
  0.043552 ,  -0.037783, -0.001366 
  0.044030 ,  -0.032785, -0.006459 
  0.044378 ,  -0.027506, -0.010882 
  0.044592 ,  -0.021977, -0.013960 
  0.044672 ,  -0.016229, -0.015214 
  0.044618 ,  -0.010298, -0.014435 
  0.044429 ,  -0.004221, -0.011710 
  0.044103 ,  0.001964, -0.007414 
  0.043641 ,  0.008218, -0.002148 
  0.043044 ,  0.014500, 0.003348 
  0.042310 ,  0.020768, 0.008306 
  0.041441 ,  0.026982, 0.012044 
  0.040437 ,  0.033099, 0.014056 
  0.039300 ,  0.039080, 0.014091 
  0.038029 ,  0.044884, 0.012177 
  0.036628 ,  0.050473, 0.008613 
  0.035096 ,  0.055810, 0.003922 
  0.033437 ,  0.060861, -0.001232 
  0.031651 ,  0.065592, -0.006142 
  0.029742 ,  0.069974, -0.010157 
  0.027712 ,  0.073980, -0.012772 
  0.025563 ,  0.077587, -0.013694 
  0.023298 ,  0.080773, -0.012876 
  0.020920 ,  0.083523, -0.010505 
  0.018433 ,  0.085824, -0.006974 
  0.015840 ,  0.087665, -0.002808 
  0.013144 ,  0.089042, 0.001413 
  0.010350 ,  0.089954, 0.005138 
  0.007461 ,  0.090403, 0.007927 
  0.004482 ,  0.090396, 0.009500 
  0.001417 ,  0.089943, 0.009771 
  -0.001730 ,  0.089057, 0.008845 
  -0.004955 ,  0.087757, 0.006988 
  -0.008251 ,  0.086062, 0.004577 
  -0.011615 ,  0.083996, 0.002038 
  -0.015041 ,  0.081586, -0.000229 
  -0.018525 ,  0.078860, -0.001903 
  -0.022060 ,  0.075850, -0.002789 
  -0.025643 ,  0.072586, -0.002843 
  -0.029266 ,  0.069105, -0.002165 
  -0.032925 ,  0.065439, -0.000975 
  -0.036613 ,  0.061626, 0.000424 
  -0.040327 ,  0.057699, 0.001704 
  -0.044058 ,  0.053696, 0.002567 
  -0.047802 ,  0.049650, 0.002789 
  -0.051553 ,  0.045596, 0.002257 
  -0.055305 ,  0.041567, 0.000987 
  -0.059052 ,  0.037592, -0.000880 
  -0.062788 ,  0.033702, -0.003101 
  -0.066507 ,  0.029923, -0.005367 
  -0.070203 ,  0.026278, -0.007346 
  -0.073871 ,  0.022790, -0.008734 
  -0.077503 ,  0.019476, -0.009293 
  -0.081095 ,  0.016351, -0.008887 
  -0.084641 ,  0.013429, -0.007496 
  -0.088134 ,  0.010716, -0.005220 
  -0.091569 ,  0.008219, -0.002261 
  -0.094941 ,  0.005940, 0.001099 
  -0.098243 ,  0.003876, 0.004539 
  -0.101470 ,  0.002023, 0.007734 
  -0.104617 ,  0.000374, 0.010392 
  -0.107678 ,  -0.001082, 0.012285 
  -0.110648 ,  -0.002360, 0.013272 
  -0.113522 ,  -0.003474, 0.013302 
  -0.116295 ,  -0.004443, 0.012417 
  -0.118963 ,  -0.005287, 0.010735 
  -0.121519 ,  -0.006028, 0.008434 
  -0.123961 ,  -0.006689, 0.005725 
  -0.126283 ,  -0.007293, 0.002825 
  -0.128481 ,  -0.007866, -0.000059 
  -0.130551 ,  -0.008431, -0.002751 
  -0.132489 ,  -0.009015, -0.005117 
  -0.134291 ,  -0.009639, -0.007067 
  -0.135955 ,  -0.010329, -0.008553 
  -0.137475 ,  -0.011105, -0.009565 
  -0.138851 ,  -0.011988, -0.010120 
  -0.140077 ,  -0.012996, -0.010252 
  -0.141152 ,  -0.014146, -0.010003 
  -0.142074 ,  -0.015453, -0.009423 
  -0.142839 ,  -0.016926, -0.008557 
  -0.143446 ,  -0.018576, -0.007454 
  -0.143893 ,  -0.020407, -0.006166 
  -0.144178 ,  -0.022422, -0.004747 
  -0.144300 ,  -0.024621, -0.003262 
  -0.144258 ,  -0.027000, -0.001783 
  -0.144050 ,  -0.029552, -0.000389 
  -0.143676 ,  -0.032267, 0.000842 
  -0.143136 ,  -0.035133, 0.001838 
  -0.142430 ,  -0.038133, 0.002545 
  -0.141557 ,  -0.041250, 0.002932 
  -0.140518 ,  -0.044461, 0.003005 
  -0.139312 ,  -0.047744, 0.002810 
  -0.137942 ,  -0.051074, 0.002428 
  -0.136408 ,  -0.054423, 0.001976 
  -0.134711 ,  -0.057763, 0.001588 
  -0.132853 ,  -0.061064, 0.001403 
  -0.130835 ,  -0.064296, 0.001544 
  -0.128660 ,  -0.067429, 0.002100 
  -0.126329 ,  -0.070431, 0.003102 
  -0.123845 ,  -0.073273, 0.004518 
  -0.121211 ,  -0.075923, 0.006248 
  -0.118429 ,  -0.078355, 0.008123 
  -0.115502 ,  -0.080540, 0.009926 
  -0.112435 ,  -0.082452, 0.011416 
  -0.109230 ,  -0.084068, 0.012351 
  -0.105890 ,  -0.085367, 0.012526 
  -0.102421 ,  -0.086329, 0.011801 
  -0.098826 ,  -0.086938, 0.010127 
  -0.095109 ,  -0.087181, 0.007558 
  -0.091275 ,  -0.087047, 0.004253 
  -0.087328 ,  -0.086529, 0.000467 
  -0.083273 ,  -0.085623, -0.003479 
  -0.079116 ,  -0.084330, -0.007229 
  -0.074861 ,  -0.082650, -0.010440 
  -0.070514 ,  -0.080592, -0.012817 
  -0.066079 ,  -0.078163, -0.014160 
  -0.061564 ,  -0.075376, -0.014382 
  -0.056972 ,  -0.072246, -0.013530 
  -0.052311 ,  -0.068791, -0.011774 
  -0.047585 ,  -0.065032, -0.009390 
  -0.042802 ,  -0.060992, -0.006721 
  -0.037966 ,  -0.056696, -0.004135 
  -0.033085 ,  -0.052171, -0.001971 
  -0.028164 ,  -0.047445, -0.000496 
  -0.023209 ,  -0.042548, 0.000134 
  -0.018228 ,  -0.037511, -0.000107 
  -0.013226 ,  -0.032365, -0.001109 
  -0.008210 ,  -0.027141, -0.002644 
  -0.003186 ,  -0.021872, -0.004400 
  0.001838 ,  -0.016588, -0.006024 
  0.006858 ,  -0.011320, -0.007173 
  0.011866 ,  -0.006097, -0.007565 
  0.016855 ,  -0.000948, -0.007017 
  0.021820 ,  0.004099, -0.005475 
  0.026754 ,  0.009020, -0.003017 
  0.031650 ,  0.013791, 0.000159 
  0.036503 ,  0.018391, 0.003759 
  0.041305 ,  0.022800, 0.007441 
  0.046052 ,  0.027002, 0.010859 
  0.050736 ,  0.030981, 0.013708 
  0.055352 ,  0.034727, 0.015762 
  0.059893 ,  0.038229, 0.016901 
  0.064355 ,  0.041481, 0.017109 
  0.068731 ,  0.044478, 0.016471 
  0.073015 ,  0.047218, 0.015141 
  0.077202 ,  0.049702, 0.013308 
  0.081288 ,  0.051931, 0.011161 
  0.085266 ,  0.053911, 0.008849 
  0.089132 ,  0.055648, 0.006466 
  0.092880 ,  0.057150, 0.004036 
  0.096507 ,  0.058428, 0.001529 
  0.100008 ,  0.059493, -0.001121 
  0.103377 ,  0.060357, -0.003982 
  0.106612 ,  0.061034, -0.007080 
  0.109708 ,  0.061538, -0.010373 
  0.112662 ,  0.061884, -0.013724 
  0.115469 ,  0.062086, -0.016902 
  0.118128 ,  0.062161, -0.019592 
  0.120633 ,  0.062123, -0.021436 
  0.122983 ,  0.061986, -0.022081 
  0.125175 ,  0.061766, -0.021240 
  0.127207 ,  0.061475, -0.018747 
  0.129075 ,  0.061127, -0.014605 
  0.130779 ,  0.060733, -0.009014 
  0.132316 ,  0.060304, -0.002366 
  0.133686 ,  0.059849, 0.004784 
  0.134886 ,  0.059377, 0.011770 
  0.135916 ,  0.058896, 0.017896 
  0.136774 ,  0.058410, 0.022517 
  0.137461 ,  0.057924, 0.025130 
  0.137977 ,  0.057441, 0.025440 
  0.138320 ,  0.056963, 0.023402 
  0.138491 ,  0.056490, 0.019240 
  0.138492 ,  0.056022, 0.013415 
  0.138321 ,  0.055556, 0.006577 
  0.137981 ,  0.055090, -0.000527 
  0.137473 ,  0.054619, -0.007142 
  0.136798 ,  0.054140, -0.012604 
  0.135957 ,  0.053646, -0.016425 
  0.134952 ,  0.053130, -0.018350 
  0.133787 ,  0.052588, -0.018378 
  0.132462 ,  0.052011, -0.016752 
  0.130981 ,  0.051393, -0.013909 
  0.129346 ,  0.050726, -0.010406 
  0.127561 ,  0.050002, -0.006829 
  0.125628 ,  0.049216, -0.003700 
  0.123551 ,  0.048359, -0.001402 
  0.121334 ,  0.047425, -0.000125 
  0.118981 ,  0.046409, 0.000156 
  0.116495 ,  0.045304, -0.000336 
  0.113880 ,  0.044105, -0.001229 
  0.111142 ,  0.042808, -0.002071 
  0.108284 ,  0.041410, -0.002419 
  0.105312 ,  0.039906, -0.001918 
  0.102230 ,  0.038296, -0.000367 
  0.099043 ,  0.036577, 0.002235 
  0.095756 ,  0.034750, 0.005688 
  0.092375 ,  0.032813, 0.009615 
  0.088905 ,  0.030767, 0.013519 
  0.085351 ,  0.028616, 0.016862 
  0.081720 ,  0.026359, 0.019153 
  0.078016 ,  0.024001, 0.020023 
  0.074246 ,  0.021544, 0.019289 
  0.070416 ,  0.018994, 0.016986 
  0.066531 ,  0.016354, 0.013362 
  0.062598 ,  0.013629, 0.008845 
  0.058623 ,  0.010825, 0.003974 
  0.054611 ,  0.007947, -0.000680 
  0.050570 ,  0.005002, -0.004604 
  0.046504 ,  0.001997, -0.007416 
  0.042421 ,  -0.001064, -0.008924 
  0.038326 ,  -0.004171, -0.009148 
  0.034226 ,  -0.007320, -0.008311 
  0.030127 ,  -0.010502, -0.006798 
  0.026035 ,  -0.013710, -0.005084 
  0.021957 ,  -0.016938, -0.003657 
  0.017898 ,  -0.020177, -0.002931 
  0.013864 ,  -0.023421, -0.003177 
  0.009862 ,  -0.026661, -0.004479 
  0.005897 ,  -0.029891, -0.006716 
  0.001975 ,  -0.033102, -0.009583 
  -0.001898 ,  -0.036287, -0.012642 
  -0.005716 ,  -0.039439, -0.015389 
  -0.009474 ,  -0.042548, -0.017339 
  -0.013166 ,  -0.045607, -0.018103 
  -0.016787 ,  -0.048608, -0.017450 
  -0.020332 ,  -0.051542, -0.015346 
  -0.023795 ,  -0.054402, -0.011959 
  -0.027172 ,  -0.057177, -0.007631 
  -0.030458 ,  -0.059860, -0.002826 
  -0.033648 ,  -0.062442, 0.001941 
  -0.036738 ,  -0.064913, 0.006184 
  -0.039723 ,  -0.067265, 0.009515 
  -0.042600 ,  -0.069487, 0.011702 
  -0.045364 ,  -0.071572, 0.012690 
  -0.048011 ,  -0.073509, 0.012608 
  -0.050538 ,  -0.075290, 0.011728 
  -0.052942 ,  -0.076906, 0.010418 
  -0.055219 ,  -0.078346, 0.009074 
  -0.057366 ,  -0.079604, 0.008046 
  -0.059381 ,  -0.080671, 0.007582 
  -0.061261 ,  -0.081538, 0.007788 
  -0.063003 ,  -0.082198, 0.008610 
  -0.064606 ,  -0.082644, 0.009851 
  -0.066068 ,  -0.082871, 0.011205 
  -0.067386 ,  -0.082872, 0.012318 
  -0.068560 ,  -0.082644, 0.012843 
  -0.069588 ,  -0.082182, 0.012512 
  -0.070469 ,  -0.081483, 0.011175 
  -0.071203 ,  -0.080546, 0.008834 
  -0.071788 ,  -0.079371, 0.005642 
  -0.072225 ,  -0.077957, 0.001882 
  -0.072514 ,  -0.076308, -0.002075 
  -0.072654 ,  -0.074426, -0.005828 
  -0.072646 ,  -0.072315, -0.009005 
  -0.072490 ,  -0.069982, -0.011317 
  -0.072188 ,  -0.067433, -0.012598 
  -0.071741 ,  -0.064676, -0.012822 
  -0.071149 ,  -0.061723, -0.012103 
  -0.070414 ,  -0.058582, -0.010665 
  -0.069538 ,  -0.055267, -0.008807 
  -0.068523 ,  -0.051790, -0.006847 
  -0.067371 ,  -0.048166, -0.005080 
  -0.066084 ,  -0.044410, -0.003733 
  -0.064665 ,  -0.040537, -0.002936 
  -0.063117 ,  -0.036564, -0.002719 
  -0.061442 ,  -0.032508, -0.003012 
  -0.059644 ,  -0.028386, -0.003677 
  -0.057725 ,  -0.024216, -0.004531 
  -0.055690 ,  -0.020016, -0.005391 
  -0.053542 ,  -0.015804, -0.006095 
  -0.051284 ,  -0.011597, -0.006532 
  -0.048922 ,  -0.007413, -0.006646 
  -0.046458 ,  -0.003268, -0.006432 
  -0.043897 ,  0.000822, -0.005926 
  -0.041244 ,  0.004841, -0.005177 
  -0.038503 ,  0.008775, -0.004233 
  -0.035678 ,  0.012611, -0.003120 
  -0.032775 ,  0.016335, -0.001837 
  -0.029798 ,  0.019938, -0.000359 
  -0.026752 ,  0.023409, 0.001345 
  -0.023642 ,  0.026740, 0.003297 
  -0.020474 ,  0.029923, 0.005479 
  -0.017252 ,  0.032954, 0.007815 
  -0.013982 ,  0.035827, 0.010165 
  -0.010669 ,  0.038539, 0.012322 
  -0.007319 ,  0.041090, 0.014039 
  -0.003936 ,  0.043478, 0.015059 
  -0.000527 ,  0.045705, 0.015160 
  0.002903 ,  0.047773, 0.014203 
  0.006350 ,  0.049684, 0.012164 
  0.009806 ,  0.051444, 0.009168 
  0.013267 ,  0.053056, 0.005485 
  0.016728 ,  0.054526, 0.001512 
  0.020183 ,  0.055860, -0.002270 
  0.023626 ,  0.057066, -0.005362 
  0.027052 ,  0.058149, -0.007319 
  0.030456 ,  0.059116, -0.007822 
  0.033833 ,  0.059974, -0.006733 
  0.037177 ,  0.060730, -0.004137 
  0.040484 ,  0.061389, -0.000340 
  0.043747 ,  0.061958, 0.004155 
  0.046963 ,  0.062442, 0.008710 
  0.050126 ,  0.062844, 0.012636 
  0.053232 ,  0.063170, 0.015287 
  0.056276 ,  0.063420, 0.016152 
  0.059253 ,  0.063598, 0.014933 
  0.062160 ,  0.063705, 0.011593 
  0.064991 ,  0.063739, 0.006366 
  0.067742 ,  0.063700, -0.000266 
  0.070410 ,  0.063586, -0.007636 
  0.072991 ,  0.063393, -0.014983 
  0.075481 ,  0.063119, -0.021547 
  0.077877 ,  0.062757, -0.026673 
  0.080174 ,  0.062302, -0.029889 
  0.082371 ,  0.061749, -0.030963 
  0.084463 ,  0.061091, -0.029915 
  0.086448 ,  0.060321, -0.027002 
  0.088324 ,  0.059432, -0.022657 
  0.090087 ,  0.058416, -0.017420 
  0.091736 ,  0.057267, -0.011846 
  0.093268 ,  0.055978, -0.006426 
  0.094682 ,  0.054543, -0.001522 
  0.095975 ,  0.052956, 0.002668 
  0.097147 ,  0.051213, 0.006110 
  0.098196 ,  0.049309, 0.008909 
  0.099120 ,  0.047242, 0.011254 
  0.099920 ,  0.045012, 0.013352 
  0.100593 ,  0.042616, 0.015359 
  0.101141 ,  0.040059, 0.017331 
  0.101561 ,  0.037341, 0.019198 
  0.101855 ,  0.034469, 0.020760 
  0.102022 ,  0.031448, 0.021730 
  0.102063 ,  0.028287, 0.021787 
  0.101978 ,  0.024996, 0.020652 
  0.101768 ,  0.021586, 0.018160 
  0.101434 ,  0.018071, 0.014322 
  0.100976 ,  0.014465, 0.009354 
  0.100397 ,  0.010785, 0.003670 
  0.099697 ,  0.007049, -0.002152 
  0.098878 ,  0.003274, -0.007453 
  0.097943 ,  -0.000518, -0.011585 
  0.096893 ,  -0.004307, -0.014019 
  0.095730 ,  -0.008071, -0.014430 
  0.094456 ,  -0.011789, -0.012771 
  0.093075 ,  -0.015439, -0.009286 
  0.091588 ,  -0.018997, -0.004496 
  0.090000 ,  -0.022443, 0.000875 
  0.088312 ,  -0.025755, 0.006003 
  0.086528 ,  -0.028913, 0.010089 
  0.084651 ,  -0.031895, 0.012485 
  0.082684 ,  -0.034685, 0.012800 
  0.080631 ,  -0.037264, 0.010966 
  0.078496 ,  -0.039618, 0.007254 
  0.076283 ,  -0.041732, 0.002236 
  0.073995 ,  -0.043594, -0.003306 
  0.071636 ,  -0.045195, -0.008508 
  0.069210 ,  -0.046528, -0.012563 
  0.066722 ,  -0.047586, -0.014864 
  0.064176 ,  -0.048368, -0.015105 
  0.061575 ,  -0.048873, -0.013344 
  0.058925 ,  -0.049103, -0.009999 
  0.056230 ,  -0.049063, -0.005785 
  0.053493 ,  -0.048759, -0.001595 
  0.050721 ,  -0.048201, 0.001646 
  0.047916 ,  -0.047399, 0.003153 
  0.045085 ,  -0.046369, 0.002418 
  0.042230 ,  -0.045125, -0.000677 
  0.039357 ,  -0.043683, -0.005820 
  0.036471 ,  -0.042064, -0.012292 
  0.033576 ,  -0.040286, -0.019064 
  0.030676 ,  -0.038371, -0.024948 
  0.027777 ,  -0.036342, -0.028780 
  0.024881 ,  -0.034219, -0.029613 
  0.021995 ,  -0.032027, -0.026877 
  0.019122 ,  -0.029789, -0.020498 
  0.016267 ,  -0.027526, -0.010928 
  0.013434 ,  -0.025261, 0.000892 
  0.010627 ,  -0.023015, 0.013651 
  0.007850 ,  -0.020810, 0.025853 
  0.005108 ,  -0.018664, 0.036026 
  0.002404 ,  -0.016596, 0.042941 
  -0.000258 ,  -0.014621, 0.045796 
  -0.002874 ,  -0.012755, 0.044335 
  -0.005440 ,  -0.011010, 0.038891 
  -0.007952 ,  -0.009396, 0.030340 
  -0.010408 ,  -0.007923, 0.019966 
  -0.012805 ,  -0.006596, 0.009271 
  -0.015138 ,  -0.005420, -0.000256 
  -0.017404 ,  -0.004397, -0.007362 
  -0.019602 ,  -0.003527, -0.011220 
  -0.021728 ,  -0.002808, -0.011554 
  -0.023779 ,  -0.002235, -0.008673 
  -0.025754 ,  -0.001802, -0.003418 
  -0.027649 ,  -0.001501, 0.002981 
  -0.029464 ,  -0.001324, 0.009102 
  -0.031194 ,  -0.001258, 0.013568 
  -0.032840 ,  -0.001293, 0.015268 
  -0.034399 ,  -0.001414, 0.013541 
  -0.035870 ,  -0.001609, 0.008291 
  -0.037251 ,  -0.001864, 0.000006 
  -0.038542 ,  -0.002163, -0.010311 
  -0.039742 ,  -0.002492, -0.021296 
  -0.040849 ,  -0.002836, -0.031433 
  -0.041863 ,  -0.003183, -0.039293 
  -0.042784 ,  -0.003519, -0.043754 
  -0.043611 ,  -0.003832, -0.044178 
  -0.044345 ,  -0.004110, -0.040509 
  -0.044986 ,  -0.004344, -0.033280 
  -0.045534 ,  -0.004526, -0.023525 
  -0.045989 ,  -0.004648, -0.012617 
  -0.046352 ,  -0.004706, -0.002049 
  -0.046624 ,  -0.004696, 0.006802 
  -0.046806 ,  -0.004617, 0.012891 
  -0.046899 ,  -0.004470, 0.015662 
  -0.046904 ,  -0.004256, 0.015135 
  -0.046823 ,  -0.003979, 0.011889 
  -0.046658 ,  -0.003646, 0.006956 
  -0.046411 ,  -0.003264, 0.001649 
  -0.046082 ,  -0.002841, -0.002669 
  -0.045676 ,  -0.002389, -0.004813 
  -0.045193 ,  -0.001918, -0.003985 
  -0.044636 ,  -0.001442, 0.000084 
  -0.044008 ,  -0.000974, 0.007076 
  -0.043311 ,  -0.000528, 0.016123 
  -0.042549 ,  -0.000118, 0.025934 
  -0.041723 ,  0.000241, 0.034993 
  -0.040838 ,  0.000535, 0.041792 
  -0.039896 ,  0.000749, 0.045079 
  -0.038900 ,  0.000871, 0.044054 
  -0.037854 ,  0.000888, 0.038508 
  -0.036761 ,  0.000788, 0.028869 
  -0.035625 ,  0.000563, 0.016153 
  -0.034450 ,  0.000203, 0.001822 
  -0.033238 ,  -0.000298, -0.012428 
  -0.031994 ,  -0.000945, -0.024902 
  -0.030721 ,  -0.001741, -0.034160 
  -0.029423 ,  -0.002685, -0.039217 
  -0.028105 ,  -0.003776, -0.039676 
  -0.026769 ,  -0.005009, -0.035781 
  -0.025420 ,  -0.006379, -0.028359 
  -0.024062 ,  -0.007876, -0.018695 
  -0.022699 ,  -0.009488, -0.008321 
  -0.021334 ,  -0.011203, 0.001208 
  -0.019972 ,  -0.013004, 0.008550 
  -0.018616 ,  -0.014875, 0.012765 
  -0.017271 ,  -0.016795, 0.013442 
  -0.015940 ,  -0.018743, 0.010738 
  -0.014627 ,  -0.020696, 0.005334 
  -0.013336 ,  -0.022631, -0.001693 
  -0.012071 ,  -0.024523, -0.009050 
  -0.010835 ,  -0.026346, -0.015438 
  -0.009633 ,  -0.028074, -0.019757 
  -0.008467 ,  -0.029682, -0.021266 
  -0.007341 ,  -0.031144, -0.019692 
  -0.006259 ,  -0.032433, -0.015251 
  -0.005224 ,  -0.033526, -0.008602 
  -0.004239 ,  -0.034400, -0.000722 
  -0.003307 ,  -0.035032, 0.007252 
  -0.002431 ,  -0.035402, 0.014210 
  -0.001615 ,  -0.035492, 0.019239 
  -0.000861 ,  -0.035285, 0.021760 
  -0.000172 ,  -0.034769, 0.021597 
  0.000450 ,  -0.033931, 0.018990 
  0.001002 ,  -0.032763, 0.014534 
  0.001482 ,  -0.031261, 0.009067 
  0.001888 ,  -0.029421, 0.003518 
  0.002218 ,  -0.027244, -0.001243 
  0.002470 ,  -0.024734, -0.004545 
  0.002642 ,  -0.021899, -0.006016 
  0.002733 ,  -0.018747, -0.005627 
  0.002741 ,  -0.015292, -0.003675 
  0.002666 ,  -0.011551, -0.000717 
  0.002505 ,  -0.007541, 0.002543 
  0.002259 ,  -0.003286, 0.005385 
  0.001927 ,  0.001192, 0.007203 
  0.001507 ,  0.005866, 0.007603 
  0.001000 ,  0.010707, 0.006475 
  0.000406 ,  0.015686, 0.003997 
  -0.000276 ,  0.020770, 0.000600 
  -0.001045 ,  0.025926, -0.003118 
  -0.001902 ,  0.031122, -0.006504 
  -0.002844 ,  0.036322, -0.008964 
  -0.003873 ,  0.041491, -0.010079 
  -0.004986 ,  0.046595, -0.009668 
  -0.006184 ,  0.051600, -0.007829 
  -0.007464 ,  0.056472, -0.004914 
  -0.008825 ,  0.061178, -0.001469 
  -0.010266 ,  0.065686, 0.001864 
  -0.011785 ,  0.069966, 0.004460 
  -0.013380 ,  0.073990, 0.005823 
  -0.015049 ,  0.077732, 0.005673 
  -0.016790 ,  0.081167, 0.003997 
  -0.018600 ,  0.084273, 0.001057 
  -0.020478 ,  0.087032, -0.002658 
  -0.022420 ,  0.089426, -0.006506 
  -0.024423 ,  0.091441, -0.009804 
  -0.026485 ,  0.093066, -0.011941 
  -0.028602 ,  0.094294, -0.012480 
  -0.030772 ,  0.095117, -0.011235 
  -0.032990 ,  0.095535, -0.008299 
  -0.035254 ,  0.095546, -0.004036 
  -0.037560 ,  0.095155, 0.000982 
  -0.039905 ,  0.094365, 0.006063 
  -0.042284 ,  0.093186, 0.010507 
  -0.044693 ,  0.091628, 0.013716 
  -0.047129 ,  0.089702, 0.015289 
  -0.049588 ,  0.087424, 0.015080 
  -0.052066 ,  0.084811, 0.013217 
  -0.054558 ,  0.081879, 0.010072 
  -0.057060 ,  0.078648, 0.006200 
  -0.059568 ,  0.075139, 0.002237 
  -0.062078 ,  0.071373, -0.001201 
  -0.064585 ,  0.067373, -0.003623 
  -0.067085 ,  0.063161, -0.004739 
  -0.069573 ,  0.058760, -0.004505 
  -0.072045 ,  0.054192, -0.003121 
  -0.074496 ,  0.049482, -0.000996 
  -0.076923 ,  0.044652, 0.001330 
  -0.079320 ,  0.039723, 0.003280 
  -0.081683 ,  0.034718, 0.004343 
  -0.084007 ,  0.029657, 0.004159 
  -0.086289 ,  0.024560, 0.002588 
  -0.088524 ,  0.019445, -0.000271 
  -0.090708 ,  0.014331, -0.004087 
  -0.092836 ,  0.009234, -0.008351 
  -0.094904 ,  0.004169, -0.012458 
  -0.096908 ,  -0.000850, -0.015802 
  -0.098844 ,  -0.005809, -0.017865 
  -0.100708 ,  -0.010698, -0.018307 
  -0.102495 ,  -0.015505, -0.017008 
  -0.104204 ,  -0.020222, -0.014084 
  -0.105828 ,  -0.024841, -0.009871 
  -0.107366 ,  -0.029354, -0.004861 
  -0.108813 ,  -0.033755, 0.000369 
  -0.110166 ,  -0.038039, 0.005249 
  -0.111421 ,  -0.042202, 0.009301 
  -0.112577 ,  -0.046239, 0.012199 
  -0.113629 ,  -0.050148, 0.013810 
  -0.114575 ,  -0.053925, 0.014196 
  -0.115412 ,  -0.057568, 0.013588 
  -0.116138 ,  -0.061075, 0.012331 
  -0.116750 ,  -0.064444, 0.010814 
  -0.117246 ,  -0.067672, 0.009397 
  -0.117624 ,  -0.070757, 0.008347 
  -0.117882 ,  -0.073697, 0.007795 
  -0.118018 ,  -0.076489, 0.007718 
  -0.118031 ,  -0.079130, 0.007956 
  -0.117920 ,  -0.081616, 0.008244 
  -0.117683 ,  -0.083945, 0.008276 
  -0.117319 ,  -0.086113, 0.007764 
  -0.116828 ,  -0.088114, 0.006501 
  -0.116208 ,  -0.089943, 0.004407 
  -0.115461 ,  -0.091597, 0.001549 
  -0.114584 ,  -0.093068, -0.001862 
  -0.113578 ,  -0.094352, -0.005501 
  -0.112444 ,  -0.095441, -0.008983 
  -0.111181 ,  -0.096331, -0.011924 
  -0.109791 ,  -0.097013, -0.014003 
  -0.108274 ,  -0.097483, -0.015017 
  -0.106630 ,  -0.097733, -0.014914 
  -0.104862 ,  -0.097758, -0.013800 
  -0.102970 ,  -0.097552, -0.011918 
  -0.100955 ,  -0.097109, -0.009611 
  -0.098821 ,  -0.096425, -0.007259 
  -0.096567 ,  -0.095495, -0.005215 
  -0.094197 ,  -0.094316, -0.003749 
  -0.091713 ,  -0.092885, -0.002998 
  -0.089117 ,  -0.091202, -0.002952 
  -0.086412 ,  -0.089264, -0.003452 
  -0.083600 ,  -0.087074, -0.004223 
  -0.080685 ,  -0.084632, -0.004926 
  -0.077669 ,  -0.081943, -0.005216 
  -0.074557 ,  -0.079010, -0.004810 
  -0.071350 ,  -0.075839, -0.003536 
  -0.068053 ,  -0.072438, -0.001370 
  -0.064670 ,  -0.068815, 0.001555 
  -0.061204 ,  -0.064980, 0.004966 
  -0.057659 ,  -0.060946, 0.008487 
  -0.054040 ,  -0.056725, 0.011702 
  -0.050350 ,  -0.052331, 0.014213 
  -0.046595 ,  -0.047779, 0.015709 
  -0.042778 ,  -0.043087, 0.016008 
  -0.038904 ,  -0.038272, 0.015090 
  -0.034978 ,  -0.033352, 0.013096 
  -0.031004 ,  -0.028348, 0.010306 
  -0.026987 ,  -0.023279, 0.007096 
  -0.022933 ,  -0.018167, 0.003877 
  -0.018846 ,  -0.013032, 0.001034 
  -0.014731 ,  -0.007897, -0.001130 
  -0.010593 ,  -0.002782, -0.002440 
  -0.006437 ,  0.002291, -0.002863 
  -0.002269 ,  0.007301, -0.002511 
  0.001906 ,  0.012225, -0.001609 
  0.006083 ,  0.017045, -0.000452 
  0.010257 ,  0.021741, 0.000645 
  0.014423 ,  0.026294, 0.001409 
  0.018575 ,  0.030686, 0.001649 
  0.022708 ,  0.034901, 0.001288 
  0.026817 ,  0.038923, 0.000367 
  0.030897 ,  0.042740, -0.000960 
  0.034942 ,  0.046338, -0.002470 
  0.038948 ,  0.049708, -0.003908 
  0.042909 ,  0.052841, -0.005043 
  0.046821 ,  0.055730, -0.005712 
  0.050679 ,  0.058369, -0.005852 
  0.054477 ,  0.060756, -0.005516 
  0.058210 ,  0.062888, -0.004864 
  0.061875 ,  0.064768, -0.004137 
  0.065467 ,  0.066396, -0.003607 
  0.068981 ,  0.067777, -0.003531 
  0.072412 ,  0.068918, -0.004090 
  0.075757 ,  0.069825, -0.005352 
  0.079011 ,  0.070508, -0.007243 
  0.082170 ,  0.070977, -0.009545 
  0.085230 ,  0.071244, -0.011917 
  0.088188 ,  0.071323, -0.013939 
  0.091040 ,  0.071227, -0.015168 
  0.093783 ,  0.070971, -0.015210 
  0.096412 ,  0.070572, -0.013781 
  0.098925 ,  0.070045, -0.010758 
  0.101319 ,  0.069406, -0.006211 
  0.103592 ,  0.068673, -0.000410 
  0.105740 ,  0.067863, 0.006201 
  0.107761 ,  0.066991, 0.013046 
  0.109652 ,  0.066074, 0.019486 
  0.111412 ,  0.065127, 0.024895 
  0.113039 ,  0.064165, 0.028731 
  0.114531 ,  0.063201, 0.030604 
  0.115886 ,  0.062249, 0.030325 
  0.117103 ,  0.061319, 0.027918 
  0.118181 ,  0.060422, 0.023625 
  0.119119 ,  0.059567, 0.017866 
  0.119916 ,  0.058759, 0.011190 
  0.120571 ,  0.058006, 0.004206 
  0.121085 ,  0.057310, -0.002484 
  0.121457 ,  0.056673, -0.008354 
  0.121687 ,  0.056097, -0.013006 
  0.121776 ,  0.055578, -0.016203 
  0.121723 ,  0.055114, -0.017884 
  0.121530 ,  0.054699, -0.018149 
  0.121197 ,  0.054328, -0.017232 
  0.120726 ,  0.053991, -0.015458 
  0.120117 ,  0.053679, -0.013190 
  0.119372 ,  0.053381, -0.010781 
  0.118493 ,  0.053085, -0.008524 
  0.117481 ,  0.052777, -0.006630 
  0.116339 ,  0.052442, -0.005204 
  0.115068 ,  0.052067, -0.004248 
  0.113672 ,  0.051636, -0.003673 
  0.112152 ,  0.051132, -0.003330 
  0.110511 ,  0.050540, -0.003037 
  0.108752 ,  0.049843, -0.002618 
  0.106878 ,  0.049027, -0.001929 
  0.104893 ,  0.048076, -0.000883 
  0.102799 ,  0.046975, 0.000536 
  0.100601 ,  0.045711, 0.002275 
  0.098301 ,  0.044272, 0.004216 
  0.095903 ,  0.042646, 0.006199 
  0.093412 ,  0.040824, 0.008042 
  0.090831 ,  0.038797, 0.009568 
  0.088165 ,  0.036559, 0.010625 
  0.085417 ,  0.034105, 0.011108 
  0.082593 ,  0.031433, 0.010969 
  0.079696 ,  0.028542, 0.010221 
  0.076731 ,  0.025433, 0.008931 
  0.073703 ,  0.022111, 0.007213 
  0.070616 ,  0.018581, 0.005208 
  0.067475 ,  0.014850, 0.003066 
  0.064285 ,  0.010930, 0.000931 
  0.061050 ,  0.006831, -0.001078 
  0.057777 ,  0.002569, -0.002877 
  0.054469 ,  -0.001841, -0.004418 
  0.051132 ,  -0.006381, -0.005692 
  0.047770 ,  -0.011032, -0.006719 
  0.044389 ,  -0.015773, -0.007539 
  0.040993 ,  -0.020582, -0.008193 
  0.037589 ,  -0.025436, -0.008716 
  0.034180 ,  -0.030311, -0.009121 
  0.030772 ,  -0.035182, -0.009395 
  0.027370 ,  -0.040024, -0.009493 
  0.023978 ,  -0.044813, -0.009348 
  0.020602 ,  -0.049522, -0.008880 
  0.017247 ,  -0.054128, -0.008008 
  0.013917 ,  -0.058605, -0.006670 
  0.010617 ,  -0.062930, -0.004838 
  0.007352 ,  -0.067081, -0.002533 
  0.004127 ,  -0.071036, 0.000165 
  0.000946 ,  -0.074775, 0.003123 
  -0.002187 ,  -0.078278, 0.006154 
  -0.005266 ,  -0.081531, 0.009039 
  -0.008289 ,  -0.084517, 0.011547 
  -0.011250 ,  -0.087224, 0.013462 
  -0.014146 ,  -0.089641, 0.014608 
  -0.016972 ,  -0.091759, 0.014878 
  -0.019725 ,  -0.093571, 0.014244 
  -0.022401 ,  -0.095074, 0.012769 
  -0.024996 ,  -0.096266, 0.010603 
  -0.027508 ,  -0.097147, 0.007964 
  -0.029932 ,  -0.097719, 0.005116 
  -0.032266 ,  -0.097987, 0.002334 
  -0.034507 ,  -0.097957, -0.000128 
  -0.036651 ,  -0.097639, -0.002073 
  -0.038696 ,  -0.097041, -0.003385 
  -0.040641 ,  -0.096177, -0.004043 
  -0.042481 ,  -0.095059, -0.004121 
  -0.044216 ,  -0.093702, -0.003778 
  -0.045842 ,  -0.092121, -0.003229 
  -0.047359 ,  -0.090333, -0.002713 
  -0.048765 ,  -0.088354, -0.002450 
  -0.050058 ,  -0.086202, -0.002608 
  -0.051237 ,  -0.083894, -0.003273 
  -0.052300 ,  -0.081448, -0.004431 
  -0.053248 ,  -0.078880, -0.005968 
  -0.054078 ,  -0.076207, -0.007683 
  -0.054791 ,  -0.073445, -0.009323 
  -0.055387 ,  -0.070609, -0.010615 
  -0.055864 ,  -0.067713, -0.011315 
  -0.056223 ,  -0.064770, -0.011250 
  -0.056465 ,  -0.061790, -0.010345 
  -0.056589 ,  -0.058784, -0.008645 
  -0.056596 ,  -0.055761, -0.006309 
  -0.056486 ,  -0.052726, -0.003596 
  -0.056262 ,  -0.049687, -0.000824 
  -0.055923 ,  -0.046646, 0.001675 
  -0.055472 ,  -0.043605, 0.003606 
  -0.054908 ,  -0.040565, 0.004759 
  -0.054235 ,  -0.037526, 0.005044 
  -0.053453 ,  -0.034484, 0.004508 
  -0.052566 ,  -0.031437, 0.003330 
  -0.051573 ,  -0.028380, 0.001801 
  -0.050479 ,  -0.025307, 0.000275 
  -0.049285 ,  -0.022212, -0.000883 
  -0.047994 ,  -0.019088, -0.001357 
  -0.046608 ,  -0.015927, -0.000931 
  -0.045131 ,  -0.012723, 0.000469 
  -0.043565 ,  -0.009468, 0.002757 
  -0.041913 ,  -0.006154, 0.005696 
  -0.040178 ,  -0.002776, 0.008927 
  -0.038365 ,  0.000674, 0.012020 
  -0.036475 ,  0.004199, 0.014535 
  -0.034513 ,  0.007805, 0.016092 
  -0.032482 ,  0.011493, 0.016430 
  -0.030385 ,  0.015264, 0.015447 
  -0.028228 ,  0.019119, 0.013222 
  -0.026013 ,  0.023056, 0.010007 
  -0.023744 ,  0.027069, 0.006189 
  -0.021426 ,  0.031154, 0.002234 
  -0.019062 ,  0.035303, -0.001378 
  -0.016657 ,  0.039505, -0.004236 
  -0.014215 ,  0.043749, -0.006051 
  -0.011739 ,  0.048022, -0.006712 
  -0.009235 ,  0.052307, -0.006294 
  -0.006706 ,  0.056587, -0.005057 
  -0.004157 ,  0.060844, -0.003400 
  -0.001592 ,  0.065056, -0.001797 
  0.000985 ,  0.069202, -0.000727 
  0.003570 ,  0.073259, -0.000585 
  0.006157 ,  0.077203, -0.001622 
  0.008744 ,  0.081010, -0.003892 
  0.011325 ,  0.084655, -0.007238 
  0.013896 ,  0.088113, -0.011299 
  0.016453 ,  0.091358, -0.015565 
  0.018993 ,  0.094368, -0.019439 
  0.021510 ,  0.097117, -0.022324 
  0.024001 ,  0.099584, -0.023715 
  0.026463 ,  0.101747, -0.023268 
  0.028890 ,  0.103586, -0.020859 
  0.031279 ,  0.105084, -0.016608 
  0.033626 ,  0.106224, -0.010865 
  0.035928 ,  0.106994, -0.004172 
  0.038181 ,  0.107381, 0.002812 
  0.040381 ,  0.107377, 0.009395 
  0.042525 ,  0.106977, 0.014941 
  0.044610 ,  0.106178, 0.018954 
  0.046632 ,  0.104980, 0.021136 
  0.048588 ,  0.103387, 0.021420 
  0.050476 ,  0.101404, 0.019968 
  0.052293 ,  0.099041, 0.017138 
  0.054035 ,  0.096311, 0.013428 
  0.055700 ,  0.093227, 0.009396 
  0.057286 ,  0.089809, 0.005584 
  0.058790 ,  0.086077, 0.002444 
  0.060210 ,  0.082053, 0.000280 
  0.061544 ,  0.077763, -0.000778 
  0.062790 ,  0.073233, -0.000779 
  0.063947 ,  0.068493, 0.000074 
  0.065012 ,  0.063571, 0.001469 
  0.065984 ,  0.058500, 0.003046 
  0.066862 ,  0.053311, 0.004461 
  0.067645 ,  0.048036, 0.005436 
  0.068332 ,  0.042707, 0.005801 
  0.068921 ,  0.037357, 0.005511 
  0.069412 ,  0.032017, 0.004645 
  0.069805 ,  0.026718, 0.003374 
  0.070099 ,  0.021489, 0.001925 
  0.070294 ,  0.016358, 0.000531 
  0.070390 ,  0.011352, -0.000612 
  0.070386 ,  0.006494, -0.001384 
  0.070284 ,  0.001807, -0.001761 
  0.070083 ,  -0.002691, -0.001812 
  0.069784 ,  -0.006981, -0.001687 
  0.069387 ,  -0.011050, -0.001578 
  0.068895 ,  -0.014886, -0.001683 
  0.068306 ,  -0.018481, -0.002158 
  0.067623 ,  -0.021830, -0.003090 
  0.066848 ,  -0.024928, -0.004471 
  0.065980 ,  -0.027777, -0.006196 
  0.065022 ,  -0.030379, -0.008080 
  0.063976 ,  -0.032740, -0.009886 
  0.062843 ,  -0.034868, -0.011373 
  0.061625 ,  -0.036773, -0.012333 
  0.060324 ,  -0.038467, -0.012635 
  0.058943 ,  -0.039964, -0.012248 
  0.057483 ,  -0.041281, -0.011251 
  0.055947 ,  -0.042434, -0.009820 
  0.054338 ,  -0.043442, -0.008199 
  0.052659 ,  -0.044323, -0.006656 
  0.050911 ,  -0.045096, -0.005431 
  0.049097 ,  -0.045782, -0.004691 
  0.047222 ,  -0.046400, -0.004493 
  0.045286 ,  -0.046967, -0.004767 
  0.043295 ,  -0.047503, -0.005315 
  0.041249 ,  -0.048024, -0.005841 
  0.039154 ,  -0.048545, -0.005996 
  0.037012 ,  -0.049081, -0.005433 
  0.034826 ,  -0.049644, -0.003870 
  0.032600 ,  -0.050245, -0.001142 
  0.030336 ,  -0.050891, 0.002759 
  0.028040 ,  -0.051588, 0.007667 
  0.025713 ,  -0.052341, 0.013254 
  0.023359 ,  -0.053150, 0.019063 
  0.020983 ,  -0.054015, 0.024565 
  0.018587 ,  -0.054933, 0.029222 
  0.016175 ,  -0.055896, 0.032564 
  0.013751 ,  -0.056898, 0.034242 
  0.011318 ,  -0.057928, 0.034080 
  0.008879 ,  -0.058975, 0.032090 
  0.006438 ,  -0.060024, 0.028466 
  0.003999 ,  -0.061060, 0.023551 
  0.001566 ,  -0.062066, 0.017782 
  -0.000859 ,  -0.063024, 0.011632 
  -0.003272 ,  -0.063916, 0.005533 
  -0.005670 ,  -0.064722, -0.000169 
  -0.008049 ,  -0.065423, -0.005262 
  -0.010406 ,  -0.065999, -0.009676 
  -0.012738 ,  -0.066431, -0.013473 
  -0.015041 ,  -0.066700, -0.016814 
  -0.017313 ,  -0.066789, -0.019906 
  -0.019550 ,  -0.066681, -0.022940 
  -0.021749 ,  -0.066361, -0.026037 
  -0.023908 ,  -0.065816, -0.029201 
  -0.026024 ,  -0.065034, -0.032301 
  -0.028094 ,  -0.064005, -0.035071 
  -0.030115 ,  -0.062724, -0.037138 
  -0.032084 ,  -0.061184, -0.038082 
  -0.034001 ,  -0.059384, -0.037497 
  -0.035861 ,  -0.057325, -0.035064 
  -0.037662 ,  -0.055008, -0.030618 
  -0.039404 ,  -0.052441, -0.024192 
