   16m__20m 
  0.052720 ,  -0.065496, 0.027771 
  0.055168 ,  -0.066784, 0.028743 
  0.057601 ,  -0.067723, 0.027948 
  0.060015 ,  -0.068290, 0.025307 
  0.062408 ,  -0.068471, 0.020933 
  0.064776 ,  -0.068251, 0.015126 
  0.067116 ,  -0.067622, 0.008339 
  0.069425 ,  -0.066578, 0.001125 
  0.071701 ,  -0.065118, -0.005924 
  0.073939 ,  -0.063245, -0.012254 
  0.076137 ,  -0.060967, -0.017410 
  0.078293 ,  -0.058294, -0.021093 
  0.080403 ,  -0.055243, -0.023184 
  0.082464 ,  -0.051833, -0.023755 
  0.084474 ,  -0.048088, -0.023048 
  0.086430 ,  -0.044033, -0.021427 
  0.088330 ,  -0.039701, -0.019326 
  0.090169 ,  -0.035123, -0.017177 
  0.091947 ,  -0.030337, -0.015349 
  0.093661 ,  -0.025379, -0.014094 
  0.095307 ,  -0.020290, -0.013511 
  0.096884 ,  -0.015111, -0.013544 
  0.098390 ,  -0.009885, -0.013985 
  0.099823 ,  -0.004654, -0.014521 
  0.101179 ,  0.000540, -0.014783 
  0.102458 ,  0.005653, -0.014409 
  0.103658 ,  0.010646, -0.013103 
  0.104776 ,  0.015478, -0.010688 
  0.105811 ,  0.020113, -0.007136 
  0.106762 ,  0.024513, -0.002585 
  0.107626 ,  0.028648, 0.002682 
  0.108403 ,  0.032486, 0.008264 
  0.109092 ,  0.036004, 0.013694 
  0.109690 ,  0.039177, 0.018503 
  0.110198 ,  0.041987, 0.022274 
  0.110614 ,  0.044421, 0.024697 
  0.110937 ,  0.046468, 0.025605 
  0.111168 ,  0.048122, 0.024993 
  0.111304 ,  0.049382, 0.023009 
  0.111346 ,  0.050251, 0.019935 
  0.111294 ,  0.050735, 0.016143 
  0.111147 ,  0.050847, 0.012046 
  0.110905 ,  0.050600, 0.008046 
  0.110568 ,  0.050014, 0.004489 
  0.110137 ,  0.049110, 0.001624 
  0.109611 ,  0.047915, -0.000410 
  0.108992 ,  0.046455, -0.001596 
  0.108279 ,  0.044760, -0.002016 
  0.107474 ,  0.042864, -0.001836 
  0.106577 ,  0.040799, -0.001266 
  0.105589 ,  0.038600, -0.000525 
  0.104511 ,  0.036301, 0.000187 
  0.103345 ,  0.033939, 0.000720 
  0.102091 ,  0.031548, 0.000980 
  0.100751 ,  0.029161, 0.000937 
  0.099327 ,  0.026813, 0.000615 
  0.097819 ,  0.024534, 0.000074 
  0.096231 ,  0.022353, -0.000609 
  0.094562 ,  0.020297, -0.001358 
  0.092817 ,  0.018391, -0.002120 
  0.090995 ,  0.016655, -0.002867 
  0.089101 ,  0.015109, -0.003603 
  0.087135 ,  0.013766, -0.004356 
  0.085100 ,  0.012638, -0.005170 
  0.082999 ,  0.011734, -0.006084 
  0.080834 ,  0.011057, -0.007127 
  0.078607 ,  0.010607, -0.008297 
  0.076321 ,  0.010383, -0.009565 
  0.073979 ,  0.010377, -0.010869 
  0.071584 ,  0.010581, -0.012121 
  0.069137 ,  0.010981, -0.013225 
  0.066644 ,  0.011563, -0.014082 
  0.064105 ,  0.012308, -0.014607 
  0.061524 ,  0.013196, -0.014739 
  0.058905 ,  0.014206, -0.014448 
  0.056250 ,  0.015313, -0.013727 
  0.053562 ,  0.016493, -0.012593 
  0.050845 ,  0.017720, -0.011076 
  0.048101 ,  0.018968, -0.009204 
  0.045334 ,  0.020211, -0.007000 
  0.042547 ,  0.021424, -0.004474 
  0.039744 ,  0.022581, -0.001626 
  0.036927 ,  0.023659, 0.001546 
  0.034100 ,  0.024634, 0.005032 
  0.031265 ,  0.025487, 0.008792 
  0.028427 ,  0.026197, 0.012740 
  0.025588 ,  0.026750, 0.016735 
  0.022752 ,  0.027129, 0.020572 
  0.019921 ,  0.027325, 0.023992 
  0.017099 ,  0.027327, 0.026702 
  0.014290 ,  0.027131, 0.028405 
  0.011495 ,  0.026732, 0.028836 
  0.008718 ,  0.026131, 0.027804 
  0.005962 ,  0.025330, 0.025233 
  0.003231 ,  0.024334, 0.021187 
  0.000526 ,  0.023151, 0.015881 
  -0.002149 ,  0.021793, 0.009682 
  -0.004792 ,  0.020270, 0.003075 
  -0.007399 ,  0.018599, -0.003377 
  -0.009969 ,  0.016796, -0.009094 
  -0.012498 ,  0.014879, -0.013551 
  -0.014984 ,  0.012866, -0.016338 
  -0.017426 ,  0.010780, -0.017219 
  -0.019819 ,  0.008639, -0.016168 
  -0.022163 ,  0.006467, -0.013384 
  -0.024456 ,  0.004283, -0.009275 
  -0.026694 ,  0.002108, -0.004412 
  -0.028876 ,  -0.000036, 0.000532 
  -0.031001 ,  -0.002132, 0.004866 
  -0.033066 ,  -0.004161, 0.007966 
  -0.035071 ,  -0.006106, 0.009351 
  -0.037013 ,  -0.007953, 0.008755 
  -0.038891 ,  -0.009689, 0.006154 
  -0.040703 ,  -0.011302, 0.001781 
  -0.042450 ,  -0.012786, -0.003905 
  -0.044128 ,  -0.014132, -0.010274 
  -0.045739 ,  -0.015337, -0.016601 
  -0.047280 ,  -0.016399, -0.022160 
  -0.048751 ,  -0.017320, -0.026311 
  -0.050152 ,  -0.018103, -0.028587 
  -0.051482 ,  -0.018752, -0.028744 
  -0.052740 ,  -0.019275, -0.026795 
  -0.053927 ,  -0.019683, -0.022999 
  -0.055042 ,  -0.019985, -0.017828 
  -0.056086 ,  -0.020196, -0.011895 
  -0.057058 ,  -0.020328, -0.005875 
  -0.057959 ,  -0.020398, -0.000408 
  -0.058788 ,  -0.020422, 0.003982 
  -0.059548 ,  -0.020417, 0.006960 
  -0.060237 ,  -0.020398, 0.008419 
  -0.060858 ,  -0.020385, 0.008490 
  -0.061410 ,  -0.020393, 0.007518 
  -0.061895 ,  -0.020438, 0.006011 
  -0.062313 ,  -0.020535, 0.004554 
  -0.062667 ,  -0.020700, 0.003727 
  -0.062956 ,  -0.020945, 0.004011 
  -0.063183 ,  -0.021281, 0.005712 
  -0.063349 ,  -0.021717, 0.008909 
  -0.063456 ,  -0.022262, 0.013428 
  -0.063505 ,  -0.022921, 0.018859 
  -0.063498 ,  -0.023698, 0.024598 
  -0.063436 ,  -0.024593, 0.029926 
  -0.063323 ,  -0.025605, 0.034098 
  -0.063159 ,  -0.026732, 0.036446 
  -0.062946 ,  -0.027967, 0.036470 
  -0.062688 ,  -0.029302, 0.033915 
  -0.062386 ,  -0.030729, 0.028810 
  -0.062043 ,  -0.032233, 0.021487 
  -0.061660 ,  -0.033803, 0.012539 
  -0.061240 ,  -0.035421, 0.002768 
  -0.060786 ,  -0.037072, -0.006915 
  -0.060300 ,  -0.038736, -0.015598 
  -0.059785 ,  -0.040394, -0.022473 
  -0.059244 ,  -0.042027, -0.026947 
  -0.058678 ,  -0.043614, -0.028710 
  -0.058090 ,  -0.045133, -0.027781 
  -0.057484 ,  -0.046565, -0.024508 
  -0.056862 ,  -0.047887, -0.019532 
  -0.056227 ,  -0.049081, -0.013701 
  -0.055580 ,  -0.050128, -0.007971 
  -0.054926 ,  -0.051008, -0.003276 
  -0.054267 ,  -0.051705, -0.000411 
  -0.053605 ,  -0.052205, 0.000086 
  -0.052943 ,  -0.052492, -0.001995 
  -0.052284 ,  -0.052556, -0.006488 
  -0.051631 ,  -0.052387, -0.012863 
  -0.050986 ,  -0.051976, -0.020278 
  -0.050351 ,  -0.051319, -0.027676 
  -0.049730 ,  -0.050412, -0.033913 
  -0.049125 ,  -0.049254, -0.037904 
  -0.048538 ,  -0.047847, -0.038763 
  -0.047972 ,  -0.046194, -0.035934 
  -0.047430 ,  -0.044300, -0.029275 
  -0.046913 ,  -0.042175, -0.019100 
  -0.046423 ,  -0.039827, -0.006168 
  -0.045964 ,  -0.037268, 0.008389 
  -0.045537 ,  -0.034513, 0.023186 
  -0.045144 ,  -0.031575, 0.036735 
  -0.044788 ,  -0.028471, 0.047618 
  -0.044469 ,  -0.025219, 0.054662 
  -0.044191 ,  -0.021837, 0.057079 
  -0.043954 ,  -0.018344, 0.054573 
  -0.043761 ,  -0.014760, 0.047388 
  -0.043612 ,  -0.011105, 0.036288 
  -0.043510 ,  -0.007398, 0.022481 
  -0.043455 ,  -0.003660, 0.007485 
  -0.043450 ,  0.000091, -0.007051 
  -0.043494 ,  0.003835, -0.019536 
  -0.043589 ,  0.007555, -0.028625 
  -0.043737 ,  0.011234, -0.033381 
  -0.043937 ,  0.014854, -0.033384 
  -0.044191 ,  0.018403, -0.028783 
  -0.044498 ,  0.021865, -0.020271 
  -0.044860 ,  0.025230, -0.009000 
  -0.045277 ,  0.028486, 0.003563 
  -0.045749 ,  0.031624, 0.015821 
  -0.046276 ,  0.034638, 0.026240 
  -0.046858 ,  0.037519, 0.033544 
  -0.047495 ,  0.040266, 0.036860 
  -0.048187 ,  0.042873, 0.035824 
  -0.048933 ,  0.045339, 0.030613 
  -0.049732 ,  0.047664, 0.021911 
  -0.050585 ,  0.049849, 0.010809 
  -0.051490 ,  0.051896, -0.001346 
  -0.052447 ,  0.053807, -0.013130 
  -0.053454 ,  0.055585, -0.023225 
  -0.054510 ,  0.057236, -0.030588 
  -0.055615 ,  0.058764, -0.034575 
  -0.056766 ,  0.060174, -0.035009 
  -0.057962 ,  0.061471, -0.032182 
  -0.059203 ,  0.062661, -0.026794 
  -0.060485 ,  0.063750, -0.019837 
  -0.061807 ,  0.064741, -0.012447 
  -0.063168 ,  0.065641, -0.005735 
  -0.064566 ,  0.066453, -0.000627 
  -0.065997 ,  0.067180, 0.002255 
  -0.067461 ,  0.067826, 0.002678 
  -0.068954 ,  0.068393, 0.000810 
  -0.070475 ,  0.068881, -0.002813 
  -0.072021 ,  0.069292, -0.007385 
  -0.073589 ,  0.069625, -0.011962 
  -0.075177 ,  0.069878, -0.015604 
  -0.076782 ,  0.070048, -0.017524 
  -0.078401 ,  0.070133, -0.017204 
  -0.080033 ,  0.070127, -0.014475 
  -0.081672 ,  0.070027, -0.009530 
  -0.083318 ,  0.069825, -0.002903 
  -0.084966 ,  0.069516, 0.004624 
  -0.086614 ,  0.069092, 0.012134 
  -0.088259 ,  0.068545, 0.018713 
  -0.089897 ,  0.067868, 0.023585 
  -0.091525 ,  0.067052, 0.026225 
  -0.093141 ,  0.066089, 0.026430 
  -0.094740 ,  0.064971, 0.024342 
  -0.096320 ,  0.063690, 0.020422 
  -0.097878 ,  0.062237, 0.015373 
  -0.099410 ,  0.060606, 0.010030 
  -0.100913 ,  0.058789, 0.005236 
  -0.102384 ,  0.056780, 0.001713 
  -0.103819 ,  0.054575, -0.000041 
  -0.105216 ,  0.052169, 0.000181 
  -0.106571 ,  0.049559, 0.002266 
  -0.107880 ,  0.046742, 0.005810 
  -0.109142 ,  0.043719, 0.010182 
  -0.110352 ,  0.040489, 0.014623 
  -0.111508 ,  0.037054, 0.018358 
  -0.112606 ,  0.033419, 0.020713 
  -0.113644 ,  0.029588, 0.021203 
  -0.114619 ,  0.025567, 0.019601 
  -0.115527 ,  0.021365, 0.015956 
  -0.116367 ,  0.016991, 0.010575 
  -0.117135 ,  0.012455, 0.003967 
  -0.117828 ,  0.007771, -0.003238 
  -0.118444 ,  0.002952, -0.010385 
  -0.118981 ,  -0.001986, -0.016881 
  -0.119436 ,  -0.007027, -0.022275 
  -0.119807 ,  -0.012154, -0.026296 
  -0.120091 ,  -0.017347, -0.028871 
  -0.120287 ,  -0.022586, -0.030099 
  -0.120392 ,  -0.027851, -0.030210 
  -0.120405 ,  -0.033120, -0.029489 
  -0.120323 ,  -0.038371, -0.028219 
  -0.120146 ,  -0.043580, -0.026612 
  -0.119870 ,  -0.048726, -0.024778 
  -0.119496 ,  -0.053784, -0.022706 
  -0.119021 ,  -0.058731, -0.020288 
  -0.118445 ,  -0.063544, -0.017354 
  -0.117765 ,  -0.068199, -0.013737 
  -0.116983 ,  -0.072672, -0.009331 
  -0.116095 ,  -0.076942, -0.004150 
  -0.115103 ,  -0.080987, 0.001644 
  -0.114004 ,  -0.084785, 0.007728 
  -0.112800 ,  -0.088316, 0.013655 
  -0.111489 ,  -0.091561, 0.018899 
  -0.110071 ,  -0.094502, 0.022943 
  -0.108547 ,  -0.097122, 0.025359 
  -0.106916 ,  -0.099406, 0.025890 
  -0.105179 ,  -0.101339, 0.024508 
  -0.103336 ,  -0.102910, 0.021440 
  -0.101388 ,  -0.104108, 0.017155 
  -0.099336 ,  -0.104925, 0.012306 
  -0.097179 ,  -0.105353, 0.007643 
  -0.094920 ,  -0.105387, 0.003899 
  -0.092560 ,  -0.105026, 0.001678 
  -0.090099 ,  -0.104267, 0.001344 
  -0.087539 ,  -0.103114, 0.002958 
  -0.084881 ,  -0.101568, 0.006244 
  -0.082128 ,  -0.099636, 0.010618 
  -0.079281 ,  -0.097326, 0.015262 
  -0.076342 ,  -0.094647, 0.019241 
  -0.073313 ,  -0.091612, 0.021647 
  -0.070196 ,  -0.088235, 0.021745 
  -0.066993 ,  -0.084532, 0.019103 
  -0.063708 ,  -0.080521, 0.013683 
  -0.060342 ,  -0.076223, 0.005876 
  -0.056898 ,  -0.071659, -0.003530 
  -0.053379 ,  -0.066852, -0.013436 
  -0.049788 ,  -0.061828, -0.022578 
  -0.046128 ,  -0.056614, -0.029705 
  -0.042401 ,  -0.051236, -0.033759 
  -0.038612 ,  -0.045723, -0.034043 
  -0.034762 ,  -0.040105, -0.030342 
  -0.030857 ,  -0.034413, -0.022983 
  -0.026899 ,  -0.028677, -0.012815 
  -0.022891 ,  -0.022928, -0.001121 
  -0.018838 ,  -0.017197, 0.010544 
  -0.014742 ,  -0.011516, 0.020550 
  -0.010608 ,  -0.005915, 0.027415 
  -0.006440 ,  -0.000424, 0.030015 
  -0.002241 ,  0.004927, 0.027746 
  0.001984 ,  0.010110, 0.020630 
  0.006233 ,  0.015099, 0.009330 
  0.010500 ,  0.019867, -0.004913 
  0.014782 ,  0.024391, -0.020425 
  0.019075 ,  0.028649, -0.035303 
  0.023374 ,  0.032621, -0.047657 
  0.027675 ,  0.036289, -0.055847 
  0.031975 ,  0.039639, -0.058694 
  0.036270 ,  0.042656, -0.055637 
  0.040554 ,  0.045332, -0.046804 
  0.044824 ,  0.047658, -0.033005 
  0.049076 ,  0.049630, -0.015630 
  0.053306 ,  0.051247, 0.003517 
  0.057509 ,  0.052508, 0.022441 
  0.061682 ,  0.053419, 0.039193 
  0.065821 ,  0.053984, 0.052103 
  0.069920 ,  0.054215, 0.059966 
  0.073977 ,  0.054123, 0.062175 
  0.077988 ,  0.053723, 0.058771 
  0.081949 ,  0.053031, 0.050411 
  0.085855 ,  0.052067, 0.038269 
  0.089703 ,  0.050852, 0.023870 
  0.093490 ,  0.049409, 0.008899 
  0.097211 ,  0.047763, -0.005006 
  0.100863 ,  0.045940, -0.016441 
  0.104443 ,  0.043968, -0.024387 
  0.107947 ,  0.041874, -0.028297 
  0.111373 ,  0.039688, -0.028128 
  0.114716 ,  0.037438, -0.024305 
  0.117973 ,  0.035153, -0.017636 
  0.121142 ,  0.032862, -0.009183 
  0.124219 ,  0.030593, -0.000119 
  0.127203 ,  0.028374, 0.008417 
  0.130089 ,  0.026230, 0.015453 
  0.132876 ,  0.024186, 0.020269 
  0.135561 ,  0.022267, 0.022461 
  0.138141 ,  0.020492, 0.021949 
  0.140615 ,  0.018882, 0.018947 
  0.142980 ,  0.017453, 0.013912 
  0.145234 ,  0.016221, 0.007461 
  0.147376 ,  0.015197, 0.000290 
  0.149403 ,  0.014391, -0.006908 
  0.151315 ,  0.013811, -0.013512 
  0.153109 ,  0.013461, -0.019018 
  0.154784 ,  0.013342, -0.023074 
  0.156339 ,  0.013454, -0.025478 
  0.157774 ,  0.013793, -0.026183 
  0.159086 ,  0.014353, -0.025267 
  0.160276 ,  0.015125, -0.022916 
  0.161343 ,  0.016098, -0.019394 
  0.162286 ,  0.017260, -0.015021 
  0.163105 ,  0.018596, -0.010147 
  0.163800 ,  0.020090, -0.005139 
  0.164371 ,  0.021722, -0.000356 
  0.164817 ,  0.023474, 0.003864 
  0.165139 ,  0.025326, 0.007226 
  0.165338 ,  0.027257, 0.009502 
  0.165414 ,  0.029244, 0.010549 
  0.165367 ,  0.031266, 0.010328 
  0.165199 ,  0.033302, 0.008919 
  0.164910 ,  0.035328, 0.006521 
  0.164501 ,  0.037325, 0.003445 
  0.163974 ,  0.039272, 0.000087 
  0.163330 ,  0.041149, -0.003107 
  0.162571 ,  0.042937, -0.005694 
  0.161697 ,  0.044620, -0.007283 
  0.160711 ,  0.046182, -0.007589 
  0.159614 ,  0.047608, -0.006479 
  0.158409 ,  0.048886, -0.003992 
  0.157098 ,  0.050004, -0.000351 
  0.155682 ,  0.050954, 0.004062 
  0.154164 ,  0.051727, 0.008744 
  0.152546 ,  0.052319, 0.013137 
  0.150832 ,  0.052724, 0.016693 
  0.149022 ,  0.052940, 0.018954 
  0.147121 ,  0.052966, 0.019616 
  0.145131 ,  0.052802, 0.018571 
  0.143054 ,  0.052451, 0.015931 
  0.140894 ,  0.051913, 0.012019 
  0.138654 ,  0.051194, 0.007326 
  0.136337 ,  0.050298, 0.002451 
  0.133946 ,  0.049229, -0.001979 
  0.131484 ,  0.047993, -0.005400 
  0.128954 ,  0.046596, -0.007381 
  0.126361 ,  0.045043, -0.007695 
  0.123706 ,  0.043340, -0.006345 
  0.120995 ,  0.041493, -0.003570 
  0.118230 ,  0.039507, 0.000183 
  0.115414 ,  0.037385, 0.004323 
  0.112552 ,  0.035132, 0.008190 
  0.109647 ,  0.032751, 0.011147 
  0.106702 ,  0.030243, 0.012664 
  0.103722 ,  0.027610, 0.012390 
  0.100710 ,  0.024853, 0.010201 
  0.097669 ,  0.021972, 0.006215 
  0.094603 ,  0.018964, 0.000779 
  0.091516 ,  0.015828, -0.005581 
  0.088412 ,  0.012561, -0.012224 
  0.085294 ,  0.009161, -0.018477 
  0.082166 ,  0.005623, -0.023716 
  0.079031 ,  0.001943, -0.027442 
  0.075894 ,  -0.001881, -0.029332 
  0.072757 ,  -0.005854, -0.029272 
  0.069625 ,  -0.009979, -0.027354 
  0.066500 ,  -0.014259, -0.023854 
  0.063387 ,  -0.018695, -0.019184 
  0.060288 ,  -0.023289, -0.013832 
  0.057207 ,  -0.028039, -0.008298 
  0.054148 ,  -0.032943, -0.003037 
  0.051113 ,  -0.037998, 0.001593 
  0.048107 ,  -0.043197, 0.005356 
  0.045131 ,  -0.048532, 0.008152 
  0.042189 ,  -0.053994, 0.010003 
  0.039285 ,  -0.059568, 0.011031 
  0.036420 ,  -0.065240, 0.011419 
  0.033599 ,  -0.070992, 0.011379 
  0.030823 ,  -0.076802, 0.011112 
  0.028096 ,  -0.082647, 0.010780 
  0.025420 ,  -0.088500, 0.010494 
  0.022797 ,  -0.094334, 0.010308 
  0.020230 ,  -0.100116, 0.010224 
  0.017722 ,  -0.105813, 0.010210 
  0.015274 ,  -0.111389, 0.010217 
  0.012889 ,  -0.116807, 0.010195 
  0.010568 ,  -0.122027, 0.010111 
  0.008315 ,  -0.127009, 0.009948 
  0.006130 ,  -0.131712, 0.009710 
  0.004015 ,  -0.136093, 0.009413 
  0.001972 ,  -0.140110, 0.009072 
  0.000002 ,  -0.143722, 0.008690 
  -0.001892 ,  -0.146886, 0.008251 
  -0.003711 ,  -0.149563, 0.007711 
  -0.005452 ,  -0.151714, 0.007006 
  -0.007115 ,  -0.153302, 0.006062 
  -0.008698 ,  -0.154294, 0.004809 
  -0.010201 ,  -0.154658, 0.003202 
  -0.011624 ,  -0.154365, 0.001235 
  -0.012965 ,  -0.153392, -0.001042 
  -0.014223 ,  -0.151720, -0.003522 
  -0.015399 ,  -0.149330, -0.006049 
  -0.016493 ,  -0.146214, -0.008430 
  -0.017503 ,  -0.142365, -0.010461 
  -0.018431 ,  -0.137781, -0.011960 
  -0.019275 ,  -0.132468, -0.012793 
  -0.020037 ,  -0.126435, -0.012898 
  -0.020716 ,  -0.119698, -0.012303 
  -0.021313 ,  -0.112277, -0.011128 
  -0.021829 ,  -0.104199, -0.009570 
  -0.022263 ,  -0.095496, -0.007882 
  -0.022617 ,  -0.086205, -0.006334 
  -0.022891 ,  -0.076366, -0.005177 
  -0.023086 ,  -0.066028, -0.004602 
  -0.023204 ,  -0.055240, -0.004708 
  -0.023245 ,  -0.044058, -0.005486 
  -0.023210 ,  -0.032540, -0.006811 
  -0.023101 ,  -0.020747, -0.008460 
  -0.022919 ,  -0.008743, -0.010140 
  -0.022666 ,  0.003406, -0.011526 
  -0.022342 ,  0.015632, -0.012314 
  -0.021951 ,  0.027866, -0.012258 
  -0.021492 ,  0.040040, -0.011213 
  -0.020969 ,  0.052084, -0.009156 
  -0.020382 ,  0.063931, -0.006190 
  -0.019734 ,  0.075515, -0.002535 
  -0.019027 ,  0.086769, 0.001506 
  -0.018262 ,  0.097633, 0.005584 
  -0.017443 ,  0.108046, 0.009355 
  -0.016570 ,  0.117952, 0.012524 
  -0.015646 ,  0.127300, 0.014886 
  -0.014674 ,  0.136041, 0.016347 
  -0.013656 ,  0.144133, 0.016932 
  -0.012593 ,  0.151536, 0.016772 
  -0.011489 ,  0.158218, 0.016078 
  -0.010346 ,  0.164150, 0.015102 
  -0.009166 ,  0.169311, 0.014088 
  -0.007951 ,  0.173683, 0.013236 
  -0.006705 ,  0.177256, 0.012664 
  -0.005430 ,  0.180024, 0.012391 
  -0.004128 ,  0.181988, 0.012338 
  -0.002802 ,  0.183152, 0.012341 
  -0.001455 ,  0.183527, 0.012181 
  -0.000089 ,  0.183130, 0.011633 
  0.001294 ,  0.181981, 0.010500 
  0.002690 ,  0.180103, 0.008662 
  0.004097 ,  0.177528, 0.006097 
  0.005513 ,  0.174286, 0.002901 
  0.006934 ,  0.170414, -0.000727 
  0.008359 ,  0.165950, -0.004501 
  0.009784 ,  0.160936, -0.008092 
  0.011207 ,  0.155415, -0.011178 
  0.012626 ,  0.149432, -0.013487 
  0.014037 ,  0.143031, -0.014845 
  0.015439 ,  0.136260, -0.015206 
  0.016829 ,  0.129164, -0.014658 
  0.018204 ,  0.121791, -0.013415 
  0.019563 ,  0.114186, -0.011787 
  0.020902 ,  0.106393, -0.010135 
  0.022219 ,  0.098457, -0.008810 
  0.023512 ,  0.090418, -0.008104 
  0.024779 ,  0.082318, -0.008195 
  0.026017 ,  0.074194, -0.009119 
  0.027224 ,  0.066081, -0.010756 
  0.028398 ,  0.058013, -0.012843 
  0.029538 ,  0.050021, -0.015007 
  0.030640 ,  0.042132, -0.016821 
  0.031703 ,  0.034372, -0.017866 
  0.032725 ,  0.026764, -0.017792 
  0.033704 ,  0.019328, -0.016379 
  0.034638 ,  0.012082, -0.013576 
  0.035526 ,  0.005040, -0.009512 
  0.036365 ,  -0.001784, -0.004490 
  0.037155 ,  -0.008380, 0.001053 
  0.037893 ,  -0.014739, 0.006602 
  0.038578 ,  -0.020855, 0.011634 
  0.039209 ,  -0.026721, 0.015693 
  0.039784 ,  -0.032336, 0.018457 
  0.040302 ,  -0.037695, 0.019782 
  0.040761 ,  -0.042799, 0.019724 
  0.041161 ,  -0.047645, 0.018536 
  0.041501 ,  -0.052235, 0.016623 
  0.041779 ,  -0.056570, 0.014486 
  0.041994 ,  -0.060649, 0.012640 
  0.042146 ,  -0.064475, 0.011531 
  0.042234 ,  -0.068048, 0.011461 
  0.042257 ,  -0.071371, 0.012530 
  0.042214 ,  -0.074444, 0.014608 
  0.042105 ,  -0.077268, 0.017339 
  0.041929 ,  -0.079844, 0.020189 
  0.041686 ,  -0.082173, 0.022506 
  0.041376 ,  -0.084254, 0.023626 
  0.040998 ,  -0.086089, 0.022966 
  0.040552 ,  -0.087678, 0.020125 
  0.040037 ,  -0.089020, 0.014963 
  0.039455 ,  -0.090115, 0.007644 
  0.038804 ,  -0.090965, -0.001360 
  0.038085 ,  -0.091569, -0.011303 
  0.037298 ,  -0.091928, -0.021247 
  0.036444 ,  -0.092044, -0.030169 
  0.035522 ,  -0.091919, -0.037089 
  0.034532 ,  -0.091556, -0.041199 
  0.033476 ,  -0.090959, -0.041974 
  0.032354 ,  -0.090131, -0.039254 
  0.031166 ,  -0.089080, -0.033280 
  0.029913 ,  -0.087811, -0.024675 
  0.028595 ,  -0.086333, -0.014387 
  0.027214 ,  -0.084656, -0.003573 
  0.025769 ,  -0.082790, 0.006536 
  0.024263 ,  -0.080748, 0.014787 
  0.022696 ,  -0.078542, 0.020250 
  0.021069 ,  -0.076188, 0.022337 
  0.019382 ,  -0.073701, 0.020877 
  0.017638 ,  -0.071099, 0.016140 
  0.015836 ,  -0.068399, 0.008802 
  0.013979 ,  -0.065621, -0.000137 
  0.012068 ,  -0.062783, -0.009488 
  0.010103 ,  -0.059906, -0.018020 
  0.008087 ,  -0.057011, -0.024620 
  0.006020 ,  -0.054116, -0.028434 
  0.003904 ,  -0.051244, -0.028972 
  0.001741 ,  -0.048414, -0.026166 
  -0.000468 ,  -0.045646, -0.020366 
  -0.002722 ,  -0.042957, -0.012287 
  -0.005018 ,  -0.040366, -0.002903 
  -0.007356 ,  -0.037888, 0.006692 
  -0.009733 ,  -0.035539, 0.015431 
  -0.012148 ,  -0.033330, 0.022417 
  -0.014599 ,  -0.031274, 0.027041 
  -0.017084 ,  -0.029380, 0.029044 
  -0.019602 ,  -0.027653, 0.028542 
  -0.022150 ,  -0.026098, 0.025983 
  -0.024728 ,  -0.024717, 0.022064 
  -0.027332 ,  -0.023510, 0.017611 
  -0.029961 ,  -0.022473, 0.013440 
  -0.032614 ,  -0.021601, 0.010233 
  -0.035287 ,  -0.020885, 0.008427 
  -0.037980 ,  -0.020315, 0.008151 
  -0.040690 ,  -0.019877, 0.009214 
  -0.043416 ,  -0.019558, 0.011143 
  -0.046154 ,  -0.019338, 0.013269 
  -0.048904 ,  -0.019200, 0.014844 
  -0.051664 ,  -0.019124, 0.015176 
  -0.054430 ,  -0.019086, 0.013749 
  -0.057202 ,  -0.019065, 0.010326 
  -0.059976 ,  -0.019036, 0.004999 
  -0.062752 ,  -0.018976, -0.001808 
  -0.065527 ,  -0.018860, -0.009392 
  -0.068298 ,  -0.018664, -0.016872 
  -0.071065 ,  -0.018365, -0.023318 
  -0.073825 ,  -0.017940, -0.027898 
  -0.076575 ,  -0.017368, -0.030014 
  -0.079314 ,  -0.016629, -0.029399 
  -0.082039 ,  -0.015703, -0.026173 
  -0.084750 ,  -0.014577, -0.020841 
  -0.087443 ,  -0.013234, -0.014227 
  -0.090116 ,  -0.011664, -0.007356 
  -0.092768 ,  -0.009858, -0.001310 
  -0.095397 ,  -0.007810, 0.002941 
  -0.098000 ,  -0.005518, 0.004688 
  -0.100576 ,  -0.002980, 0.003599 
  -0.103123 ,  -0.000202, -0.000212 
  -0.105639 ,  0.002813, -0.006194 
  -0.108121 ,  0.006053, -0.013415 
  -0.110568 ,  0.009506, -0.020696 
  -0.112978 ,  0.013158, -0.026770 
  -0.115350 ,  0.016991, -0.030465 
  -0.117681 ,  0.020984, -0.030879 
  -0.119969 ,  0.025114, -0.027521 
  -0.122213 ,  0.029357, -0.020389 
  -0.124412 ,  0.033686, -0.009995 
  -0.126562 ,  0.038073, 0.002698 
  -0.128663 ,  0.042488, 0.016387 
  -0.130713 ,  0.046902, 0.029603 
  -0.132710 ,  0.051284, 0.040894 
  -0.134653 ,  0.055603, 0.049020 
  -0.136540 ,  0.059828, 0.053111 
  -0.138369 ,  0.063930, 0.052776 
  -0.140139 ,  0.067878, 0.048147 
  -0.141849 ,  0.071646, 0.039852 
  -0.143497 ,  0.075207, 0.028927 
  -0.145081 ,  0.078536, 0.016664 
  -0.146601 ,  0.081610, 0.004444 
  -0.148055 ,  0.084409, -0.006446 
  -0.149441 ,  0.086915, -0.014969 
  -0.150759 ,  0.089112, -0.020463 
  -0.152007 ,  0.090989, -0.022694 
  -0.153184 ,  0.092536, -0.021859 
  -0.154289 ,  0.093746, -0.018528 
  -0.155321 ,  0.094615, -0.013529 
  -0.156279 ,  0.095143, -0.007818 
  -0.157161 ,  0.095332, -0.002329 
  -0.157967 ,  0.095187, 0.002154 
  -0.158697 ,  0.094715, 0.005095 
  -0.159348 ,  0.093927, 0.006261 
  -0.159921 ,  0.092835, 0.005719 
  -0.160414 ,  0.091454, 0.003793 
  -0.160827 ,  0.089801, 0.000979 
  -0.161159 ,  0.087893, -0.002155 
  -0.161410 ,  0.085750, -0.005078 
  -0.161579 ,  0.083393, -0.007384 
  -0.161665 ,  0.080842, -0.008852 
  -0.161669 ,  0.078120, -0.009472 
  -0.161589 ,  0.075249, -0.009422 
  -0.161426 ,  0.072250, -0.009016 
  -0.161179 ,  0.069145, -0.008624 
  -0.160848 ,  0.065954, -0.008589 
  -0.160432 ,  0.062698, -0.009144 
  -0.159932 ,  0.059395, -0.010359 
  -0.159347 ,  0.056063, -0.012109 
  -0.158678 ,  0.052717, -0.014093 
  -0.157925 ,  0.049371, -0.015878 
  -0.157087 ,  0.046037, -0.016972 
  -0.156165 ,  0.042727, -0.016918 
  -0.155159 ,  0.039448, -0.015375 
  -0.154069 ,  0.036206, -0.012192 
  -0.152896 ,  0.033007, -0.007452 
  -0.151640 ,  0.029852, -0.001472 
  -0.150301 ,  0.026742, 0.005226 
  -0.148880 ,  0.023676, 0.011984 
  -0.147378 ,  0.020651, 0.018102 
  -0.145795 ,  0.017662, 0.022933 
  -0.144132 ,  0.014704, 0.025979 
  -0.142389 ,  0.011769, 0.026960 
  -0.140568 ,  0.008850, 0.025859 
  -0.138669 ,  0.005937, 0.022915 
  -0.136693 ,  0.003023, 0.018587 
  -0.134641 ,  0.000097, 0.013489 
  -0.132514 ,  -0.002849, 0.008291 
  -0.130313 ,  -0.005826, 0.003626 
  -0.128040 ,  -0.008842, 0.000003 
  -0.125695 ,  -0.011904, -0.002262 
  -0.123280 ,  -0.015021, -0.003077 
  -0.120796 ,  -0.018199, -0.002575 
  -0.118244 ,  -0.021442, -0.001077 
  -0.115626 ,  -0.024754, 0.000971 
  -0.112943 ,  -0.028138, 0.003076 
  -0.110196 ,  -0.031593, 0.004779 
  -0.107388 ,  -0.035118, 0.005720 
  -0.104520 ,  -0.038712, 0.005694 
  -0.101593 ,  -0.042368, 0.004661 
  -0.098610 ,  -0.046080, 0.002742 
  -0.095571 ,  -0.049841, 0.000181 
  -0.092479 ,  -0.053639, -0.002708 
  -0.089336 ,  -0.057465, -0.005605 
  -0.086143 ,  -0.061304, -0.008235 
  -0.082902 ,  -0.065143, -0.010410 
  -0.079616 ,  -0.068966, -0.012053 
  -0.076286 ,  -0.072756, -0.013185 
  -0.072914 ,  -0.076497, -0.013906 
  -0.069503 ,  -0.080168, -0.014344 
  -0.066054 ,  -0.083754, -0.014616 
  -0.062569 ,  -0.087233, -0.014778 
  -0.059052 ,  -0.090587, -0.014799 
  -0.055503 ,  -0.093798, -0.014557 
  -0.051926 ,  -0.096847, -0.013854 
  -0.048322 ,  -0.099716, -0.012457 
  -0.044694 ,  -0.102387, -0.010155 
  -0.041044 ,  -0.104844, -0.006818 
  -0.037375 ,  -0.107072, -0.002450 
  -0.033688 ,  -0.109057, 0.002777 
  -0.029986 ,  -0.110785, 0.008512 
  -0.026272 ,  -0.112244, 0.014253 
  -0.022548 ,  -0.113426, 0.019401 
  -0.018816 ,  -0.114321, 0.023336 
  -0.015079 ,  -0.114923, 0.025510 
  -0.011339 ,  -0.115225, 0.025530 
  -0.007599 ,  -0.115225, 0.023237 
  -0.003860 ,  -0.114919, 0.018739 
  -0.000127 ,  -0.114307, 0.012421 
  0.003600 ,  -0.113390, 0.004905 
  0.007317 ,  -0.112169, -0.003024 
  0.011023 ,  -0.110649, -0.010517 
  0.014714 ,  -0.108832, -0.016773 
  0.018389 ,  -0.106725, -0.021149 
  0.022044 ,  -0.104334, -0.023244 
  0.025678 ,  -0.101666, -0.022947 
  0.029288 ,  -0.098729, -0.020449 
  0.032872 ,  -0.095532, -0.016201 
  0.036427 ,  -0.092082, -0.010845 
  0.039951 ,  -0.088389, -0.005102 
  0.043441 ,  -0.084462, 0.000330 
  0.046897 ,  -0.080311, 0.004885 
  0.050314 ,  -0.075943, 0.008208 
  0.053691 ,  -0.071370, 0.010193 
  0.057026 ,  -0.066599, 0.010981 
  0.060317 ,  -0.061639, 0.010914 
  0.063561 ,  -0.056499, 0.010457 
  0.066757 ,  -0.051187, 0.010093 
  0.069901 ,  -0.045711, 0.010222 
  0.072994 ,  -0.040079, 0.011077 
  0.076031 ,  -0.034299, 0.012667 
  0.079012 ,  -0.028378, 0.014764 
  0.081935 ,  -0.022324, 0.016938 
  0.084797 ,  -0.016145, 0.018632 
  0.087597 ,  -0.009848, 0.019261 
  0.090334 ,  -0.003441, 0.018330 
  0.093005 ,  0.003066, 0.015533 
  0.095609 ,  0.009665, 0.010835 
  0.098145 ,  0.016347, 0.004500 
  0.100611 ,  0.023101, -0.002923 
  0.103006 ,  0.029916, -0.010668 
  0.105327 ,  0.036780, -0.017861 
  0.107575 ,  0.043679, -0.023653 
  0.109748 ,  0.050600, -0.027355 
  0.111844 ,  0.057528, -0.028558 
  0.113862 ,  0.064444, -0.027205 
  0.115802 ,  0.071333, -0.023614 
  0.117663 ,  0.078173, -0.018443 
  0.119443 ,  0.084946, -0.012590 
  0.121142 ,  0.091628, -0.007059 
  0.122759 ,  0.098198, -0.002797 
  0.124293 ,  0.104631, -0.000538 
  0.125745 ,  0.110902, -0.000671 
  0.127113 ,  0.116986, -0.003164 
  0.128396 ,  0.122855, -0.007548 
  0.129596 ,  0.128483, -0.012975 
  0.130710 ,  0.133841, -0.018338 
  0.131740 ,  0.138903, -0.022437 
  0.132684 ,  0.143641, -0.024166 
  0.133544 ,  0.148026, -0.022698 
  0.134318 ,  0.152033, -0.017631 
  0.135008 ,  0.155635, -0.009078 
  0.135613 ,  0.158807, 0.002325 
  0.136133 ,  0.161525, 0.015477 
  0.136569 ,  0.163768, 0.028954 
  0.136921 ,  0.165514, 0.041195 
  0.137190 ,  0.166746, 0.050718 
  0.137376 ,  0.167447, 0.056325 
  0.137480 ,  0.167604, 0.057277 
  0.137503 ,  0.167205, 0.053398 
  0.137445 ,  0.166242, 0.045109 
  0.137308 ,  0.164710, 0.033369 
  0.137091 ,  0.162606, 0.019546 
  0.136797 ,  0.159931, 0.005229 
  0.136426 ,  0.156690, -0.007988 
  0.135979 ,  0.152889, -0.018727 
  0.135458 ,  0.148540, -0.026000 
  0.134864 ,  0.143655, -0.029339 
  0.134198 ,  0.138251, -0.028832 
  0.133461 ,  0.132348, -0.025092 
  0.132656 ,  0.125969, -0.019143 
  0.131783 ,  0.119139, -0.012250 
  0.130844 ,  0.111885, -0.005720 
  0.129840 ,  0.104239, -0.000706 
  0.128774 ,  0.096231, 0.001968 
  0.127647 ,  0.087896, 0.001915 
  0.126460 ,  0.079269, -0.000773 
  0.125216 ,  0.070388, -0.005550 
  0.123917 ,  0.061290, -0.011524 
  0.122564 ,  0.052014, -0.017606 
  0.121159 ,  0.042598, -0.022691 
  0.119705 ,  0.033082, -0.025830 
  0.118202 ,  0.023505, -0.026381 
  0.116654 ,  0.013904, -0.024103 
  0.115063 ,  0.004318, -0.019187 
  0.113430 ,  -0.005217, -0.012221 
  0.111757 ,  -0.014666, -0.004092 
  0.110047 ,  -0.023994, 0.004156 
  0.108302 ,  -0.033169, 0.011485 
  0.106525 ,  -0.042160, 0.017014 
  0.104716 ,  -0.050940, 0.020154 
  0.102879 ,  -0.059480, 0.020682 
  0.101016 ,  -0.067756, 0.018762 
  0.099128 ,  -0.075747, 0.014906 
  0.097219 ,  -0.083432, 0.009883 
  0.095291 ,  -0.090792, 0.004588 
  0.093345 ,  -0.097813, -0.000097 
  0.091384 ,  -0.104480, -0.003444 
  0.089410 ,  -0.110782, -0.004980 
  0.087426 ,  -0.116708, -0.004550 
  0.085433 ,  -0.122252, -0.002328 
  0.083434 ,  -0.127407, 0.001226 
  0.081431 ,  -0.132167, 0.005452 
  0.079426 ,  -0.136530, 0.009603 
  0.077422 ,  -0.140494, 0.012966 
  0.075420 ,  -0.144058, 0.014975 
  0.073422 ,  -0.147221, 0.015294 
  0.071431 ,  -0.149984, 0.013859 
  0.069449 ,  -0.152348, 0.010876 
  0.067478 ,  -0.154315, 0.006779 
  0.065519 ,  -0.155887, 0.002152 
  0.063575 ,  -0.157065, -0.002373 
  0.061647 ,  -0.157852, -0.006210 
  0.059738 ,  -0.158249, -0.008911 
  0.057849 ,  -0.158259, -0.010223 
  0.055982 ,  -0.157884, -0.010118 
  0.054139 ,  -0.157124, -0.008776 
  0.052321 ,  -0.155982, -0.006545 
  0.050530 ,  -0.154459, -0.003872 
  0.048768 ,  -0.152557, -0.001224 
  0.047036 ,  -0.150276, 0.000991 
  0.045335 ,  -0.147618, 0.002476 
  0.043668 ,  -0.144585, 0.003093 
  0.042035 ,  -0.141179, 0.002858 
  0.040437 ,  -0.137401, 0.001929 
  0.038877 ,  -0.133256, 0.000558 
  0.037355 ,  -0.128747, -0.000967 
  0.035872 ,  -0.123879, -0.002377 
  0.034429 ,  -0.118657, -0.003474 
  0.033028 ,  -0.113089, -0.004163 
  0.031669 ,  -0.107183, -0.004463 
  0.030353 ,  -0.100950, -0.004487 
  0.029081 ,  -0.094402, -0.004414 
  0.027853 ,  -0.087553, -0.004438 
  0.026671 ,  -0.080417, -0.004723 
  0.025535 ,  -0.073014, -0.005355 
  0.024445 ,  -0.065364, -0.006320 
  0.023401 ,  -0.057487, -0.007497 
  0.022406 ,  -0.049410, -0.008670 
  0.021457 ,  -0.041157, -0.009567 
  0.020557 ,  -0.032759, -0.009909 
  0.019704 ,  -0.024244, -0.009460 
  0.018900 ,  -0.015647, -0.008074 
  0.018143 ,  -0.007000, -0.005730 
  0.017435 ,  0.001660, -0.002548 
  0.016775 ,  0.010296, 0.001230 
  0.016163 ,  0.018871, 0.005261 
  0.015598 ,  0.027346, 0.009157 
  0.015081 ,  0.035681, 0.012533 
  0.014611 ,  0.043836, 0.015072 
  0.014188 ,  0.051772, 0.016558 
  0.013810 ,  0.059450, 0.016913 
  0.013479 ,  0.066832, 0.016196 
  0.013192 ,  0.073881, 0.014590 
  0.012950 ,  0.080561, 0.012363 
  0.012752 ,  0.086839, 0.009824 
  0.012596 ,  0.092683, 0.007271 
  0.012483 ,  0.098065, 0.004943 
  0.012411 ,  0.102958, 0.002992 
  0.012379 ,  0.107340, 0.001466 
  0.012387 ,  0.111191, 0.000315 
  0.012433 ,  0.114495, -0.000584 
  0.012516 ,  0.117241, -0.001391 
  0.012635 ,  0.119421, -0.002262 
  0.012789 ,  0.121031, -0.003306 
  0.012977 ,  0.122071, -0.004562 
  0.013198 ,  0.122545, -0.005982 
  0.013450 ,  0.122464, -0.007439 
  0.013732 ,  0.121840, -0.008752 
  0.014042 ,  0.120690, -0.009719 
  0.014380 ,  0.119035, -0.010159 
  0.014743 ,  0.116901, -0.009956 
  0.015131 ,  0.114314, -0.009083 
  0.015542 ,  0.111308, -0.007615 
  0.015974 ,  0.107917, -0.005727 
  0.016426 ,  0.104178, -0.003665 
  0.016897 ,  0.100129, -0.001704 
  0.017384 ,  0.095813, -0.000107 
  0.017886 ,  0.091272, 0.000930 
  0.018402 ,  0.086550, 0.001309 
  0.018931 ,  0.081690, 0.001053 
  0.019469 ,  0.076737, 0.000305 
  0.020017 ,  0.071734, -0.000697 
  0.020572 ,  0.066725, -0.001655 
  0.021132 ,  0.061750, -0.002271 
  0.021696 ,  0.056851, -0.002297 
  0.022263 ,  0.052064, -0.001587 
  0.022831 ,  0.047425, -0.000124 
  0.023397 ,  0.042966, 0.001965 
  0.023961 ,  0.038717, 0.004429 
  0.024522 ,  0.034704, 0.006925 
  0.025076 ,  0.030948, 0.009077 
  0.025623 ,  0.027468, 0.010536 
  0.026162 ,  0.024278, 0.011039 
  0.026690 ,  0.021388, 0.010455 
  0.027206 ,  0.018805, 0.008810 
  0.027709 ,  0.016529, 0.006288 
  0.028197 ,  0.014560, 0.003197 
  0.028668 ,  0.012890, -0.000075 
  0.029122 ,  0.011509, -0.003126 
  0.029557 ,  0.010404, -0.005603 
  0.029971 ,  0.009557, -0.007262 
  0.030363 ,  0.008948, -0.008007 
  0.030732 ,  0.008553, -0.007896 
  0.031076 ,  0.008347, -0.007131 
  0.031395 ,  0.008302, -0.006014 
  0.031686 ,  0.008388, -0.004885 
  0.031949 ,  0.008575, -0.004051 
  0.032183 ,  0.008829, -0.003727 
  0.032386 ,  0.009120, -0.003984 
  0.032558 ,  0.009415, -0.004730 
  0.032697 ,  0.009682, -0.005716 
  0.032802 ,  0.009890, -0.006579 
  0.032873 ,  0.010009, -0.006906 
  0.032908 ,  0.010011, -0.006312 
  0.032907 ,  0.009871, -0.004524 
  0.032868 ,  0.009564, -0.001442 
  0.032792 ,  0.009070, 0.002815 
  0.032677 ,  0.008370, 0.007906 
  0.032522 ,  0.007450, 0.013301 
  0.032327 ,  0.006298, 0.018344 
  0.032092 ,  0.004907, 0.022352 
  0.031815 ,  0.003272, 0.024712 
  0.031496 ,  0.001393, 0.024984 
  0.031136 ,  -0.000728, 0.022975 
  0.030732 ,  -0.003083, 0.018786 
  0.030286 ,  -0.005663, 0.012806 
  0.029796 ,  -0.008453, 0.005668 
  0.029263 ,  -0.011437, -0.001835 
  0.028685 ,  -0.014594, -0.008862 
  0.028064 ,  -0.017902, -0.014648 
  0.027399 ,  -0.021335, -0.018612 
  0.026689 ,  -0.024867, -0.020445 
  0.025935 ,  -0.028467, -0.020156 
  0.025137 ,  -0.032105, -0.018060 
  0.024294 ,  -0.035750, -0.014728 
  0.023407 ,  -0.039368, -0.010892 
  0.022477 ,  -0.042928, -0.007318 
  0.021502 ,  -0.046396, -0.004678 
  0.020484 ,  -0.049741, -0.003439 
  0.019423 ,  -0.052931, -0.003775 
  0.018319 ,  -0.055936, -0.005535 
  0.017172 ,  -0.058730, -0.008263 
  0.015982 ,  -0.061285, -0.011272 
  0.014751 ,  -0.063578, -0.013755 
  0.013479 ,  -0.065589, -0.014927 
  0.012166 ,  -0.067298, -0.014167 
  0.010812 ,  -0.068691, -0.011135 
  0.009419 ,  -0.069756, -0.005857 
  0.007987 ,  -0.070486, 0.001258 
  0.006517 ,  -0.070875, 0.009448 
  0.005009 ,  -0.070922, 0.017705 
  0.003464 ,  -0.070629, 0.024910 
  0.001883 ,  -0.070003, 0.030002 
  0.000267 ,  -0.069053, 0.032146 
  -0.001384 ,  -0.067793, 0.030873 
  -0.003069 ,  -0.066237, 0.026172 
  -0.004786 ,  -0.064405, 0.018518 
  -0.006535 ,  -0.062319, 0.008822 
  -0.008315 ,  -0.060003, -0.001674 
  -0.010125 ,  -0.057484, -0.011565 
  -0.011964 ,  -0.054790, -0.019478 
  -0.013831 ,  -0.051951, -0.024271 
  -0.015724 ,  -0.048999, -0.025199 
  -0.017643 ,  -0.045964, -0.022039 
  -0.019587 ,  -0.042881, -0.015130 
  -0.021555 ,  -0.039780, -0.005351 
  -0.023544 ,  -0.036696, 0.005993 
  -0.025555 ,  -0.033658, 0.017339 
  -0.027586 ,  -0.030698, 0.027075 
  -0.029636 ,  -0.027844, 0.033760 
  -0.031704 ,  -0.025124, 0.036324 
  -0.033788 ,  -0.022563, 0.034221 
  -0.035888 ,  -0.020185, 0.027510 
  -0.038001 ,  -0.018008, 0.016854 
  -0.040127 ,  -0.016052, 0.003444 
  -0.042265 ,  -0.014330, -0.011160 
  -0.044412 ,  -0.012853, -0.025224 
  -0.046569 ,  -0.011631, -0.037071 
  -0.048733 ,  -0.010666, -0.045293 
  -0.050904 ,  -0.009961, -0.048933 
  -0.053079 ,  -0.009512, -0.047602 
  -0.055258 ,  -0.009315, -0.041520 
  -0.057440 ,  -0.009360, -0.031484 
  -0.059623 ,  -0.009635, -0.018748 
  -0.061805 ,  -0.010125, -0.004861 
  -0.063985 ,  -0.010810, 0.008541 
  -0.066163 ,  -0.011670, 0.019942 
  -0.068336 ,  -0.012682, 0.028133 
  -0.070504 ,  -0.013819, 0.032353 
  -0.072664 ,  -0.015054, 0.032367 
  -0.074817 ,  -0.016357, 0.028473 
  -0.076959 ,  -0.017697, 0.021440 
  -0.079091 ,  -0.019044, 0.012383 
  -0.081210 ,  -0.020364, 0.002608 
  -0.083316 ,  -0.021625, -0.006571 
  -0.085407 ,  -0.022794, -0.013998 
  -0.087481 ,  -0.023839, -0.018817 
  -0.089538 ,  -0.024729, -0.020568 
  -0.091576 ,  -0.025433, -0.019217 
  -0.093593 ,  -0.025923, -0.015139 
  -0.095589 ,  -0.026170, -0.009037 
  -0.097562 ,  -0.026151, -0.001834 
  -0.099512 ,  -0.025841, 0.005471 
  -0.101435 ,  -0.025222, 0.011940 
  -0.103333 ,  -0.024274, 0.016816 
  -0.105202 ,  -0.022983, 0.019614 
  -0.107042 ,  -0.021338, 0.020170 
  -0.108852 ,  -0.019331, 0.018637 
  -0.110630 ,  -0.016956, 0.015443 
  -0.112376 ,  -0.014212, 0.011209 
  -0.114087 ,  -0.011101, 0.006648 
  -0.115763 ,  -0.007628, 0.002457 
  -0.117403 ,  -0.003802, -0.000789 
  -0.119006 ,  0.000364, -0.002708 
  -0.120570 ,  0.004855, -0.003160 
  -0.122094 ,  0.009651, -0.002259 
  -0.123577 ,  0.014732, -0.000337 
  -0.125018 ,  0.020071, 0.002107 
  -0.126416 ,  0.025642, 0.004493 
  -0.127769 ,  0.031413, 0.006251 
  -0.129078 ,  0.037353, 0.006900 
  -0.130340 ,  0.043428, 0.006130 
  -0.131556 ,  0.049600, 0.003835 
  -0.132722 ,  0.055831, 0.000140 
  -0.133840 ,  0.062084, -0.004625 
  -0.134907 ,  0.068317, -0.009963 
  -0.135923 ,  0.074491, -0.015284 
  -0.136887 ,  0.080564, -0.019979 
  -0.137799 ,  0.086495, -0.023501 
  -0.138656 ,  0.092243, -0.025434 
  -0.139458 ,  0.097770, -0.025547 
  -0.140205 ,  0.103035, -0.023818 
  -0.140896 ,  0.108000, -0.020428 
  -0.141529 ,  0.112629, -0.015737 
  -0.142105 ,  0.116887, -0.010231 
  -0.142622 ,  0.120742, -0.004452 
  -0.143079 ,  0.124162, 0.001064 
  -0.143476 ,  0.127120, 0.005861 
  -0.143813 ,  0.129589, 0.009613 
  -0.144088 ,  0.131548, 0.012152 
  -0.144301 ,  0.132975, 0.013480 
  -0.144452 ,  0.133855, 0.013754 
  -0.144540 ,  0.134173, 0.013244 
  -0.144564 ,  0.133920, 0.012285 
  -0.144523 ,  0.133089, 0.011218 
  -0.144418 ,  0.131676, 0.010336 
  -0.144249 ,  0.129680, 0.009834 
  -0.144013 ,  0.127107, 0.009787 
  -0.143712 ,  0.123962, 0.010142 
  -0.143345 ,  0.120255, 0.010729 
  -0.142912 ,  0.116001, 0.011304 
  -0.142411 ,  0.111215, 0.011586 
  -0.141844 ,  0.105918, 0.011317 
  -0.141210 ,  0.100133, 0.010309 
  -0.140508 ,  0.093885, 0.008482 
  -0.139739 ,  0.087202, 0.005882 
  -0.138903 ,  0.080116, 0.002684 
  -0.137999 ,  0.072660, -0.000834 
  -0.137027 ,  0.064869, -0.004326 
  -0.135988 ,  0.056779, -0.007439 
  -0.134882 ,  0.048430, -0.009859 
  -0.133708 ,  0.039862, -0.011366 
  -0.132468 ,  0.031115, -0.011866 
  -0.131160 ,  0.022233, -0.011410 
  -0.129785 ,  0.013258, -0.010186 
  -0.128345 ,  0.004233, -0.008484 
  -0.126838 ,  -0.004799, -0.006653 
  -0.125265 ,  -0.013795, -0.005041 
  -0.123627 ,  -0.022713, -0.003935 
  -0.121924 ,  -0.031509, -0.003511 
  -0.120156 ,  -0.040145, -0.003801 
  -0.118325 ,  -0.048579, -0.004685 
  -0.116431 ,  -0.056774, -0.005908 
  -0.114473 ,  -0.064693, -0.007123 
  -0.112454 ,  -0.072301, -0.007950 
  -0.110374 ,  -0.079567, -0.008042 
  -0.108233 ,  -0.086459, -0.007155 
  -0.106033 ,  -0.092950, -0.005196 
  -0.103774 ,  -0.099014, -0.002256 
  -0.101457 ,  -0.104630, 0.001397 
  -0.099083 ,  -0.109777, 0.005345 
  -0.096653 ,  -0.114439, 0.009079 
  -0.094168 ,  -0.118603, 0.012075 
  -0.091629 ,  -0.122258, 0.013881 
  -0.089038 ,  -0.125397, 0.014190 
  -0.086395 ,  -0.128016, 0.012902 
  -0.083702 ,  -0.130113, 0.010146 
  -0.080960 ,  -0.131692, 0.006279 
  -0.078170 ,  -0.132756, 0.001833 
  -0.075334 ,  -0.133315, -0.002554 
  -0.072453 ,  -0.133379, -0.006234 
  -0.069528 ,  -0.132963, -0.008654 
  -0.066561 ,  -0.132082, -0.009442 
  -0.063554 ,  -0.130756, -0.008472 
  -0.060508 ,  -0.129006, -0.005897 
  -0.057424 ,  -0.126856, -0.002128 
  -0.054305 ,  -0.124330, 0.002217 
  -0.051152 ,  -0.121456, 0.006407 
  -0.047967 ,  -0.118261, 0.009714 
  -0.044751 ,  -0.114777, 0.011526 
  -0.041506 ,  -0.111033, 0.011451 
  -0.038234 ,  -0.107060, 0.009392 
  -0.034937 ,  -0.102891, 0.005572 
  -0.031617 ,  -0.098557, 0.000514 
  -0.028276 ,  -0.094090, -0.005028 
  -0.024915 ,  -0.089522, -0.010180 
  -0.021537 ,  -0.084883, -0.014081 
  -0.018144 ,  -0.080203, -0.016015 
  -0.014737 ,  -0.075512, -0.015535 
  -0.011319 ,  -0.070837, -0.012539 
  -0.007892 ,  -0.066205, -0.007306 
  -0.004458 ,  -0.061638, -0.000467 
  -0.001018 ,  -0.057161, 0.007074 
  0.002424 ,  -0.052794, 0.014262 
  0.005867 ,  -0.048554, 0.020046 
  0.009309 ,  -0.044457, 0.023530 
  0.012747 ,  -0.040517, 0.024109 
  0.016179 ,  -0.036744, 0.021565 
  0.019604 ,  -0.033146, 0.016103 
  0.023018 ,  -0.029730, 0.008336 
  0.026420 ,  -0.026497, -0.000804 
  0.029808 ,  -0.023448, -0.010187 
  0.033178 ,  -0.020581, -0.018649 
  0.036530 ,  -0.017890, -0.025153 
  0.039861 ,  -0.015369, -0.028928 
  0.043169 ,  -0.013007, -0.029584 
  0.046452 ,  -0.010792, -0.027147 
  0.049706 ,  -0.008712, -0.022053 
  0.052931 ,  -0.006749, -0.015074 
  0.056125 ,  -0.004886, -0.007191 
  0.059284 ,  -0.003105, 0.000552 
  0.062407 ,  -0.001385, 0.007201 
  0.065492 ,  0.000295, 0.012034 
  0.068537 ,  0.001957, 0.014648 
  0.071540 ,  0.003623, 0.015011 
  0.074499 ,  0.005315, 0.013438 
  0.077411 ,  0.007056, 0.010522 
  0.080275 ,  0.008869, 0.007020 
  0.083090 ,  0.010775, 0.003718 
  0.085852 ,  0.012794, 0.001292 
  0.088561 ,  0.014945, 0.000197 
  0.091215 ,  0.017248, 0.000595 
  0.093811 ,  0.019718, 0.002336 
  0.096348 ,  0.022370, 0.004991 
  0.098825 ,  0.025217, 0.007940 
  0.101239 ,  0.028268, 0.010486 
  0.103590 ,  0.031532, 0.011987 
  0.105876 ,  0.035013, 0.011978 
  0.108095 ,  0.038714, 0.010257 
  0.110246 ,  0.042635, 0.006933 
  0.112328 ,  0.046772, 0.002411 
  0.114339 ,  0.051118, -0.002671 
  0.116278 ,  0.055664, -0.007547 
  0.118145 ,  0.060398, -0.011455 
  0.119937 ,  0.065303, -0.013772 
  0.121654 ,  0.070363, -0.014127 
  0.123296 ,  0.075554, -0.012472 
  0.124860 ,  0.080854, -0.009100 
  0.126346 ,  0.086234, -0.004609 
  0.127754 ,  0.091667, 0.000196 
  0.129083 ,  0.097120, 0.004432 
  0.130333 ,  0.102561, 0.007290 
  0.131502 ,  0.107953, 0.008173 
  0.132590 ,  0.113260, 0.006810 
  0.133597 ,  0.118443, 0.003315 
  0.134523 ,  0.123463, -0.001816 
  0.135367 ,  0.128280, -0.007770 
  0.136129 ,  0.132855, -0.013540 
  0.136810 ,  0.137146, -0.018078 
  0.137408 ,  0.141113, -0.020472 
  0.137925 ,  0.144716, -0.020093 
  0.138360 ,  0.147918, -0.016714 
  0.138714 ,  0.150681, -0.010564 
  0.138987 ,  0.152969, -0.002310 
  0.139179 ,  0.154748, 0.007026 
  0.139290 ,  0.155987, 0.016211 
  0.139323 ,  0.156657, 0.023981 
  0.139275 ,  0.156731, 0.029228 
  0.139150 ,  0.156188, 0.031172 
  0.138947 ,  0.155005, 0.029484 
  0.138667 ,  0.153169, 0.024338 
  0.138311 ,  0.150666, 0.016400 
  0.137881 ,  0.147488, 0.006732 
  0.137376 ,  0.143630, -0.003359 
  0.136799 ,  0.139092, -0.012514 
  0.136150 ,  0.133879, -0.019516 
  0.135431 ,  0.127998, -0.023470 
  0.134643 ,  0.121463, -0.023931 
  0.133787 ,  0.114291, -0.020968 
  0.132865 ,  0.106502, -0.015148 
  0.131879 ,  0.098124, -0.007444 
  0.130829 ,  0.089184, 0.000912 
  0.129718 ,  0.079718, 0.008615 
  0.128547 ,  0.069762, 0.014487 
  0.127318 ,  0.059357, 0.017646 
  0.126033 ,  0.048549, 0.017636 
  0.124693 ,  0.037383, 0.014490 
  0.123301 ,  0.025911, 0.008712 
  0.121859 ,  0.014185, 0.001196 
  0.120367 ,  0.002260, -0.006914 
  0.118829 ,  -0.009808, -0.014405 
  0.117246 ,  -0.021960, -0.020171 
  0.115621 ,  -0.034138, -0.023380 
  0.113955 ,  -0.046281, -0.023591 
  0.112250 ,  -0.058330, -0.020805 
  0.110510 ,  -0.070224, -0.015456 
  0.108736 ,  -0.081904, -0.008331 
  0.106929 ,  -0.093312, -0.000441 
  0.105094 ,  -0.104390, 0.007137 
  0.103231 ,  -0.115083, 0.013426 
  0.101342 ,  -0.125337, 0.017684 
  0.099431 ,  -0.135102, 0.019511 
  0.097500 ,  -0.144328, 0.018887 
  0.095550 ,  -0.152970, 0.016157 
  0.093584 ,  -0.160987, 0.011956 
  0.091604 ,  -0.168341, 0.007094 
  0.089613 ,  -0.174995, 0.002418 
  0.087613 ,  -0.180921, -0.001325 
  0.085606 ,  -0.186092, -0.003605 
  0.083594 ,  -0.190486, -0.004180 
  0.081579 ,  -0.194086, -0.003122 
  0.079565 ,  -0.196879, -0.000792 
  0.077552 ,  -0.198858, 0.002240 
  0.075543 ,  -0.200017, 0.005298 
  0.073540 ,  -0.200360, 0.007718 
  0.071545 ,  -0.199892, 0.008964 
  0.069561 ,  -0.198623, 0.008715 
  0.067589 ,  -0.196568, 0.006912 
  0.065631 ,  -0.193746, 0.003764 
  0.063690 ,  -0.190179, -0.000298 
  0.061767 ,  -0.185896, -0.004691 
  0.059864 ,  -0.180925, -0.008789 
  0.057982 ,  -0.175302, -0.012022 
  0.056125 ,  -0.169062, -0.013971 
  0.054292 ,  -0.162246, -0.014431 
  0.052487 ,  -0.154896, -0.013438 
  0.050710 ,  -0.147056, -0.011258 
  0.048964 ,  -0.138771, -0.008328 
  0.047249 ,  -0.130091, -0.005183 
  0.045567 ,  -0.121062, -0.002359 
  0.043919 ,  -0.111736, -0.000301 
  0.042307 ,  -0.102160, 0.000708 
  0.040732 ,  -0.092387, 0.000591 
  0.039195 ,  -0.082464, -0.000512 
  0.037698 ,  -0.072441, -0.002275 
  0.036240 ,  -0.062367, -0.004246 
  0.034824 ,  -0.052288, -0.005928 
  0.033449 ,  -0.042250, -0.006861 
  0.032118 ,  -0.032296, -0.006706 
  0.030830 ,  -0.022469, -0.005298 
  0.029586 ,  -0.012808, -0.002675 
  0.028386 ,  -0.003351, 0.000925 
  0.027232 ,  0.005869, 0.005110 
  0.026124 ,  0.014818, 0.009388 
  0.025062 ,  0.023467, 0.013246 
  0.024046 ,  0.031791, 0.016233 
  0.023076 ,  0.039765, 0.018014 
  0.022153 ,  0.047369, 0.018427 
  0.021276 ,  0.054585, 0.017489 
  0.020446 ,  0.061399, 0.015386 
  0.019663 ,  0.067799, 0.012435 
  0.018925 ,  0.073775, 0.009028 
  0.018234 ,  0.079322, 0.005562 
  0.017588 ,  0.084436, 0.002388 
  0.016987 ,  0.089116, -0.000248 
  0.016431 ,  0.093363, -0.002221 
  0.015919 ,  0.097180, -0.003538 
  0.015450 ,  0.100573, -0.004314 
  0.015025 ,  0.103550, -0.004739 
  0.014641 ,  0.106119, -0.005028 
  0.014298 ,  0.108290, -0.005373 
  0.013995 ,  0.110076, -0.005909 
  0.013732 ,  0.111490, -0.006684 
  0.013507 ,  0.112545, -0.007657 
  0.013319 ,  0.113255, -0.008710 
  0.013167 ,  0.113636, -0.009674 
  0.013050 ,  0.113703, -0.010371 
  0.012966 ,  0.113473, -0.010647 
  0.012914 ,  0.112959, -0.010408 
  0.012894 ,  0.112180, -0.009639 
  0.012902 ,  0.111149, -0.008405 
  0.012939 ,  0.109882, -0.006842 
  0.013001 ,  0.108394, -0.005126 
  0.013089 ,  0.106699, -0.003442 
  0.013200 ,  0.104812, -0.001949 
  0.013333 ,  0.102745, -0.000748 
  0.013486 ,  0.100511, 0.000132 
  0.013657 ,  0.098122, 0.000739 
  0.013845 ,  0.095589, 0.001179 
  0.014048 ,  0.092924, 0.001593 
  0.014264 ,  0.090137, 0.002120 
  0.014491 ,  0.087236, 0.002864 
  0.014728 ,  0.084232, 0.003861 
  0.014973 ,  0.081133, 0.005071 
  0.015224 ,  0.077948, 0.006374 
  0.015479 ,  0.074683, 0.007591 
  0.015737 ,  0.071347, 0.008519 
  0.015995 ,  0.067947, 0.008970 
  0.016252 ,  0.064491, 0.008811 
  0.016505 ,  0.060985, 0.008003 
  0.016754 ,  0.057437, 0.006615 
  0.016997 ,  0.053854, 0.004826 
  0.017231 ,  0.050243, 0.002898 
  0.017454 ,  0.046611, 0.001142 
  0.017666 ,  0.042966, -0.000139 
  0.017864 ,  0.039317, -0.000705 
  0.018046 ,  0.035669, -0.000426 
  0.018212 ,  0.032033, 0.000686 
  0.018358 ,  0.028416, 0.002465 
  0.018485 ,  0.024827, 0.004610 
  0.018589 ,  0.021274, 0.006728 
  0.018670 ,  0.017767, 0.008388 
  0.018726 ,  0.014314, 0.009198 
  0.018755 ,  0.010924, 0.008867 
  0.018756 ,  0.007606, 0.007263 
  0.018728 ,  0.004369, 0.004439 
  0.018670 ,  0.001221, 0.000636 
  0.018579 ,  -0.001829, -0.003746 
  0.018455 ,  -0.004773, -0.008206 
  0.018297 ,  -0.007605, -0.012217 
  0.018104 ,  -0.010317, -0.015307 
  0.017873 ,  -0.012903, -0.017133 
  0.017606 ,  -0.015357, -0.017535 
  0.017299 ,  -0.017676, -0.016559 
  0.016954 ,  -0.019856, -0.014451 
  0.016567 ,  -0.021894, -0.011613 
  0.016140 ,  -0.023788, -0.008531 
  0.015672 ,  -0.025539, -0.005697 
  0.015160 ,  -0.027146, -0.003518 
  0.014606 ,  -0.028613, -0.002248 
  0.014008 ,  -0.029942, -0.001940 
  0.013367 ,  -0.031137, -0.002439 
  0.012681 ,  -0.032205, -0.003406 
  0.011951 ,  -0.033151, -0.004384 
  0.011175 ,  -0.033985, -0.004878 
  0.010355 ,  -0.034715, -0.004452 
  0.009490 ,  -0.035350, -0.002820 
  0.008580 ,  -0.035903, 0.000092 
  0.007624 ,  -0.036383, 0.004114 
  0.006624 ,  -0.036804, 0.008842 
  0.005579 ,  -0.037179, 0.013690 
  0.004490 ,  -0.037520, 0.017982 
  0.003356 ,  -0.037840, 0.021055 
  0.002179 ,  -0.038153, 0.022380 
  0.000958 ,  -0.038473, 0.021651 
  -0.000306 ,  -0.038811, 0.018856 
  -0.001611 ,  -0.039181, 0.014296 
  -0.002959 ,  -0.039594, 0.008556 
  -0.004347 ,  -0.040060, 0.002424 
  -0.005775 ,  -0.040589, -0.003221 
  -0.007242 ,  -0.041191, -0.007545 
  -0.008747 ,  -0.041871, -0.009893 
  -0.010290 ,  -0.042636, -0.009905 
  -0.011870 ,  -0.043490, -0.007579 
  -0.013484 ,  -0.044435, -0.003296 
  -0.015133 ,  -0.045471, 0.002232 
  -0.016814 ,  -0.046597, 0.008052 
  -0.018528 ,  -0.047810, 0.013109 
  -0.020271 ,  -0.049104, 0.016411 
  -0.022044 ,  -0.050471, 0.017179 
  -0.023845 ,  -0.051903, 0.014979 
  -0.025672 ,  -0.053388, 0.009801 
  -0.027524 ,  -0.054912, 0.002079 
  -0.029399 ,  -0.056462, -0.007356 
  -0.031297 ,  -0.058019, -0.017383 
  -0.033214 ,  -0.059567, -0.026744 
  -0.035151 ,  -0.061085, -0.034222 
  -0.037104 ,  -0.062552, -0.038812 
  -0.039073 ,  -0.063948, -0.039867 
  -0.041057 ,  -0.065249, -0.037189 
  -0.043052 ,  -0.066433, -0.031066 
  -0.045057 ,  -0.067476, -0.022221 
  -0.047072 ,  -0.068356, -0.011719 
  -0.049093 ,  -0.069049, -0.000807 
  -0.051120 ,  -0.069532, 0.009257 
  -0.053150 ,  -0.069785, 0.017381 
  -0.055183 ,  -0.069786, 0.022789 
  -0.057215 ,  -0.069517, 0.025116 
  -0.059245 ,  -0.068959, 0.024445 
  -0.061272 ,  -0.068098, 0.021277 
  -0.063293 ,  -0.066919, 0.016433 
  -0.065307 ,  -0.065411, 0.010918 
  -0.067313 ,  -0.063565, 0.005753 
  -0.069308 ,  -0.061375, 0.001822 
  -0.071290 ,  -0.058837, -0.000271 
  -0.073259 ,  -0.055951, -0.000282 
  -0.075212 ,  -0.052720, 0.001644 
  -0.077147 ,  -0.049149, 0.005011 
  -0.079063 ,  -0.045247, 0.009062 
  -0.080959 ,  -0.041026, 0.012917 
  -0.082832 ,  -0.036501, 0.015722 
  -0.084681 ,  -0.031690, 0.016790 
  -0.086505 ,  -0.026614, 0.015725 
  -0.088302 ,  -0.021296, 0.012483 
  -0.090070 ,  -0.015763, 0.007384 
  -0.091808 ,  -0.010043, 0.001061 
  -0.093515 ,  -0.004168, -0.005641 
  -0.095189 ,  0.001829, -0.011797 
  -0.096829 ,  0.007915, -0.016554 
  -0.098433 ,  0.014053, -0.019264 
  -0.100000 ,  0.020206, -0.019590 
  -0.101530 ,  0.026337, -0.017557 
  -0.103020 ,  0.032407, -0.013550 
  -0.104470 ,  0.038378, -0.008254 
  -0.105879 ,  0.044213, -0.002545 
  -0.107245 ,  0.049874, 0.002647 
  -0.108567 ,  0.055326, 0.006485 
  -0.109846 ,  0.060532, 0.008355 
  -0.111079 ,  0.065461, 0.007958 
  -0.112265 ,  0.070082, 0.005364 
  -0.113405 ,  0.074365, 0.000993 
  -0.114497 ,  0.078284, -0.004447 
  -0.115540 ,  0.081816, -0.010067 
  -0.116535 ,  0.084941, -0.014938 
  -0.117479 ,  0.087641, -0.018231 
  -0.118374 ,  0.089904, -0.019343 
  -0.119218 ,  0.091719, -0.017983 
  -0.120010 ,  0.093079, -0.014222 
  -0.120751 ,  0.093982, -0.008476 
  -0.121440 ,  0.094430, -0.001443 
  -0.122077 ,  0.094426, 0.006000 
  -0.122661 ,  0.093979, 0.012925 
  -0.123193 ,  0.093102, 0.018486 
  -0.123672 ,  0.091808, 0.022039 
  -0.124097 ,  0.090117, 0.023220 
  -0.124470 ,  0.088051, 0.021995 
  -0.124790 ,  0.085633, 0.018645 
  -0.125058 ,  0.082890, 0.013714 
  -0.125272 ,  0.079852, 0.007925 
  -0.125434 ,  0.076549, 0.002062 
  -0.125543 ,  0.073015, -0.003138 
  -0.125600 ,  0.069282, -0.007087 
  -0.125604 ,  0.065385, -0.009419 
  -0.125558 ,  0.061361, -0.010021 
  -0.125459 ,  0.057243, -0.009036 
  -0.125310 ,  0.053067, -0.006811 
  -0.125110 ,  0.048868, -0.003834 
  -0.124860 ,  0.044678, -0.000646 
  -0.124561 ,  0.040531, 0.002245 
  -0.124212 ,  0.036456, 0.004438 
  -0.123814 ,  0.032483, 0.005686 
  -0.123369 ,  0.028638, 0.005920 
  -0.122876 ,  0.024944, 0.005233 
  -0.122336 ,  0.021422, 0.003845 
  -0.121750 ,  0.018092, 0.002052 
  -0.121118 ,  0.014968, 0.000156 
  -0.120442 ,  0.012062, -0.001587 
  -0.119721 ,  0.009383, -0.003008 
  -0.118957 ,  0.006937, -0.004050 
  -0.118151 ,  0.004725, -0.004762 
  -0.117302 ,  0.002747, -0.005273 
  -0.116412 ,  0.000997, -0.005748 
  -0.115482 ,  -0.000531, -0.006342 
  -0.114512 ,  -0.001848, -0.007152 
  -0.113504 ,  -0.002967, -0.008178 
  -0.112457 ,  -0.003903, -0.009315 
  -0.111374 ,  -0.004676, -0.010352 
  -0.110253 ,  -0.005305, -0.011012 
  -0.109098 ,  -0.005811, -0.010991 
  -0.107907 ,  -0.006219, -0.010018 
  -0.106683 ,  -0.006552, -0.007913 
  -0.105425 ,  -0.006836, -0.004634 
  -0.104135 ,  -0.007096, -0.000299 
  -0.102814 ,  -0.007357, 0.004805 
  -0.101461 ,  -0.007645, 0.010251 
  -0.100079 ,  -0.007985, 0.015516 
  -0.098667 ,  -0.008399, 0.020045 
  -0.097227 ,  -0.008911, 0.023325 
  -0.095759 ,  -0.009540, 0.024952 
  -0.094265 ,  -0.010305, 0.024686 
  -0.092744 ,  -0.011223, 0.022487 
  -0.091197 ,  -0.012307, 0.018521 
  -0.089626 ,  -0.013568, 0.013140 
  -0.088031 ,  -0.015016, 0.006841 
  -0.086412 ,  -0.016654, 0.000199 
  -0.084770 ,  -0.018486, -0.006197 
  -0.083106 ,  -0.020510, -0.011815 
  -0.081421 ,  -0.022722, -0.016239 
  -0.079715 ,  -0.025116, -0.019206 
  -0.077988 ,  -0.027680, -0.020621 
  -0.076242 ,  -0.030401, -0.020555 
  -0.074476 ,  -0.033263, -0.019215 
  -0.072692 ,  -0.036246, -0.016900 
  -0.070889 ,  -0.039329, -0.013957 
  -0.069069 ,  -0.042488, -0.010728 
  -0.067231 ,  -0.045697, -0.007511 
  -0.065377 ,  -0.048928, -0.004533 
  -0.063506 ,  -0.052152, -0.001934 
  -0.061620 ,  -0.055338, 0.000222 
  -0.059718 ,  -0.058455, 0.001942 
  -0.057800 ,  -0.061472, 0.003272 
  -0.055868 ,  -0.064357, 0.004276 
  -0.053922 ,  -0.067079, 0.005015 
  -0.051962 ,  -0.069607, 0.005527 
  -0.049987 ,  -0.071912, 0.005832 
  -0.048000 ,  -0.073965, 0.005927 
  -0.045999 ,  -0.075740, 0.005808 
  -0.043986 ,  -0.077213, 0.005477 
  -0.041959 ,  -0.078361, 0.004968 
  -0.039921 ,  -0.079165, 0.004346 
  -0.037870 ,  -0.079608, 0.003716 
  -0.035808 ,  -0.079677, 0.003213 
  -0.033734 ,  -0.079362, 0.002977 
  -0.031648 ,  -0.078655, 0.003136 
  -0.029552 ,  -0.077554, 0.003771 
  -0.027444 ,  -0.076058, 0.004896 
  -0.025326 ,  -0.074170, 0.006437 
  -0.023197 ,  -0.071899, 0.008232 
  -0.021058 ,  -0.069255, 0.010039 
  -0.018909 ,  -0.066251, 0.011561 
  -0.016750 ,  -0.062906, 0.012488 
  -0.014582 ,  -0.059238, 0.012532 
  -0.012404 ,  -0.055273, 0.011481 
  -0.010216 ,  -0.051036, 0.009229 
  -0.008020 ,  -0.046554, 0.005804 
  -0.005815 ,  -0.041858, 0.001379 
  -0.003602 ,  -0.036981, -0.003746 
  -0.001380 ,  -0.031956, -0.009167 
  0.000850 ,  -0.026817, -0.014425 
  0.003087 ,  -0.021600, -0.019056 
  0.005332 ,  -0.016340, -0.022646 
  0.007584 ,  -0.011073, -0.024877 
  0.009842 ,  -0.005834, -0.025565 
  0.012107 ,  -0.000657, -0.024677 
  0.014378 ,  0.004424, -0.022325 
  0.016654 ,  0.009377, -0.018750 
  0.018936 ,  0.014172, -0.014288 
  0.021222 ,  0.018782, -0.009319 
  0.023513 ,  0.023181, -0.004229 
  0.025808 ,  0.027345, 0.000637 
  0.028106 ,  0.031254, 0.005006 
  0.030406 ,  0.034891, 0.008692 
  0.032709 ,  0.038243, 0.011600 
  0.035014 ,  0.041297, 0.013714 
  0.037320 ,  0.044046, 0.015076 
  0.039626 ,  0.046487, 0.015759 
  0.041932 ,  0.048617, 0.015844 
  0.044237 ,  0.050440, 0.015399 
  0.046540 ,  0.051960, 0.014468 
  0.048840 ,  0.053186, 0.013078 
  0.051138 ,  0.054130, 0.011247 
  0.053431 ,  0.054805, 0.009005 
  0.055720 ,  0.055228, 0.006412 
  0.058003 ,  0.055418, 0.003581 
  0.060278 ,  0.055396, 0.000681 
  0.062547 ,  0.055183, -0.002063 
  0.064806 ,  0.054805, -0.004392 
  0.067057 ,  0.054285, -0.006038 
  0.069296 ,  0.053648, -0.006769 
  0.071523 ,  0.052922, -0.006431 
  0.073738 ,  0.052130, -0.004983 
  0.075939 ,  0.051299, -0.002526 
  0.078125 ,  0.050454, 0.000691 
  0.080294 ,  0.049617, 0.004284 
  0.082446 ,  0.048812, 0.007768 
  0.084579 ,  0.048059, 0.010616 
  0.086693 ,  0.047376, 0.012324 
  0.088785 ,  0.046780, 0.012486 
  0.090854 ,  0.046286, 0.010856 
  0.092900 ,  0.045904, 0.007396 
  0.094920 ,  0.045645, 0.002305 
  0.096914 ,  0.045513, -0.003995 
  0.098880 ,  0.045513, -0.010889 
  0.100817 ,  0.045643, -0.017640 
  0.102723 ,  0.045902, -0.023474 
  0.104597 ,  0.046282, -0.027673 
  0.106437 ,  0.046777, -0.029671 
  0.108243 ,  0.047372, -0.029128 
  0.110012 ,  0.048056, -0.025982 
  0.111743 ,  0.048809, -0.020466 
  0.113435 ,  0.049614, -0.013086 
  0.115086 ,  0.050448, -0.004565 
  0.116695 ,  0.051288, 0.004240 
  0.118261 ,  0.052110, 0.012441 
  0.119781 ,  0.052887, 0.019224 
  0.121255 ,  0.053593, 0.023947 
  0.122682 ,  0.054199, 0.026213 
  0.124059 ,  0.054677, 0.025914 
  0.125385 ,  0.054999, 0.023235 
  0.126659 ,  0.055137, 0.018621 
  0.127880 ,  0.055065, 0.012718 
  0.129047 ,  0.054756, 0.006278 
  0.130157 ,  0.054186, 0.000064 
  0.131210 ,  0.053332, -0.005245 
  0.132205 ,  0.052174, -0.009136 
  0.133140 ,  0.050692, -0.011319 
  0.134014 ,  0.048870, -0.011745 
  0.134826 ,  0.046696, -0.010599 
  0.135575 ,  0.044160, -0.008254 
  0.136260 ,  0.041254, -0.005206 
  0.136879 ,  0.037974, -0.001992 
  0.137432 ,  0.034321, 0.000890 
  0.137918 ,  0.030297, 0.003049 
  0.138336 ,  0.025911, 0.004256 
  0.138685 ,  0.021171, 0.004464 
  0.138965 ,  0.016092, 0.003803 
  0.139174 ,  0.010692, 0.002545 
  0.139312 ,  0.004991, 0.001051 
  0.139378 ,  -0.000987, -0.000296 
  0.139372 ,  -0.007213, -0.001160 
  0.139294 ,  -0.013659, -0.001308 
  0.139142 ,  -0.020292, -0.000650 
  0.138916 ,  -0.027076, 0.000744 
  0.138617 ,  -0.033974, 0.002658 
  0.138244 ,  -0.040946, 0.004763 
  0.137797 ,  -0.047953, 0.006671 
  0.137275 ,  -0.054951, 0.008001 
  0.136679 ,  -0.061898, 0.008442 
  0.136009 ,  -0.068751, 0.007803 
  0.135265 ,  -0.075466, 0.006055 
  0.134447 ,  -0.081999, 0.003332 
  0.133555 ,  -0.088307, -0.000074 
  0.132590 ,  -0.094349, -0.003761 
  0.131553 ,  -0.100083, -0.007268 
  0.130443 ,  -0.105469, -0.010144 
  0.129261 ,  -0.110471, -0.012015 
  0.128009 ,  -0.115052, -0.012636 
  0.126686 ,  -0.119179, -0.011931 
  0.125294 ,  -0.122822, -0.010006 
  0.123833 ,  -0.125954, -0.007133 
  0.122305 ,  -0.128549, -0.003715 
  0.120710 ,  -0.130587, -0.000225 
  0.119050 ,  -0.132050, 0.002854 
  0.117327 ,  -0.132923, 0.005101 
  0.115540 ,  -0.133197, 0.006215 
  0.113692 ,  -0.132863, 0.006056 
  0.111784 ,  -0.131920, 0.004662 
  0.109818 ,  -0.130368, 0.002243 
  0.107795 ,  -0.128211, -0.000856 
  0.105716 ,  -0.125457, -0.004197 
  0.103585 ,  -0.122119, -0.007318 
  0.101401 ,  -0.118212, -0.009796 
  0.099168 ,  -0.113754, -0.011299 
  0.096887 ,  -0.108768, -0.011635 
  0.094561 ,  -0.103279, -0.010768 
  0.092190 ,  -0.097314, -0.008812 
  0.089778 ,  -0.090905, -0.006014 
  0.087326 ,  -0.084084, -0.002703 
  0.084838 ,  -0.076887, 0.000757 
  0.082314 ,  -0.069351, 0.004027 
  0.079757 ,  -0.061516, 0.006837 
  0.077171 ,  -0.053421, 0.009024 
  0.074556 ,  -0.045108, 0.010543 
  0.071916 ,  -0.036621, 0.011463 
  0.069253 ,  -0.028001, 0.011941 
  0.066570 ,  -0.019292, 0.012178 
  0.063869 ,  -0.010538, 0.012379 
  0.061152 ,  -0.001782, 0.012696 
  0.058423 ,  0.006933, 0.013201 
  0.055684 ,  0.015566, 0.013857 
  0.052938 ,  0.024074, 0.014521 
  0.050187 ,  0.032420, 0.014965 
  0.047434 ,  0.040563, 0.014909 
  0.044682 ,  0.048467, 0.014081 
  0.041933 ,  0.056097, 0.012263 
  0.039190 ,  0.063421, 0.009347 
  0.036456 ,  0.070407, 0.005364 
  0.033734 ,  0.077027, 0.000508 
  0.031026 ,  0.083255, -0.004885 
  0.028334 ,  0.089067, -0.010363 
  0.025663 ,  0.094442, -0.015417 
  0.023013 ,  0.099361, -0.019552 
  0.020388 ,  0.103810, -0.022353 
  0.017790 ,  0.107775, -0.023552 
  0.015223 ,  0.111246, -0.023076 
  0.012688 ,  0.114216, -0.021059 
  0.010187 ,  0.116680, -0.017839 
  0.007724 ,  0.118636, -0.013913 
  0.005301 ,  0.120085, -0.009867 
  0.002920 ,  0.121031, -0.006298 
  0.000583 ,  0.121479, -0.003721 
  -0.001707 ,  0.121438, -0.002491 
  -0.003948 ,  0.120918, -0.002742 
  -0.006138 ,  0.119932, -0.004358 
  -0.008275 ,  0.118495, -0.006978 
  -0.010358 ,  0.116624, -0.010044 
  -0.012383 ,  0.114338, -0.012872 
  -0.014350 ,  0.111657, -0.014752 
  -0.016256 ,  0.108604, -0.015053 
  -0.018100 ,  0.105201, -0.013324 
  -0.019880 ,  0.101473, -0.009373 
  -0.021595 ,  0.097446, -0.003312 
  -0.023243 ,  0.093146, 0.004440 
  -0.024823 ,  0.088601, 0.013197 
  -0.026334 ,  0.083837, 0.022081 
  -0.027774 ,  0.078884, 0.030138 
  -0.029142 ,  0.073768, 0.036454 
  -0.030438 ,  0.068520, 0.040285 
  -0.031661 ,  0.063167, 0.041152 
  -0.032809 ,  0.057737, 0.038919 
  -0.033882 ,  0.052257, 0.033811 
  -0.034880 ,  0.046754, 0.026394 
  -0.035803 ,  0.041255, 0.017503 
  -0.036649 ,  0.035785, 0.008136 
  -0.037418 ,  0.030369, -0.000680 
  -0.038111 ,  0.025029, -0.008021 
  -0.038727 ,  0.019788, -0.013189 
  -0.039267 ,  0.014667, -0.015806 
  -0.039730 ,  0.009685, -0.015856 
  -0.040118 ,  0.004860, -0.013686 
  -0.040429 ,  0.000209, -0.009947 
  -0.040666 ,  -0.004254, -0.005496 
  -0.040828 ,  -0.008515, -0.001272 
  -0.040916 ,  -0.012564, 0.001845 
  -0.040932 ,  -0.016389, 0.003166 
  -0.040875 ,  -0.019985, 0.002295 
  -0.040747 ,  -0.023343, -0.000811 
  -0.040550 ,  -0.026460, -0.005831 
  -0.040284 ,  -0.029333, -0.012124 
  -0.039950 ,  -0.031962, -0.018817 
  -0.039551 ,  -0.034346, -0.024937 
  -0.039088 ,  -0.036488, -0.029543 
  -0.038562 ,  -0.038392, -0.031874 
  -0.037976 ,  -0.040063, -0.031455 
  -0.037330 ,  -0.041509, -0.028176 
  -0.036627 ,  -0.042738, -0.022314 
  -0.035870 ,  -0.043759, -0.014500 
  -0.035059 ,  -0.044582, -0.005633 
  -0.034197 ,  -0.045221, 0.003239 
  -0.033287 ,  -0.045686, 0.011064 
  -0.032331 ,  -0.045993, 0.016935 
  -0.031331 ,  -0.046156, 0.020215 
  -0.030289 ,  -0.046189, 0.020628 
  -0.029209 ,  -0.046108, 0.018296 
  -0.028092 ,  -0.045928, 0.013723 
  -0.026942 ,  -0.045666, 0.007724 
  -0.025761 ,  -0.045338, 0.001311 
  -0.024551 ,  -0.044960, -0.004452 
  -0.023316 ,  -0.044548, -0.008601 
  -0.022059 ,  -0.044117, -0.010403 
  -0.020782 ,  -0.043682, -0.009465 
  -0.019489 ,  -0.043259, -0.005789 
  -0.018181 ,  -0.042860, 0.000226 
  -0.016863 ,  -0.042498, 0.007841 
  -0.015537 ,  -0.042187, 0.016074 
  -0.014206 ,  -0.041937, 0.023839 
  -0.012873 ,  -0.041757, 0.030091 
  -0.011542 ,  -0.041657, 0.033969 
  -0.010215 ,  -0.041644, 0.034911 
  -0.008895 ,  -0.041725, 0.032724 
  -0.007586 ,  -0.041903, 0.027610 
  -0.006290 ,  -0.042181, 0.020127 
  -0.005010 ,  -0.042562, 0.011112 
  -0.003750 ,  -0.043046, 0.001566 
  -0.002512 ,  -0.043630, -0.007488 
  -0.001299 ,  -0.044312, -0.015132 
  -0.000115 ,  -0.045086, -0.020676 
  0.001039 ,  -0.045947, -0.023734 
  0.002158 ,  -0.046887, -0.024258 
  0.003241 ,  -0.047895, -0.022530 
  0.004284 ,  -0.048961, -0.019099 
  0.005286 ,  -0.050072, -0.014688 
  0.006242 ,  -0.051215, -0.010085 
  0.007151 ,  -0.052375, -0.006018 
  0.008011 ,  -0.053536, -0.003062 
  0.008818 ,  -0.054680, -0.001557 
  0.009570 ,  -0.055790, -0.001577 
  0.010266 ,  -0.056846, -0.002936 
  0.010902 ,  -0.057829, -0.005234 
  0.011478 ,  -0.058719, -0.007930 
  0.011990 ,  -0.059496, -0.010440 
  0.012437 ,  -0.060138, -0.012234 
  0.012817 ,  -0.060626, -0.012918 
  0.013128 ,  -0.060938, -0.012295 
  0.013369 ,  -0.061055, -0.010388 
  0.013537 ,  -0.060957, -0.007435 
  0.013633 ,  -0.060625, -0.003837 
  0.013654 ,  -0.060042, -0.000095 
  0.013598 ,  -0.059189, 0.003280 
  0.013466 ,  -0.058052, 0.005845 
  0.013256 ,  -0.056615, 0.007303 
  0.012967 ,  -0.054868, 0.007542 
  0.012598 ,  -0.052797, 0.006657 
  0.012149 ,  -0.050395, 0.004925 
  0.011619 ,  -0.047654, 0.002762 
  0.011008 ,  -0.044570, 0.000654 
  0.010315 ,  -0.041139, -0.000925 
  0.009541 ,  -0.037363, -0.001592 
  0.008685 ,  -0.033243, -0.001112 
  0.007748 ,  -0.028785, 0.000562 
  0.006730 ,  -0.023996, 0.003280 
  0.005630 ,  -0.018887, 0.006720 
  0.004451 ,  -0.013470, 0.010439 
  0.003191 ,  -0.007763, 0.013940 
  0.001853 ,  -0.001783, 0.016752 
  0.000436 ,  0.004448, 0.018498 
  -0.001058 ,  0.010906, 0.018955 
  -0.002628 ,  0.017565, 0.018080 
  -0.004273 ,  0.024396, 0.016017 
  -0.005991 ,  0.031368, 0.013068 
  -0.007781 ,  0.038447, 0.009641 
  -0.009641 ,  0.045598, 0.006181 
  -0.011570 ,  0.052784, 0.003104 
  -0.013566 ,  0.059967, 0.000726 
  -0.015627 ,  0.067107, -0.000784 
  -0.017751 ,  0.074162, -0.001426 
  -0.019935 ,  0.081091, -0.001366 
  -0.022177 ,  0.087851, -0.000903 
  -0.024476 ,  0.094401, -0.000418 
  -0.026828 ,  0.100697, -0.000305 
  -0.029231 ,  0.106697, -0.000902 
  -0.031682 ,  0.112360, -0.002435 
  -0.034179 ,  0.117646, -0.004971 
  -0.036718 ,  0.122515, -0.008406 
  -0.039297 ,  0.126931, -0.012473 
  -0.041913 ,  0.130857, -0.016779 
  -0.044562 ,  0.134261, -0.020859 
  -0.047243 ,  0.137112, -0.024248 
  -0.049950 ,  0.139382, -0.026539 
  -0.052681 ,  0.141047, -0.027447 
  -0.055434 ,  0.142087, -0.026847 
  -0.058203 ,  0.142482, -0.024781 
  -0.060986 ,  0.142220, -0.021454 
  -0.063780 ,  0.141291, -0.017195 
  -0.066580 ,  0.139688, -0.012406 
  -0.069384 ,  0.137412, -0.007499 
  -0.072188 ,  0.134465, -0.002842 
  -0.074987 ,  0.130854, 0.001293 
  -0.077779 ,  0.126592, 0.004759 
  -0.080560 ,  0.121694, 0.007537 
  -0.083326 ,  0.116182, 0.009727 
  -0.086073 ,  0.110080, 0.011509 
  -0.088798 ,  0.103417, 0.013095 
  -0.091497 ,  0.096227, 0.014682 
  -0.094167 ,  0.088546, 0.016402 
  -0.096803 ,  0.080416, 0.018290 
  -0.099402 ,  0.071880, 0.020273 
  -0.101961 ,  0.062985, 0.022174 
  -0.104476 ,  0.053780, 0.023744 
  -0.106944 ,  0.044319, 0.024703 
  -0.109360 ,  0.034654, 0.024791 
  -0.111721 ,  0.024842, 0.023819 
  -0.114025 ,  0.014940, 0.021709 
  -0.116267 ,  0.005005, 0.018515 
  -0.118445 ,  -0.004904, 0.014425 
  -0.120554 ,  -0.014730, 0.009742 
  -0.122593 ,  -0.024414, 0.004840 
  -0.124557 ,  -0.033900, 0.000117 
  -0.126444 ,  -0.043133, -0.004069 
  -0.128251 ,  -0.052058, -0.007444 
  -0.129975 ,  -0.060625, -0.009864 
  -0.131613 ,  -0.068785, -0.011326 
  -0.133162 ,  -0.076491, -0.011964 
  -0.134620 ,  -0.083702, -0.012023 
  -0.135985 ,  -0.090379, -0.011810 
  -0.137254 ,  -0.096487, -0.011638 
  -0.138424 ,  -0.101994, -0.011769 
  -0.139494 ,  -0.106875, -0.012361 
  -0.140461 ,  -0.111109, -0.013443 
  -0.141324 ,  -0.114678, -0.014900 
  -0.142080 ,  -0.117571, -0.016490 
  -0.142729 ,  -0.119780, -0.017887 
  -0.143267 ,  -0.121304, -0.018727 
  -0.143695 ,  -0.122146, -0.018682 
  -0.144010 ,  -0.122313, -0.017513 
  -0.144212 ,  -0.121819, -0.015118 
  -0.144299 ,  -0.120682, -0.011567 
  -0.144270 ,  -0.118922, -0.007094 
  -0.144125 ,  -0.116567, -0.002079 
  -0.143862 ,  -0.113647, 0.003002 
  -0.143482 ,  -0.110196, 0.007644 
  -0.142984 ,  -0.106251, 0.011381 
  -0.142368 ,  -0.101854, 0.013854 
  -0.141634 ,  -0.097047, 0.014860 
  -0.140780 ,  -0.091877, 0.014385 
  -0.139809 ,  -0.086390, 0.012601 
  -0.138720 ,  -0.080637, 0.009843 
  -0.137514 ,  -0.074666, 0.006553 
  -0.136190 ,  -0.068530, 0.003224 
  -0.134751 ,  -0.062278, 0.000320 
  -0.133196 ,  -0.055962, -0.001784 
  -0.131527 ,  -0.049631, -0.002856 
  -0.129745 ,  -0.043335, -0.002830 
  -0.127851 ,  -0.037121, -0.001808 
  -0.125846 ,  -0.031034, -0.000035 
  -0.123733 ,  -0.025117, 0.002149 
  -0.121512 ,  -0.019412, 0.004370 
  -0.119186 ,  -0.013956, 0.006280 
  -0.116757 ,  -0.008783, 0.007614 
  -0.114226 ,  -0.003925, 0.008231 
  -0.111596 ,  0.000591, 0.008125 
  -0.108868 ,  0.004740, 0.007424 
  -0.106046 ,  0.008504, 0.006353 
  -0.103132 ,  0.011867, 0.005189 
  -0.100129 ,  0.014816, 0.004207 
  -0.097039 ,  0.017345, 0.003620 
  -0.093864 ,  0.019451, 0.003546 
  -0.090609 ,  0.021133, 0.003976 
  -0.087276 ,  0.022397, 0.004777 
  -0.083868 ,  0.023251, 0.005719 
  -0.080388 ,  0.023707, 0.006509 
  -0.076840 ,  0.023782, 0.006852 
  -0.073227 ,  0.023494, 0.006505 
  -0.069553 ,  0.022865, 0.005326 
  -0.065820 ,  0.021921, 0.003302 
  -0.062033 ,  0.020687, 0.000564 
  -0.058195 ,  0.019195, -0.002632 
  -0.054310 ,  0.017475, -0.005944 
  -0.050381 ,  0.015560, -0.008998 
  -0.046413 ,  0.013484, -0.011451 
  -0.042409 ,  0.011282, -0.013048 
  -0.038374 ,  0.008989, -0.013669 
  -0.034310 ,  0.006641, -0.013350 
  -0.030222 ,  0.004274, -0.012279 
  -0.026115 ,  0.001922, -0.010768 
  -0.021991 ,  -0.000381, -0.009196 
  -0.017855 ,  -0.002602, -0.007945 
  -0.013711 ,  -0.004709, -0.007330 
  -0.009563 ,  -0.006673, -0.007537 
  -0.005415 ,  -0.008465, -0.008582 
  -0.001271 ,  -0.010060, -0.010304 
  0.002865 ,  -0.011435, -0.012377 
  0.006989 ,  -0.012567, -0.014357 
  0.011097 ,  -0.013440, -0.015756 
  0.015185 ,  -0.014036, -0.016118 
  0.019250 ,  -0.014345, -0.015098 
  0.023287 ,  -0.014355, -0.012528 
  0.027292 ,  -0.014060, -0.008451 
  0.031262 ,  -0.013456, -0.003128 
  0.035193 ,  -0.012542, 0.002991 
  0.039082 ,  -0.011321, 0.009331 
  0.042924 ,  -0.009796, 0.015274 
  0.046717 ,  -0.007976, 0.020249 
  0.050456 ,  -0.005871, 0.023818 
  0.054139 ,  -0.003494, 0.025742 
  0.057761 ,  -0.000859, 0.026015 
  0.061320 ,  0.002015, 0.024861 
  0.064812 ,  0.005110, 0.022690 
  0.068235 ,  0.008403, 0.020029 
  0.071585 ,  0.011873, 0.017423 
  0.074860 ,  0.015493, 0.015344 
  0.078056 ,  0.019240, 0.014097 
  0.081170 ,  0.023085, 0.013769 
  0.084201 ,  0.027002, 0.014201 
  0.087146 ,  0.030961, 0.015010 
  0.090002 ,  0.034935, 0.015655 
  0.092767 ,  0.038895, 0.015530 
  0.095439 ,  0.042811, 0.014077 
  0.098015 ,  0.046656, 0.010894 
  0.100495 ,  0.050401, 0.005835 
  0.102875 ,  0.054019, -0.000944 
  0.105154 ,  0.057483, -0.008968 
  0.107331 ,  0.060768, -0.017495 
  0.109404 ,  0.063849, -0.025601 
  0.111371 ,  0.066703, -0.032313 
  0.113233 ,  0.069308, -0.036756 
  0.114986 ,  0.071645, -0.038288 
  0.116632 ,  0.073694, -0.036625 
  0.118167 ,  0.075439, -0.031902 
  0.119593 ,  0.076865, -0.024686 
  0.120908 ,  0.077959, -0.015918 
  0.122112 ,  0.078711, -0.006800 
  0.123205 ,  0.079111, 0.001364 
  0.124185 ,  0.079153, 0.007356 
  0.125055 ,  0.078833, 0.010223 
  0.125812 ,  0.078147, 0.009434 
  0.126458 ,  0.077097, 0.004975 
  0.126993 ,  0.075683, -0.002612 
  0.127417 ,  0.073910, -0.012284 
  0.127731 ,  0.071783, -0.022608 
  0.127935 ,  0.069312, -0.031945 
  0.128031 ,  0.066506, -0.038662 
  0.128019 ,  0.063377, -0.041357 
  0.127900 ,  0.059939, -0.039060 
  0.127676 ,  0.056209, -0.031382 
  0.127347 ,  0.052202, -0.018592 
  0.126916 ,  0.047939, -0.001613 
  0.126383 ,  0.043439, 0.018070 
  0.125750 ,  0.038725, 0.038575 
  0.125018 ,  0.033820, 0.057841 
  0.124191 ,  0.028747, 0.073872 
  0.123269 ,  0.023532, 0.084970 
  0.122254 ,  0.018200, 0.089938 
  0.121149 ,  0.012779, 0.088215 
  0.119956 ,  0.007295, 0.079937 
  0.118676 ,  0.001775, 0.065906 
  0.117313 ,  -0.003751, 0.047487 
  0.115869 ,  -0.009258, 0.026437 
  0.114345 ,  -0.014718, 0.004692 
  0.112746 ,  -0.020102, -0.015854 
