   20m__24m 
  -0.117995 ,  0.075073, 0.004182 
  -0.119382 ,  0.072500, 0.003232 
  -0.120640 ,  0.069765, 0.002163 
  -0.121766 ,  0.066873, 0.000860 
  -0.122758 ,  0.063827, -0.000758 
  -0.123611 ,  0.060630, -0.002714 
  -0.124323 ,  0.057283, -0.004955 
  -0.124890 ,  0.053787, -0.007349 
  -0.125310 ,  0.050142, -0.009695 
  -0.125581 ,  0.046348, -0.011743 
  -0.125698 ,  0.042403, -0.013231 
  -0.125662 ,  0.038306, -0.013919 
  -0.125469 ,  0.034053, -0.013628 
  -0.125117 ,  0.029643, -0.012276 
  -0.124605 ,  0.025072, -0.009890 
  -0.123932 ,  0.020337, -0.006623 
  -0.123097 ,  0.015435, -0.002736 
  -0.122097 ,  0.010365, 0.001423 
  -0.120934 ,  0.005124, 0.005455 
  -0.119605 ,  -0.000288, 0.008957 
  -0.118111 ,  -0.005871, 0.011567 
  -0.116452 ,  -0.011623, 0.013004 
  -0.114628 ,  -0.017542, 0.013099 
  -0.112639 ,  -0.023622, 0.011818 
  -0.110486 ,  -0.029856, 0.009260 
  -0.108170 ,  -0.036237, 0.005645 
  -0.105692 ,  -0.042751, 0.001292 
  -0.103052 ,  -0.049387, -0.003418 
  -0.100254 ,  -0.056126, -0.008083 
  -0.097297 ,  -0.062952, -0.012317 
  -0.094186 ,  -0.069841, -0.015781 
  -0.090921 ,  -0.076770, -0.018216 
  -0.087505 ,  -0.083713, -0.019452 
  -0.083942 ,  -0.090639, -0.019415 
  -0.080233 ,  -0.097517, -0.018122 
  -0.076382 ,  -0.104312, -0.015670 
  -0.072393 ,  -0.110989, -0.012219 
  -0.068268 ,  -0.117508, -0.007977 
  -0.064012 ,  -0.123829, -0.003179 
  -0.059630 ,  -0.129912, 0.001924 
  -0.055124 ,  -0.135714, 0.007075 
  -0.050499 ,  -0.141192, 0.012025 
  -0.045761 ,  -0.146301, 0.016532 
  -0.040913 ,  -0.150999, 0.020375 
  -0.035962 ,  -0.155243, 0.023354 
  -0.030911 ,  -0.158991, 0.025309 
  -0.025766 ,  -0.162202, 0.026121 
  -0.020533 ,  -0.164838, 0.025729 
  -0.015217 ,  -0.166862, 0.024140 
  -0.009825 ,  -0.168240, 0.021435 
  -0.004361 ,  -0.168942, 0.017771 
  0.001167 ,  -0.168942, 0.013374 
  0.006754 ,  -0.168215, 0.008525 
  0.012394 ,  -0.166744, 0.003541 
  0.018079 ,  -0.164515, -0.001259 
  0.023805 ,  -0.161518, -0.005579 
  0.029563 ,  -0.157750, -0.009178 
  0.035347 ,  -0.153212, -0.011899 
  0.041151 ,  -0.147911, -0.013680 
  0.046967 ,  -0.141860, -0.014560 
  0.052789 ,  -0.135078, -0.014672 
  0.058610 ,  -0.127587, -0.014224 
  0.064423 ,  -0.119419, -0.013463 
  0.070221 ,  -0.110607, -0.012644 
  0.075997 ,  -0.101193, -0.011987 
  0.081743 ,  -0.091220, -0.011649 
  0.087454 ,  -0.080741, -0.011699 
  0.093121 ,  -0.069808, -0.012103 
  0.098739 ,  -0.058480, -0.012736 
  0.104299 ,  -0.046820, -0.013395 
  0.109796 ,  -0.034891, -0.013834 
  0.115222 ,  -0.022763, -0.013799 
  0.120570 ,  -0.010503, -0.013071 
  0.125835 ,  0.001816, -0.011504 
  0.131008 ,  0.014124, -0.009049 
  0.136084 ,  0.026347, -0.005767 
  0.141056 ,  0.038415, -0.001831 
  0.145919 ,  0.050257, 0.002497 
  0.150664 ,  0.061802, 0.006896 
  0.155288 ,  0.072986, 0.011023 
  0.159783 ,  0.083743, 0.014559 
  0.164144 ,  0.094012, 0.017247 
  0.168366 ,  0.103736, 0.018922 
  0.172442 ,  0.112862, 0.019528 
  0.176368 ,  0.121342, 0.019119 
  0.180138 ,  0.129133, 0.017845 
  0.183747 ,  0.136196, 0.015927 
  0.187192 ,  0.142500, 0.013620 
  0.190466 ,  0.148018, 0.011175 
  0.193567 ,  0.152730, 0.008806 
  0.196489 ,  0.156621, 0.006663 
  0.199229 ,  0.159685, 0.004817 
  0.201784 ,  0.161918, 0.003261 
  0.204149 ,  0.163326, 0.001926 
  0.206322 ,  0.163918, 0.000699 
  0.208300 ,  0.163710, -0.000538 
  0.210080 ,  0.162724, -0.001882 
  0.211660 ,  0.160987, -0.003379 
  0.213036 ,  0.158529, -0.005011 
  0.214209 ,  0.155387, -0.006689 
  0.215176 ,  0.151600, -0.008262 
  0.215935 ,  0.147212, -0.009545 
  0.216485 ,  0.142269, -0.010345 
  0.216826 ,  0.136821, -0.010504 
  0.216957 ,  0.130918, -0.009925 
  0.216878 ,  0.124613, -0.008605 
  0.216589 ,  0.117960, -0.006642 
  0.216089 ,  0.111013, -0.004236 
  0.215381 ,  0.103825, -0.001666 
  0.214463 ,  0.096450, 0.000740 
  0.213338 ,  0.088941, 0.002657 
  0.212007 ,  0.081348, 0.003804 
  0.210472 ,  0.073721, 0.003993 
  0.208734 ,  0.066106, 0.003163 
  0.206795 ,  0.058548, 0.001398 
  0.204659 ,  0.051086, -0.001075 
  0.202328 ,  0.043761, -0.003906 
  0.199804 ,  0.036605, -0.006669 
  0.197091 ,  0.029651, -0.008911 
  0.194193 ,  0.022924, -0.010220 
  0.191113 ,  0.016450, -0.010285 
  0.187855 ,  0.010248, -0.008943 
  0.184423 ,  0.004333, -0.006218 
  0.180823 ,  -0.001282, -0.002326 
  0.177058 ,  -0.006587, 0.002336 
  0.173133 ,  -0.011579, 0.007236 
  0.169054 ,  -0.016254, 0.011765 
  0.164825 ,  -0.020613, 0.015313 
  0.160453 ,  -0.024661, 0.017347 
  0.155943 ,  -0.028402, 0.017488 
  0.151300 ,  -0.031846, 0.015565 
  0.146531 ,  -0.035003, 0.011650 
  0.141642 ,  -0.037883, 0.006062 
  0.136640 ,  -0.040501, -0.000657 
  0.131531 ,  -0.042870, -0.007797 
  0.126321 ,  -0.045005, -0.014560 
  0.121017 ,  -0.046920, -0.020149 
  0.115626 ,  -0.048630, -0.023861 
  0.110156 ,  -0.050150, -0.025180 
  0.104612 ,  -0.051494, -0.023834 
  0.099003 ,  -0.052675, -0.019844 
  0.093336 ,  -0.053705, -0.013520 
  0.087618 ,  -0.054596, -0.005439 
  0.081856 ,  -0.055358, 0.003617 
  0.076057 ,  -0.055999, 0.012750 
  0.070230 ,  -0.056526, 0.021046 
  0.064382 ,  -0.056946, 0.027674 
  0.058519 ,  -0.057261, 0.031988 
  0.052650 ,  -0.057476, 0.033594 
  0.046783 ,  -0.057590, 0.032395 
  0.040923 ,  -0.057605, 0.028597 
  0.035080 ,  -0.057518, 0.022683 
  0.029260 ,  -0.057327, 0.015346 
  0.023471 ,  -0.057029, 0.007405 
  0.017720 ,  -0.056620, -0.000302 
  0.012014 ,  -0.056095, -0.007013 
  0.006361 ,  -0.055449, -0.012140 
  0.000766 ,  -0.054677, -0.015336 
  -0.004762 ,  -0.053773, -0.016524 
  -0.010217 ,  -0.052734, -0.015905 
  -0.015592 ,  -0.051554, -0.013909 
  -0.020881 ,  -0.050230, -0.011134 
  -0.026078 ,  -0.048759, -0.008250 
  -0.031175 ,  -0.047139, -0.005898 
  -0.036167 ,  -0.045370, -0.004594 
  -0.041049 ,  -0.043453, -0.004652 
  -0.045814 ,  -0.041390, -0.006133 
  -0.050456 ,  -0.039185, -0.008834 
  -0.054971 ,  -0.036844, -0.012315 
  -0.059353 ,  -0.034374, -0.015959 
  -0.063598 ,  -0.031784, -0.019067 
  -0.067700 ,  -0.029084, -0.020961 
  -0.071656 ,  -0.026286, -0.021090 
  -0.075460 ,  -0.023406, -0.019124 
  -0.079109 ,  -0.020458, -0.015014 
  -0.082598 ,  -0.017458, -0.009019 
  -0.085926 ,  -0.014424, -0.001684 
  -0.089087 ,  -0.011376, 0.006219 
  -0.092080 ,  -0.008333, 0.013792 
  -0.094901 ,  -0.005315, 0.020128 
  -0.097548 ,  -0.002343, 0.024438 
  -0.100018 ,  0.000563, 0.026169 
  -0.102311 ,  0.003381, 0.025090 
  -0.104423 ,  0.006091, 0.021341 
  -0.106354 ,  0.008674, 0.015424 
  -0.108102 ,  0.011109, 0.008159 
  -0.109666 ,  0.013380, 0.000573 
  -0.111047 ,  0.015470, -0.006227 
  -0.112244 ,  0.017362, -0.011205 
  -0.113256 ,  0.019043, -0.013543 
  -0.114084 ,  0.020502, -0.012766 
  -0.114729 ,  0.021729, -0.008821 
  -0.115190 ,  0.022715, -0.002101 
  -0.115471 ,  0.023455, 0.006583 
  -0.115571 ,  0.023946, 0.016095 
  -0.115493 ,  0.024187, 0.025114 
  -0.115238 ,  0.024179, 0.032298 
  -0.114809 ,  0.023926, 0.036467 
  -0.114207 ,  0.023433, 0.036761 
  -0.113437 ,  0.022710, 0.032766 
  -0.112500 ,  0.021765, 0.024591 
  -0.111400 ,  0.020611, 0.012871 
  -0.110140 ,  0.019263, -0.001293 
  -0.108725 ,  0.017737, -0.016451 
  -0.107157 ,  0.016049, -0.030980 
  -0.105442 ,  0.014218, -0.043270 
  -0.103583 ,  0.012265, -0.051924 
  -0.101585 ,  0.010209, -0.055930 
  -0.099453 ,  0.008073, -0.054786 
  -0.097192 ,  0.005877, -0.048564 
  -0.094806 ,  0.003643, -0.037911 
  -0.092302 ,  0.001394, -0.023964 
  -0.089685 ,  -0.000850, -0.008226 
  -0.086961 ,  -0.003067, 0.007621 
  -0.084134 ,  -0.005238, 0.021910 
  -0.081212 ,  -0.007343, 0.033185 
  -0.078201 ,  -0.009365, 0.040365 
  -0.075106 ,  -0.011287, 0.042863 
  -0.071934 ,  -0.013093, 0.040638 
  -0.068692 ,  -0.014771, 0.034188 
  -0.065386 ,  -0.016309, 0.024466 
  -0.062022 ,  -0.017696, 0.012755 
  -0.058608 ,  -0.018925, 0.000503 
  -0.055150 ,  -0.019989, -0.010860 
  -0.051655 ,  -0.020885, -0.020088 
  -0.048129 ,  -0.021610, -0.026258 
  -0.044581 ,  -0.022162, -0.028864 
  -0.041016 ,  -0.022544, -0.027856 
  -0.037441 ,  -0.022759, -0.023617 
  -0.033864 ,  -0.022811, -0.016888 
  -0.030292 ,  -0.022706, -0.008661 
  -0.026730 ,  -0.022451, -0.000034 
  -0.023187 ,  -0.022055, 0.007929 
  -0.019669 ,  -0.021527, 0.014327 
  -0.016182 ,  -0.020878, 0.018523 
  -0.012734 ,  -0.020119, 0.020206 
  -0.009331 ,  -0.019260, 0.019403 
  -0.005979 ,  -0.018315, 0.016454 
  -0.002685 ,  -0.017295, 0.011939 
  0.000545 ,  -0.016210, 0.006589 
  0.003704 ,  -0.015075, 0.001179 
  0.006787 ,  -0.013898, -0.003572 
  0.009787 ,  -0.012691, -0.007096 
  0.012700 ,  -0.011464, -0.009031 
  0.015518 ,  -0.010226, -0.009250 
  0.018238 ,  -0.008985, -0.007864 
  0.020852 ,  -0.007748, -0.005179 
  0.023358 ,  -0.006522, -0.001646 
  0.025748 ,  -0.005311, 0.002216 
  0.028020 ,  -0.004119, 0.005885 
  0.030167 ,  -0.002950, 0.008913 
  0.032187 ,  -0.001805, 0.010966 
  0.034074 ,  -0.000684, 0.011862 
  0.035825 ,  0.000412, 0.011574 
  0.037437 ,  0.001486, 0.010219 
  0.038906 ,  0.002541, 0.008021 
  0.040228 ,  0.003578, 0.005274 
  0.041402 ,  0.004602, 0.002294 
  0.042423 ,  0.005617, -0.000625 
  0.043291 ,  0.006629, -0.003249 
  0.044002 ,  0.007642, -0.005416 
  0.044555 ,  0.008662, -0.007055 
  0.044948 ,  0.009695, -0.008171 
  0.045181 ,  0.010745, -0.008834 
  0.045251 ,  0.011818, -0.009151 
  0.045158 ,  0.012918, -0.009242 
  0.044901 ,  0.014050, -0.009216 
  0.044481 ,  0.015217, -0.009151 
  0.043897 ,  0.016422, -0.009087 
  0.043150 ,  0.017667, -0.009019 
  0.042240 ,  0.018953, -0.008912 
  0.041168 ,  0.020281, -0.008707 
  0.039935 ,  0.021648, -0.008339 
  0.038543 ,  0.023054, -0.007753 
  0.036992 ,  0.024494, -0.006917 
  0.035286 ,  0.025966, -0.005828 
  0.033426 ,  0.027462, -0.004518 
  0.031415 ,  0.028978, -0.003046 
  0.029256 ,  0.030505, -0.001492 
  0.026950 ,  0.032034, 0.000059 
  0.024502 ,  0.033558, 0.001526 
  0.021916 ,  0.035064, 0.002845 
  0.019194 ,  0.036543, 0.003979 
  0.016340 ,  0.037982, 0.004919 
  0.013359 ,  0.039370, 0.005684 
  0.010256 ,  0.040694, 0.006314 
  0.007034 ,  0.041942, 0.006864 
  0.003698 ,  0.043101, 0.007386 
  0.000254 ,  0.044159, 0.007926 
  -0.003294 ,  0.045102, 0.008511 
  -0.006940 ,  0.045919, 0.009144 
  -0.010678 ,  0.046598, 0.009804 
  -0.014504 ,  0.047128, 0.010447 
  -0.018410 ,  0.047498, 0.011014 
  -0.022392 ,  0.047701, 0.011439 
  -0.026443 ,  0.047726, 0.011657 
  -0.030557 ,  0.047567, 0.011614 
  -0.034727 ,  0.047217, 0.011272 
  -0.038947 ,  0.046672, 0.010611 
  -0.043210 ,  0.045927, 0.009631 
  -0.047510 ,  0.044982, 0.008348 
  -0.051840 ,  0.043834, 0.006788 
  -0.056194 ,  0.042485, 0.004981 
  -0.060563 ,  0.040936, 0.002955 
  -0.064943 ,  0.039192, 0.000734 
  -0.069324 ,  0.037256, -0.001662 
  -0.073701 ,  0.035136, -0.004217 
  -0.078067 ,  0.032839, -0.006909 
  -0.082414 ,  0.030373, -0.009705 
  -0.086736 ,  0.027750, -0.012550 
  -0.091025 ,  0.024980, -0.015363 
  -0.095275 ,  0.022076, -0.018029 
  -0.099478 ,  0.019051, -0.020402 
  -0.103629 ,  0.015920, -0.022310 
  -0.107719 ,  0.012696, -0.023571 
  -0.111743 ,  0.009396, -0.024006 
  -0.115693 ,  0.006036, -0.023465 
  -0.119564 ,  0.002631, -0.021847 
  -0.123349 ,  -0.000801, -0.019122 
  -0.127040 ,  -0.004243, -0.015344 
  -0.130633 ,  -0.007680, -0.010662 
  -0.134121 ,  -0.011094, -0.005316 
  -0.137498 ,  -0.014468, 0.000377 
  -0.140759 ,  -0.017788, 0.006047 
  -0.143897 ,  -0.021037, 0.011300 
  -0.146907 ,  -0.024200, 0.015761 
  -0.149784 ,  -0.027262, 0.019108 
  -0.152523 ,  -0.030210, 0.021111 
  -0.155119 ,  -0.033032, 0.021658 
  -0.157567 ,  -0.035714, 0.020772 
  -0.159862 ,  -0.038247, 0.018610 
  -0.162001 ,  -0.040619, 0.015455 
  -0.163979 ,  -0.042822, 0.011679 
  -0.165792 ,  -0.044847, 0.007712 
  -0.167437 ,  -0.046688, 0.003986 
  -0.168911 ,  -0.048339, 0.000893 
  -0.170209 ,  -0.049796, -0.001261 
  -0.171330 ,  -0.051053, -0.002294 
  -0.172270 ,  -0.052111, -0.002167 
  -0.173027 ,  -0.052965, -0.000983 
  -0.173600 ,  -0.053618, 0.001021 
  -0.173985 ,  -0.054068, 0.003508 
  -0.174183 ,  -0.054319, 0.006085 
  -0.174190 ,  -0.054373, 0.008351 
  -0.174007 ,  -0.054234, 0.009947 
  -0.173632 ,  -0.053907, 0.010603 
  -0.173064 ,  -0.053396, 0.010166 
  -0.172305 ,  -0.052710, 0.008621 
  -0.171353 ,  -0.051854, 0.006087 
  -0.170209 ,  -0.050837, 0.002799 
  -0.168873 ,  -0.049667, -0.000926 
  -0.167347 ,  -0.048353, -0.004730 
  -0.165631 ,  -0.046906, -0.008264 
  -0.163728 ,  -0.045335, -0.011228 
  -0.161638 ,  -0.043651, -0.013409 
  -0.159363 ,  -0.041865, -0.014700 
  -0.156906 ,  -0.039988, -0.015103 
  -0.154269 ,  -0.038032, -0.014724 
  -0.151456 ,  -0.036008, -0.013738 
  -0.148468 ,  -0.033928, -0.012363 
  -0.145309 ,  -0.031805, -0.010819 
  -0.141983 ,  -0.029649, -0.009289 
  -0.138493 ,  -0.027474, -0.007897 
  -0.134844 ,  -0.025290, -0.006690 
  -0.131039 ,  -0.023110, -0.005641 
  -0.127082 ,  -0.020944, -0.004661 
  -0.122980 ,  -0.018804, -0.003627 
  -0.118735 ,  -0.016701, -0.002417 
  -0.114355 ,  -0.014645, -0.000940 
  -0.109842 ,  -0.012646, 0.000830 
  -0.105204 ,  -0.010714, 0.002842 
  -0.100445 ,  -0.008857, 0.004960 
  -0.095572 ,  -0.007086, 0.006980 
  -0.090590 ,  -0.005406, 0.008655 
  -0.085506 ,  -0.003827, 0.009739 
  -0.080325 ,  -0.002354, 0.010027 
  -0.075055 ,  -0.000993, 0.009395 
  -0.069701 ,  0.000249, 0.007839 
  -0.064270 ,  0.001370, 0.005485 
  -0.058770 ,  0.002364, 0.002589 
  -0.053206 ,  0.003230, -0.000487 
  -0.047586 ,  0.003964, -0.003319 
  -0.041917 ,  0.004567, -0.005473 
  -0.036205 ,  0.005037, -0.006568 
  -0.030459 ,  0.005375, -0.006335 
  -0.024685 ,  0.005583, -0.004661 
  -0.018890 ,  0.005663, -0.001620 
  -0.013082 ,  0.005618, 0.002527 
  -0.007269 ,  0.005452, 0.007352 
  -0.001456 ,  0.005171, 0.012308 
  0.004348 ,  0.004781, 0.016791 
  0.010136 ,  0.004288, 0.020214 
  0.015901 ,  0.003700, 0.022084 
  0.021635 ,  0.003025, 0.022062 
  0.027332 ,  0.002273, 0.020013 
  0.032985 ,  0.001455, 0.016024 
  0.038585 ,  0.000579, 0.010400 
  0.044127 ,  -0.000341, 0.003626 
  0.049603 ,  -0.001294, -0.003687 
  0.055007 ,  -0.002267, -0.010872 
  0.060331 ,  -0.003248, -0.017283 
  0.065570 ,  -0.004222, -0.022369 
  0.070716 ,  -0.005176, -0.025729 
  0.075764 ,  -0.006096, -0.027150 
  0.080707 ,  -0.006967, -0.026618 
  0.085538 ,  -0.007775, -0.024309 
  0.090253 ,  -0.008506, -0.020551 
  0.094846 ,  -0.009145, -0.015777 
  0.099310 ,  -0.009677, -0.010466 
  0.103641 ,  -0.010089, -0.005083 
  0.107833 ,  -0.010368, -0.000036 
  0.111881 ,  -0.010500, 0.004361 
  0.115780 ,  -0.010472, 0.007910 
  0.119527 ,  -0.010273, 0.010518 
  0.123115 ,  -0.009892, 0.012194 
  0.126542 ,  -0.009318, 0.013010 
  0.129803 ,  -0.008542, 0.013080 
  0.132895 ,  -0.007557, 0.012528 
  0.135814 ,  -0.006355, 0.011463 
  0.138557 ,  -0.004931, 0.009973 
  0.141120 ,  -0.003280, 0.008124 
  0.143501 ,  -0.001401, 0.005967 
  0.145698 ,  0.000709, 0.003559 
  0.147709 ,  0.003048, 0.000979 
  0.149530 ,  0.005614, -0.001658 
  0.151162 ,  0.008404, -0.004191 
  0.152601 ,  0.011411, -0.006424 
  0.153847 ,  0.014627, -0.008137 
  0.154900 ,  0.018044, -0.009123 
  0.155757 ,  0.021649, -0.009215 
  0.156420 ,  0.025430, -0.008321 
  0.156887 ,  0.029371, -0.006460 
  0.157159 ,  0.033455, -0.003768 
  0.157237 ,  0.037662, -0.000505 
  0.157120 ,  0.041974, 0.002967 
  0.156811 ,  0.046366, 0.006224 
  0.156309 ,  0.050816, 0.008831 
  0.155617 ,  0.055298, 0.010398 
  0.154736 ,  0.059785, 0.010643 
  0.153668 ,  0.064249, 0.009435 
  0.152416 ,  0.068662, 0.006830 
  0.150981 ,  0.072993, 0.003072 
  0.149367 ,  0.077212, -0.001423 
  0.147576 ,  0.081288, -0.006116 
  0.145612 ,  0.085190, -0.010402 
  0.143478 ,  0.088886, -0.013694 
  0.141177 ,  0.092345, -0.015495 
  0.138714 ,  0.095535, -0.015470 
  0.136092 ,  0.098428, -0.013491 
  0.133316 ,  0.100992, -0.009665 
  0.130390 ,  0.103201, -0.004325 
  0.127320 ,  0.105028, 0.002007 
  0.124109 ,  0.106446, 0.008684 
  0.120762 ,  0.107433, 0.015005 
  0.117286 ,  0.107968, 0.020306 
  0.113685 ,  0.108031, 0.024039 
  0.109965 ,  0.107606, 0.025832 
  0.106132 ,  0.106680, 0.025530 
  0.102191 ,  0.105241, 0.023209 
  0.098148 ,  0.103282, 0.019151 
  0.094010 ,  0.100799, 0.013804 
  0.089783 ,  0.097790, 0.007713 
  0.085472 ,  0.094259, 0.001451 
  0.081085 ,  0.090209, -0.004458 
  0.076628 ,  0.085652, -0.009596 
  0.072107 ,  0.080599, -0.013694 
  0.067530 ,  0.075068, -0.016649 
  0.062902 ,  0.069078, -0.018515 
  0.058231 ,  0.062652, -0.019468 
  0.053524 ,  0.055816, -0.019761 
  0.048787 ,  0.048601, -0.019666 
  0.044027 ,  0.041039, -0.019418 
  0.039251 ,  0.033166, -0.019172 
  0.034466 ,  0.025018, -0.018975 
  0.029680 ,  0.016635, -0.018757 
  0.024898 ,  0.008061, -0.018353 
  0.020128 ,  -0.000662, -0.017535 
  0.015377 ,  -0.009489, -0.016060 
  0.010651 ,  -0.018375, -0.013724 
  0.005958 ,  -0.027272, -0.010407 
  0.001303 ,  -0.036134, -0.006115 
  -0.003306 ,  -0.044916, -0.000992 
  -0.007863 ,  -0.053570, 0.004685 
  -0.012362 ,  -0.062052, 0.010528 
  -0.016795 ,  -0.070318, 0.016088 
  -0.021157 ,  -0.078325, 0.020907 
  -0.025441 ,  -0.086035, 0.024582 
  -0.029642 ,  -0.093408, 0.026818 
  -0.033753 ,  -0.100410, 0.027468 
  -0.037769 ,  -0.107007, 0.026553 
  -0.041684 ,  -0.113171, 0.024265 
  -0.045492 ,  -0.118876, 0.020936 
  -0.049188 ,  -0.124100, 0.016997 
  -0.052767 ,  -0.128823, 0.012922 
  -0.056223 ,  -0.133031, 0.009159 
  -0.059553 ,  -0.136712, 0.006080 
  -0.062750 ,  -0.139860, 0.003926 
  -0.065811 ,  -0.142471, 0.002783 
  -0.068732 ,  -0.144547, 0.002573 
  -0.071507 ,  -0.146090, 0.003070 
  -0.074134 ,  -0.147111, 0.003938 
  -0.076608 ,  -0.147619, 0.004778 
  -0.078926 ,  -0.147631, 0.005189 
  -0.081085 ,  -0.147163, 0.004824 
  -0.083081 ,  -0.146237, 0.003440 
  -0.084912 ,  -0.144875, 0.000931 
  -0.086574 ,  -0.143103, -0.002652 
  -0.088067 ,  -0.140947, -0.007111 
  -0.089386 ,  -0.138436, -0.012121 
  -0.090531 ,  -0.135599, -0.017270 
  -0.091500 ,  -0.132467, -0.022108 
  -0.092290 ,  -0.129068, -0.026197 
  -0.092902 ,  -0.125434, -0.029162 
  -0.093333 ,  -0.121593, -0.030728 
  -0.093584 ,  -0.117575, -0.030747 
  -0.093653 ,  -0.113407, -0.029206 
  -0.093540 ,  -0.109114, -0.026223 
  -0.093245 ,  -0.104721, -0.022029 
  -0.092769 ,  -0.100249, -0.016934 
  -0.092111 ,  -0.095718, -0.011298 
  -0.091273 ,  -0.091143, -0.005488 
  -0.090255 ,  -0.086541, 0.000150 
  -0.089058 ,  -0.081920, 0.005318 
  -0.087683 ,  -0.077291, 0.009788 
  -0.086133 ,  -0.072657, 0.013405 
  -0.084409 ,  -0.068021, 0.016089 
  -0.082513 ,  -0.063382, 0.017832 
  -0.080447 ,  -0.058738, 0.018679 
  -0.078214 ,  -0.054081, 0.018723 
  -0.075816 ,  -0.049404, 0.018084 
  -0.073256 ,  -0.044695, 0.016900 
  -0.070538 ,  -0.039943, 0.015319 
  -0.067664 ,  -0.035133, 0.013488 
  -0.064638 ,  -0.030250, 0.011553 
  -0.061464 ,  -0.025278, 0.009649 
  -0.058145 ,  -0.020200, 0.007901 
  -0.054686 ,  -0.015000, 0.006416 
  -0.051090 ,  -0.009661, 0.005277 
  -0.047363 ,  -0.004168, 0.004541 
  -0.043508 ,  0.001494, 0.004227 
  -0.039531 ,  0.007337, 0.004315 
  -0.035436 ,  0.013372, 0.004740 
  -0.031228 ,  0.019607, 0.005394 
  -0.026912 ,  0.026048, 0.006134 
  -0.022494 ,  0.032697, 0.006792 
  -0.017978 ,  0.039554, 0.007187 
  -0.013371 ,  0.046612, 0.007150 
  -0.008678 ,  0.053866, 0.006538 
  -0.003905 ,  0.061301, 0.005256 
  0.000943 ,  0.068902, 0.003271 
  0.005859 ,  0.076649, 0.000623 
  0.010838 ,  0.084517, -0.002579 
  0.015873 ,  0.092477, -0.006156 
  0.020959 ,  0.100497, -0.009878 
  0.026089 ,  0.108542, -0.013487 
  0.031257 ,  0.116570, -0.016718 
  0.036457 ,  0.124541, -0.019328 
  0.041682 ,  0.132408, -0.021123 
  0.046927 ,  0.140123, -0.021975 
  0.052184 ,  0.147636, -0.021836 
  0.057447 ,  0.154896, -0.020742 
  0.062711 ,  0.161849, -0.018808 
  0.067968 ,  0.168444, -0.016209 
  0.073212 ,  0.174627, -0.013166 
  0.078438 ,  0.180345, -0.009911 
  0.083638 ,  0.185547, -0.006668 
  0.088806 ,  0.190184, -0.003625 
  0.093936 ,  0.194208, -0.000919 
  0.099022 ,  0.197575, 0.001381 
  0.104058 ,  0.200245, 0.003267 
  0.109037 ,  0.202179, 0.004792 
  0.113954 ,  0.203346, 0.006048 
  0.118802 ,  0.203718, 0.007150 
  0.123577 ,  0.203272, 0.008212 
  0.128271 ,  0.201991, 0.009320 
  0.132879 ,  0.199863, 0.010522 
  0.137396 ,  0.196885, 0.011809 
  0.141816 ,  0.193055, 0.013120 
  0.146134 ,  0.188382, 0.014344 
  0.150345 ,  0.182879, 0.015339 
  0.154443 ,  0.176566, 0.015951 
  0.158423 ,  0.169469, 0.016036 
  0.162281 ,  0.161619, 0.015492 
  0.166011 ,  0.153054, 0.014270 
  0.169610 ,  0.143817, 0.012392 
  0.173073 ,  0.133956, 0.009952 
  0.176394 ,  0.123523, 0.007110 
  0.179572 ,  0.112576, 0.004076 
  0.182600 ,  0.101174, 0.001083 
  0.185476 ,  0.089380, -0.001638 
  0.188196 ,  0.077262, -0.003887 
  0.190757 ,  0.064886, -0.005526 
  0.193154 ,  0.052321, -0.006491 
  0.195386 ,  0.039638, -0.006802 
  0.197448 ,  0.026905, -0.006561 
  0.199339 ,  0.014193, -0.005936 
  0.201056 ,  0.001567, -0.005138 
  0.202596 ,  -0.010904, -0.004389 
  0.203958 ,  -0.023160, -0.003888 
  0.205138 ,  -0.035138, -0.003787 
  0.206137 ,  -0.046782, -0.004160 
  0.206951 ,  -0.058040, -0.004999 
  0.207579 ,  -0.068862, -0.006207 
  0.208021 ,  -0.079205, -0.007617 
  0.208275 ,  -0.089030, -0.009011 
  0.208340 ,  -0.098303, -0.010157 
  0.208216 ,  -0.106995, -0.010841 
  0.207903 ,  -0.115085, -0.010903 
  0.207399 ,  -0.122555, -0.010260 
  0.206706 ,  -0.129392, -0.008926 
  0.205824 ,  -0.135590, -0.007009 
  0.204752 ,  -0.141149, -0.004700 
  0.203491 ,  -0.146071, -0.002249 
  0.202042 ,  -0.150365, 0.000077 
  0.200406 ,  -0.154044, 0.002025 
  0.198585 ,  -0.157124, 0.003402 
  0.196579 ,  -0.159627, 0.004101 
  0.194390 ,  -0.161575, 0.004122 
  0.192020 ,  -0.162996, 0.003576 
  0.189470 ,  -0.163917, 0.002670 
  0.186743 ,  -0.164369, 0.001676 
  0.183841 ,  -0.164384, 0.000894 
  0.180766 ,  -0.163993, 0.000605 
  0.177521 ,  -0.163230, 0.001022 
  0.174109 ,  -0.162127, 0.002255 
  0.170532 ,  -0.160714, 0.004284 
  0.166794 ,  -0.159024, 0.006952 
  0.162898 ,  -0.157084, 0.009978 
  0.158847 ,  -0.154921, 0.012987 
  0.154645 ,  -0.152562, 0.015558 
  0.150295 ,  -0.150027, 0.017279 
  0.145802 ,  -0.147338, 0.017803 
  0.141169 ,  -0.144511, 0.016899 
  0.136400 ,  -0.141560, 0.014491 
  0.131500 ,  -0.138496, 0.010677 
  0.126473 ,  -0.135328, 0.005722 
  0.121323 ,  -0.132060, 0.000035 
  0.116055 ,  -0.128696, -0.005873 
  0.110674 ,  -0.125236, -0.011453 
  0.105184 ,  -0.121676, -0.016178 
  0.099590 ,  -0.118012, -0.019604 
  0.093897 ,  -0.114238, -0.021426 
  0.088111 ,  -0.110345, -0.021507 
  0.082236 ,  -0.106324, -0.019894 
  0.076277 ,  -0.102165, -0.016807 
  0.070241 ,  -0.097858, -0.012607 
  0.064131 ,  -0.093390, -0.007750 
  0.057955 ,  -0.088753, -0.002729 
  0.051716 ,  -0.083936, 0.001986 
  0.045421 ,  -0.078930, 0.006000 
  0.039075 ,  -0.073729, 0.009035 
  0.032683 ,  -0.068326, 0.010953 
  0.026252 ,  -0.062718, 0.011754 
  0.019787 ,  -0.056904, 0.011567 
  0.013294 ,  -0.050885, 0.010611 
  0.006777 ,  -0.044665, 0.009157 
  0.000244 ,  -0.038252, 0.007480 
  -0.006301 ,  -0.031655, 0.005820 
  -0.012851 ,  -0.024888, 0.004344 
  -0.019401 ,  -0.017965, 0.003136 
  -0.025945 ,  -0.010906, 0.002188 
  -0.032479 ,  -0.003733, 0.001418 
  -0.038995 ,  0.003530, 0.000696 
  -0.045488 ,  0.010857, -0.000122 
  -0.051954 ,  0.018217, -0.001161 
  -0.058385 ,  0.025581, -0.002493 
  -0.064778 ,  0.032916, -0.004117 
  -0.071126 ,  0.040188, -0.005950 
  -0.077424 ,  0.047362, -0.007838 
  -0.083667 ,  0.054404, -0.009573 
  -0.089849 ,  0.061278, -0.010928 
  -0.095966 ,  0.067951, -0.011689 
  -0.102011 ,  0.074387, -0.011694 
  -0.107981 ,  0.080556, -0.010862 
  -0.113870 ,  0.086426, -0.009210 
  -0.119674 ,  0.091968, -0.006859 
  -0.125387 ,  0.097156, -0.004016 
  -0.131004 ,  0.101966, -0.000955 
  -0.136523 ,  0.106379, 0.002022 
  -0.141937 ,  0.110377, 0.004628 
  -0.147242 ,  0.113947, 0.006624 
  -0.152435 ,  0.117078, 0.007861 
  -0.157512 ,  0.119765, 0.008292 
  -0.162467 ,  0.122006, 0.007979 
  -0.167297 ,  0.123803, 0.007086 
  -0.171999 ,  0.125161, 0.005850 
  -0.176569 ,  0.126090, 0.004546 
  -0.181004 ,  0.126603, 0.003445 
  -0.185299 ,  0.126717, 0.002775 
  -0.189452 ,  0.126452, 0.002684 
  -0.193460 ,  0.125829, 0.003220 
  -0.197320 ,  0.124874, 0.004319 
  -0.201028 ,  0.123615, 0.005817 
  -0.204583 ,  0.122080, 0.007472 
  -0.207982 ,  0.120300, 0.008996 
  -0.211222 ,  0.118307, 0.010096 
  -0.214302 ,  0.116130, 0.010517 
  -0.217219 ,  0.113803, 0.010074 
  -0.219971 ,  0.111357, 0.008683 
  -0.222557 ,  0.108821, 0.006370 
  -0.224976 ,  0.106224, 0.003273 
  -0.227225 ,  0.103593, -0.000381 
  -0.229303 ,  0.100954, -0.004295 
  -0.231210 ,  0.098327, -0.008143 
  -0.232944 ,  0.095734, -0.011606 
  -0.234506 ,  0.093189, -0.014406 
  -0.235893 ,  0.090705, -0.016335 
  -0.237106 ,  0.088293, -0.017272 
  -0.238145 ,  0.085957, -0.017188 
  -0.239009 ,  0.083700, -0.016146 
  -0.239699 ,  0.081521, -0.014279 
  -0.240214 ,  0.079414, -0.011773 
  -0.240556 ,  0.077370, -0.008840 
  -0.240724 ,  0.075378, -0.005698 
  -0.240720 ,  0.073422, -0.002545 
  -0.240544 ,  0.071486, 0.000451 
  -0.240197 ,  0.069548, 0.003161 
  -0.239681 ,  0.067587, 0.005494 
  -0.238996 ,  0.065578, 0.007390 
  -0.238145 ,  0.063496, 0.008818 
  -0.237129 ,  0.061316, 0.009761 
  -0.235950 ,  0.059010, 0.010211 
  -0.234609 ,  0.056553, 0.010169 
  -0.233110 ,  0.053920, 0.009639 
  -0.231453 ,  0.051087, 0.008640 
  -0.229642 ,  0.048029, 0.007204 
  -0.227679 ,  0.044729, 0.005391 
  -0.225566 ,  0.041166, 0.003291 
  -0.223307 ,  0.037327, 0.001023 
  -0.220904 ,  0.033199, -0.001262 
  -0.218361 ,  0.028775, -0.003397 
  -0.215680 ,  0.024050, -0.005213 
  -0.212865 ,  0.019025, -0.006554 
  -0.209919 ,  0.013703, -0.007296 
  -0.206846 ,  0.008093, -0.007370 
  -0.203649 ,  0.002207, -0.006767 
  -0.200332 ,  -0.003937, -0.005545 
  -0.196899 ,  -0.010317, -0.003827 
  -0.193353 ,  -0.016909, -0.001784 
  -0.189700 ,  -0.023683, 0.000382 
  -0.185942 ,  -0.030605, 0.002462 
  -0.182085 ,  -0.037640, 0.004270 
  -0.178131 ,  -0.044749, 0.005664 
  -0.174087 ,  -0.051890, 0.006563 
  -0.169955 ,  -0.059020, 0.006953 
  -0.165741 ,  -0.066093, 0.006889 
  -0.161449 ,  -0.073063, 0.006479 
  -0.157084 ,  -0.079885, 0.005868 
  -0.152650 ,  -0.086511, 0.005204 
  -0.148152 ,  -0.092897, 0.004619 
  -0.143594 ,  -0.098998, 0.004201 
  -0.138983 ,  -0.104771, 0.003979 
  -0.134321 ,  -0.110176, 0.003917 
  -0.129615 ,  -0.115177, 0.003919 
  -0.124868 ,  -0.119738, 0.003846 
  -0.120086 ,  -0.123830, 0.003540 
  -0.115274 ,  -0.127426, 0.002854 
  -0.110437 ,  -0.130505, 0.001682 
  -0.105579 ,  -0.133049, -0.000019 
  -0.100706 ,  -0.135046, -0.002209 
  -0.095822 ,  -0.136490, -0.004766 
  -0.090931 ,  -0.137377, -0.007495 
  -0.086040 ,  -0.137711, -0.010151 
  -0.081153 ,  -0.137500, -0.012467 
  -0.076274 ,  -0.136757, -0.014198 
  -0.071408 ,  -0.135500, -0.015147 
  -0.066560 ,  -0.133752, -0.015204 
  -0.061735 ,  -0.131538, -0.014356 
  -0.056937 ,  -0.128890, -0.012691 
  -0.052171 ,  -0.125841, -0.010392 
  -0.047442 ,  -0.122428, -0.007702 
  -0.042753 ,  -0.118690, -0.004897 
  -0.038109 ,  -0.114668, -0.002238 
  -0.033515 ,  -0.110405, 0.000061 
  -0.028975 ,  -0.105945, 0.001872 
  -0.024492 ,  -0.101330, 0.003161 
  -0.020071 ,  -0.096604, 0.003995 
  -0.015716 ,  -0.091810, 0.004523 
  -0.011431 ,  -0.086989, 0.004949 
  -0.007219 ,  -0.082178, 0.005484 
  -0.003084 ,  -0.077415, 0.006309 
  0.000970 ,  -0.072734, 0.007527 
  0.004940 ,  -0.068164, 0.009142 
  0.008823 ,  -0.063732, 0.011038 
  0.012615 ,  -0.059460, 0.012994 
  0.016313 ,  -0.055367, 0.014708 
  0.019915 ,  -0.051465, 0.015839 
  0.023417 ,  -0.047766, 0.016069 
  0.026817 ,  -0.044272, 0.015153 
  0.030112 ,  -0.040984, 0.012976 
  0.033300 ,  -0.037897, 0.009582 
  0.036379 ,  -0.035003, 0.005190 
  0.039346 ,  -0.032288, 0.000181 
  0.042199 ,  -0.029735, -0.004943 
  0.044937 ,  -0.027324, -0.009620 
  0.047558 ,  -0.025031, -0.013302 
  0.050060 ,  -0.022830, -0.015531 
  0.052442 ,  -0.020692, -0.016012 
  0.054703 ,  -0.018587, -0.014663 
  0.056841 ,  -0.016482, -0.011640 
  0.058856 ,  -0.014347, -0.007325 
  0.060747 ,  -0.012148, -0.002286 
  0.062513 ,  -0.009854, 0.002791 
  0.064153 ,  -0.007433, 0.007196 
  0.065669 ,  -0.004857, 0.010287 
  0.067058 ,  -0.002097, 0.011586 
  0.068322 ,  0.000870, 0.010846 
  0.069461 ,  0.004067, 0.008098 
  0.070474 ,  0.007512, 0.003648 
  0.071363 ,  0.011219, -0.001951 
  0.072127 ,  0.015198, -0.007974 
  0.072769 ,  0.019456, -0.013616 
  0.073288 ,  0.023994, -0.018101 
  0.073686 ,  0.028808, -0.020793 
  0.073964 ,  0.033890, -0.021279 
  0.074123 ,  0.039228, -0.019432 
  0.074166 ,  0.044803, -0.015431 
  0.074093 ,  0.050594, -0.009740 
  0.073907 ,  0.056574, -0.003043 
  0.073610 ,  0.062712, 0.003846 
  0.073203 ,  0.068974, 0.010097 
  0.072690 ,  0.075322, 0.014972 
  0.072071 ,  0.081714, 0.017930 
  0.071351 ,  0.088108, 0.018696 
  0.070531 ,  0.094458, 0.017296 
  0.069614 ,  0.100717, 0.014044 
  0.068603 ,  0.106837, 0.009496 
  0.067502 ,  0.112769, 0.004362 
  0.066313 ,  0.118465, -0.000596 
  0.065039 ,  0.123878, -0.004679 
  0.063685 ,  0.128962, -0.007347 
  0.062252 ,  0.133673, -0.008296 
  0.060745 ,  0.137967, -0.007495 
  0.059168 ,  0.141807, -0.005182 
  0.057523 ,  0.145156, -0.001822 
  0.055815 ,  0.147983, 0.001972 
  0.054048 ,  0.150259, 0.005535 
  0.052225 ,  0.151962, 0.008258 
  0.050351 ,  0.153071, 0.009682 
  0.048429 ,  0.153574, 0.009564 
  0.046464 ,  0.153461, 0.007919 
  0.044459 ,  0.152728, 0.005009 
  0.042420 ,  0.151377, 0.001304 
  0.040349 ,  0.149413, -0.002600 
  0.038252 ,  0.146848, -0.006068 
  0.036132 ,  0.143697, -0.008535 
  0.033993 ,  0.139981, -0.009592 
  0.031841 ,  0.135725, -0.009051 
  0.029680 ,  0.130956, -0.006976 
  0.027513 ,  0.125708, -0.003675 
  0.025344 ,  0.120015, 0.000351 
  0.023180 ,  0.113914, 0.004479 
  0.021022 ,  0.107446, 0.008068 
  0.018876 ,  0.100654, 0.010551 
  0.016747 ,  0.093578, 0.011525 
  0.014637 ,  0.086265, 0.010816 
  0.012552 ,  0.078757, 0.008499 
  0.010495 ,  0.071098, 0.004889 
  0.008470 ,  0.063331, 0.000493 
  0.006482 ,  0.055500, -0.004072 
  0.004534 ,  0.047643, -0.008173 
  0.002631 ,  0.039799, -0.011258 
  0.000775 ,  0.032006, -0.012938 
  -0.001029 ,  0.024295, -0.013046 
  -0.002777 ,  0.016699, -0.011660 
  -0.004467 ,  0.009245, -0.009084 
  -0.006094 ,  0.001958, -0.005796 
  -0.007656 ,  -0.005141, -0.002371 
  -0.009149 ,  -0.012033, 0.000611 
  -0.010570 ,  -0.018705, 0.002664 
  -0.011916 ,  -0.025144, 0.003468 
  -0.013183 ,  -0.031342, 0.002925 
  -0.014370 ,  -0.037293, 0.001169 
  -0.015474 ,  -0.042997, -0.001453 
  -0.016491 ,  -0.048451, -0.004438 
  -0.017420 ,  -0.053660, -0.007206 
  -0.018258 ,  -0.058627, -0.009200 
  -0.019004 ,  -0.063359, -0.009968 
  -0.019655 ,  -0.067863, -0.009244 
  -0.020209 ,  -0.072148, -0.006987 
  -0.020664 ,  -0.076224, -0.003396 
  -0.021020 ,  -0.080100, 0.001123 
  -0.021274 ,  -0.083787, 0.006012 
  -0.021425 ,  -0.087293, 0.010650 
  -0.021473 ,  -0.090628, 0.014444 
  -0.021416 ,  -0.093800, 0.016919 
  -0.021254 ,  -0.096815, 0.017787 
  -0.020986 ,  -0.099679, 0.016991 
  -0.020611 ,  -0.102396, 0.014709 
  -0.020129 ,  -0.104968, 0.011325 
  -0.019540 ,  -0.107395, 0.007367 
  -0.018844 ,  -0.109675, 0.003422 
  -0.018041 ,  -0.111804, 0.000049 
  -0.017132 ,  -0.113778, -0.002310 
  -0.016117 ,  -0.115589, -0.003396 
  -0.014997 ,  -0.117226, -0.003169 
  -0.013772 ,  -0.118679, -0.001808 
  -0.012443 ,  -0.119937, 0.000318 
  -0.011012 ,  -0.120984, 0.002713 
  -0.009480 ,  -0.121807, 0.004836 
  -0.007849 ,  -0.122389, 0.006187 
  -0.006119 ,  -0.122716, 0.006389 
  -0.004293 ,  -0.122771, 0.005247 
  -0.002373 ,  -0.122539, 0.002778 
  -0.000360 ,  -0.122004, -0.000786 
  0.001743 ,  -0.121152, -0.005036 
  0.003934 ,  -0.119970, -0.009448 
  0.006210 ,  -0.118448, -0.013460 
  0.008569 ,  -0.116574, -0.016557 
  0.011009 ,  -0.114343, -0.018344 
  0.013525 ,  -0.111748, -0.018607 
  0.016116 ,  -0.108788, -0.017335 
  0.018778 ,  -0.105463, -0.014722 
  0.021508 ,  -0.101776, -0.011131 
  0.024303 ,  -0.097734, -0.007039 
  0.027159 ,  -0.093348, -0.002962 
  0.030073 ,  -0.088629, 0.000620 
  0.033041 ,  -0.083595, 0.003331 
  0.036060 ,  -0.078264, 0.004948 
  0.039126 ,  -0.072658, 0.005423 
  0.042235 ,  -0.066804, 0.004887 
  0.045383 ,  -0.060728, 0.003611 
  0.048566 ,  -0.054461, 0.001962 
  0.051780 ,  -0.048036, 0.000336 
  0.055022 ,  -0.041486, -0.000903 
  0.058286 ,  -0.034848, -0.001478 
  0.061569 ,  -0.028157, -0.001240 
  0.064866 ,  -0.021452, -0.000184 
  0.068174 ,  -0.014770, 0.001558 
  0.071488 ,  -0.008150, 0.003748 
  0.074803 ,  -0.001627, 0.006082 
  0.078116 ,  0.004761, 0.008246 
  0.081422 ,  0.010979, 0.009963 
  0.084717 ,  0.016995, 0.011041 
  0.087996 ,  0.022776, 0.011389 
  0.091256 ,  0.028296, 0.011032 
  0.094492 ,  0.033526, 0.010094 
  0.097700 ,  0.038445, 0.008769 
  0.100875 ,  0.043033, 0.007284 
  0.104013 ,  0.047273, 0.005853 
  0.107111 ,  0.051153, 0.004642 
  0.110164 ,  0.054663, 0.003740 
  0.113169 ,  0.057799, 0.003150 
  0.116120 ,  0.060560, 0.002793 
  0.119016 ,  0.062946, 0.002526 
  0.121850 ,  0.064966, 0.002180 
  0.124621 ,  0.066627, 0.001591 
  0.127323 ,  0.067942, 0.000637 
  0.129955 ,  0.068929, -0.000734 
  0.132511 ,  0.069604, -0.002494 
  0.134989 ,  0.069990, -0.004532 
  0.137386 ,  0.070109, -0.006676 
  0.139698 ,  0.069987, -0.008720 
  0.141923 ,  0.069651, -0.010459 
  0.144057 ,  0.069128, -0.011726 
  0.146097 ,  0.068446, -0.012421 
  0.148041 ,  0.067634, -0.012529 
  0.149887 ,  0.066721, -0.012121 
  0.151632 ,  0.065733, -0.011340 
  0.153273 ,  0.064699, -0.010374 
  0.154808 ,  0.063642, -0.009419 
  0.156237 ,  0.062587, -0.008639 
  0.157555 ,  0.061556, -0.008129 
  0.158763 ,  0.060568, -0.007895 
  0.159858 ,  0.059639, -0.007842 
  0.160839 ,  0.058784, -0.007786 
  0.161704 ,  0.058015, -0.007482 
  0.162453 ,  0.057339, -0.006665 
  0.163085 ,  0.056761, -0.005097 
  0.163598 ,  0.056284, -0.002622 
  0.163992 ,  0.055906, 0.000801 
  0.164267 ,  0.055623, 0.005066 
  0.164422 ,  0.055429, 0.009919 
  0.164458 ,  0.055314, 0.014974 
  0.164373 ,  0.055265, 0.019753 
  0.164169 ,  0.055269, 0.023740 
  0.163845 ,  0.055308, 0.026449 
  0.163402 ,  0.055365, 0.027485 
  0.162841 ,  0.055421, 0.026606 
  0.162162 ,  0.055454, 0.023762 
  0.161366 ,  0.055444, 0.019113 
  0.160455 ,  0.055370, 0.013023 
  0.159429 ,  0.055210, 0.006022 
  0.158290 ,  0.054944, -0.001243 
  0.157039 ,  0.054551, -0.008082 
  0.155679 ,  0.054015, -0.013836 
  0.154210 ,  0.053316, -0.017954 
  0.152634 ,  0.052441, -0.020052 
  0.150955 ,  0.051375, -0.019958 
  0.149173 ,  0.050110, -0.017731 
  0.147291 ,  0.048636, -0.013656 
  0.145312 ,  0.046948, -0.008211 
  0.143238 ,  0.045045, -0.002018 
  0.141072 ,  0.042926, 0.004222 
  0.138815 ,  0.040595, 0.009804 
  0.136472 ,  0.038059, 0.014086 
  0.134045 ,  0.035329, 0.016555 
  0.131538 ,  0.032415, 0.016876 
  0.128952 ,  0.029334, 0.014920 
  0.126292 ,  0.026104, 0.010781 
  0.123560 ,  0.022744, 0.004759 
  0.120760 ,  0.019277, -0.002661 
  0.117896 ,  0.015726, -0.010852 
  0.114970 ,  0.012118, -0.019101 
  0.111987 ,  0.008478, -0.026664 
  0.108949 ,  0.004834, -0.032832 
  0.105860 ,  0.001213, -0.036984 
  0.102725 ,  -0.002356, -0.038640 
  0.099546 ,  -0.005847, -0.037506 
  0.096328 ,  -0.009232, -0.033497 
  0.093073 ,  -0.012487, -0.026756 
  0.089786 ,  -0.015588, -0.017647 
  0.086470 ,  -0.018512, -0.006737 
  0.083129 ,  -0.021239, 0.005238 
  0.079767 ,  -0.023752, 0.017428 
  0.076388 ,  -0.026035, 0.028933 
  0.072994 ,  -0.028076, 0.038868 
  0.069590 ,  -0.029866, 0.046445 
  0.066179 ,  -0.031399, 0.051035 
  0.062765 ,  -0.032672, 0.052237 
  0.059351 ,  -0.033685, 0.049912 
  0.055941 ,  -0.034441, 0.044212 
  0.052539 ,  -0.034947, 0.035572 
  0.049146 ,  -0.035214, 0.024681 
  0.045768 ,  -0.035252, 0.012422 
  0.042407 ,  -0.035079, -0.000199 
  0.039065 ,  -0.034711, -0.012151 
  0.035748 ,  -0.034169, -0.022471 
  0.032456 ,  -0.033475, -0.030361 
  0.029193 ,  -0.032653, -0.035261 
  0.025963 ,  -0.031728, -0.036907 
  0.022767 ,  -0.030725, -0.035358 
  0.019609 ,  -0.029672, -0.030982 
  0.016490 ,  -0.028595, -0.024417 
  0.013413 ,  -0.027522, -0.016501 
  0.010381 ,  -0.026477, -0.008179 
  0.007396 ,  -0.025488, -0.000394 
  0.004459 ,  -0.024577, 0.006009 
  0.001573 ,  -0.023767, 0.010381 
  -0.001261 ,  -0.023079, 0.012339 
  -0.004040 ,  -0.022532, 0.011800 
  -0.006764 ,  -0.022141, 0.008991 
  -0.009430 ,  -0.021920, 0.004412 
  -0.012038 ,  -0.021880, -0.001223 
  -0.014587 ,  -0.022029, -0.007078 
  -0.017075 ,  -0.022371, -0.012295 
  -0.019501 ,  -0.022908, -0.016098 
  -0.021865 ,  -0.023639, -0.017890 
  -0.024165 ,  -0.024559, -0.017322 
  -0.026403 ,  -0.025661, -0.014338 
  -0.028576 ,  -0.026936, -0.009182 
  -0.030685 ,  -0.028369, -0.002370 
  -0.032730 ,  -0.029946, 0.005367 
  -0.034711 ,  -0.031650, 0.013175 
  -0.036627 ,  -0.033460, 0.020172 
  -0.038480 ,  -0.035356, 0.025554 
  -0.040269 ,  -0.037314, 0.028692 
  -0.041996 ,  -0.039311, 0.029204 
  -0.043660 ,  -0.041322, 0.027005 
  -0.045263 ,  -0.043322, 0.022315 
  -0.046805 ,  -0.045286, 0.015636 
  -0.048288 ,  -0.047189, 0.007691 
  -0.049712 ,  -0.049007, -0.000652 
  -0.051079 ,  -0.050717, -0.008493 
  -0.052390 ,  -0.052295, -0.014993 
  -0.053647 ,  -0.053722, -0.019483 
  -0.054851 ,  -0.054979, -0.021533 
  -0.056003 ,  -0.056048, -0.021010 
  -0.057106 ,  -0.056914, -0.018084 
  -0.058161 ,  -0.057565, -0.013213 
  -0.059171 ,  -0.057991, -0.007080 
  -0.060136 ,  -0.058184, -0.000511 
  -0.061060 ,  -0.058139, 0.005628 
  -0.061943 ,  -0.057854, 0.010541 
  -0.062790 ,  -0.057328, 0.013599 
  -0.063600 ,  -0.056565, 0.014420 
  -0.064378 ,  -0.055570, 0.012920 
  -0.065125 ,  -0.054349, 0.009322 
  -0.065843 ,  -0.052913, 0.004128 
  -0.066535 ,  -0.051273, -0.001943 
  -0.067203 ,  -0.049441, -0.008048 
  -0.067850 ,  -0.047433, -0.013332 
  -0.068479 ,  -0.045263, -0.017038 
  -0.069090 ,  -0.042950, -0.018610 
  -0.069688 ,  -0.040510, -0.017772 
  -0.070275 ,  -0.037960, -0.014565 
  -0.070852 ,  -0.035320, -0.009353 
  -0.071423 ,  -0.032606, -0.002778 
  -0.071990 ,  -0.029836, 0.004318 
  -0.072556 ,  -0.027026, 0.011003 
  -0.073121 ,  -0.024193, 0.016372 
  -0.073690 ,  -0.021349, 0.019675 
  -0.074264 ,  -0.018510, 0.020413 
  -0.074846 ,  -0.015685, 0.018415 
  -0.075437 ,  -0.012886, 0.013865 
  -0.076040 ,  -0.010120, 0.007289 
  -0.076658 ,  -0.007395, -0.000510 
  -0.077291 ,  -0.004713, -0.008547 
  -0.077942 ,  -0.002079, -0.015784 
  -0.078612 ,  0.000507, -0.021261 
  -0.079305 ,  0.003046, -0.024223 
  -0.080020 ,  0.005540, -0.024222 
  -0.080760 ,  0.007993, -0.021175 
  -0.081526 ,  0.010411, -0.015384 
  -0.082320 ,  0.012801, -0.007498 
  -0.083143 ,  0.015170, 0.001570 
  -0.083997 ,  0.017526, 0.010752 
  -0.084881 ,  0.019879, 0.018968 
  -0.085797 ,  0.022238, 0.025259 
  -0.086747 ,  0.024611, 0.028908 
  -0.087730 ,  0.027009, 0.029535 
  -0.088748 ,  0.029439, 0.027133 
  -0.089800 ,  0.031910, 0.022069 
  -0.090887 ,  0.034428, 0.015031 
  -0.092010 ,  0.036999, 0.006926 
  -0.093168 ,  0.039627, -0.001236 
  -0.094361 ,  0.042314, -0.008480 
  -0.095590 ,  0.045061, -0.013992 
  -0.096853 ,  0.047868, -0.017222 
  -0.098151 ,  0.050730, -0.017952 
  -0.099483 ,  0.053643, -0.016309 
  -0.100847 ,  0.056599, -0.012740 
  -0.102244 ,  0.059589, -0.007940 
  -0.103672 ,  0.062600, -0.002750 
  -0.105130 ,  0.065619, 0.001970 
  -0.106617 ,  0.068630, 0.005457 
  -0.108131 ,  0.071615, 0.007153 
  -0.109672 ,  0.074556, 0.006777 
  -0.111236 ,  0.077431, 0.004359 
  -0.112823 ,  0.080218, 0.000234 
  -0.114430 ,  0.082895, -0.005016 
  -0.116056 ,  0.085438, -0.010642 
  -0.117698 ,  0.087823, -0.015834 
  -0.119355 ,  0.090024, -0.019835 
  -0.121023 ,  0.092019, -0.022039 
  -0.122700 ,  0.093783, -0.022068 
  -0.124384 ,  0.095294, -0.019821 
  -0.126072 ,  0.096529, -0.015476 
  -0.127762 ,  0.097468, -0.009462 
  -0.129449 ,  0.098093, -0.002393 
  -0.131132 ,  0.098387, 0.005011 
  -0.132808 ,  0.098336, 0.012022 
  -0.134473 ,  0.097926, 0.017993 
  -0.136124 ,  0.097149, 0.022427 
  -0.137758 ,  0.095998, 0.025031 
  -0.139371 ,  0.094469, 0.025730 
  -0.140961 ,  0.092561, 0.024658 
  -0.142523 ,  0.090277, 0.022117 
  -0.144055 ,  0.087623, 0.018524 
  -0.145553 ,  0.084606, 0.014340 
  -0.147013 ,  0.081238, 0.010010 
  -0.148432 ,  0.077534, 0.005905 
  -0.149807 ,  0.073511, 0.002286 
  -0.151133 ,  0.069189, -0.000712 
  -0.152408 ,  0.064591, -0.003069 
  -0.153627 ,  0.059740, -0.004865 
  -0.154787 ,  0.054665, -0.006232 
  -0.155886 ,  0.049392, -0.007324 
  -0.156918 ,  0.043952, -0.008269 
  -0.157882 ,  0.038376, -0.009143 
  -0.158772 ,  0.032694, -0.009959 
  -0.159587 ,  0.026940, -0.010662 
  -0.160323 ,  0.021144, -0.011151 
  -0.160975 ,  0.015339, -0.011301 
  -0.161543 ,  0.009556, -0.011002 
  -0.162021 ,  0.003825, -0.010185 
  -0.162408 ,  -0.001824, -0.008849 
  -0.162700 ,  -0.007365, -0.007072 
  -0.162894 ,  -0.012770, -0.005011 
  -0.162989 ,  -0.018018, -0.002878 
  -0.162980 ,  -0.023085, -0.000916 
  -0.162866 ,  -0.027952, 0.000647 
  -0.162644 ,  -0.032603, 0.001629 
  -0.162312 ,  -0.037023, 0.001938 
  -0.161868 ,  -0.041202, 0.001584 
  -0.161309 ,  -0.045130, 0.000695 
  -0.160635 ,  -0.048801, -0.000502 
  -0.159843 ,  -0.052212, -0.001705 
  -0.158931 ,  -0.055363, -0.002584 
  -0.157899 ,  -0.058255, -0.002827 
  -0.156745 ,  -0.060892, -0.002197 
  -0.155468 ,  -0.063281, -0.000573 
  -0.154067 ,  -0.065430, 0.002022 
  -0.152542 ,  -0.067349, 0.005403 
  -0.150891 ,  -0.069051, 0.009241 
  -0.149115 ,  -0.070549, 0.013091 
  -0.147213 ,  -0.071855, 0.016446 
  -0.145185 ,  -0.072986, 0.018798 
  -0.143032 ,  -0.073957, 0.019707 
  -0.140754 ,  -0.074783, 0.018865 
  -0.138351 ,  -0.075480, 0.016145 
  -0.135824 ,  -0.076062, 0.011631 
  -0.133174 ,  -0.076545, 0.005624 
  -0.130402 ,  -0.076942, -0.001378 
  -0.127510 ,  -0.077266, -0.008729 
  -0.124499 ,  -0.077528, -0.015701 
  -0.121371 ,  -0.077739, -0.021565 
  -0.118128 ,  -0.077906, -0.025671 
  -0.114771 ,  -0.078037, -0.027532 
  -0.111303 ,  -0.078136, -0.026877 
  -0.107727 ,  -0.078206, -0.023699 
  -0.104045 ,  -0.078250, -0.018255 
  -0.100260 ,  -0.078267, -0.011052 
  -0.096375 ,  -0.078254, -0.002792 
  -0.092394 ,  -0.078207, 0.005699 
  -0.088319 ,  -0.078121, 0.013563 
  -0.084155 ,  -0.077990, 0.020004 
  -0.079904 ,  -0.077804, 0.024375 
  -0.075571 ,  -0.077555, 0.026256 
  -0.071161 ,  -0.077232, 0.025498 
  -0.066676 ,  -0.076824, 0.022241 
  -0.062122 ,  -0.076321, 0.016897 
  -0.057502 ,  -0.075709, 0.010105 
  -0.052822 ,  -0.074978, 0.002648 
  -0.048087 ,  -0.074116, -0.004631 
  -0.043300 ,  -0.073113, -0.010936 
  -0.038468 ,  -0.071957, -0.015607 
  -0.033595 ,  -0.070640, -0.018198 
  -0.028687 ,  -0.069154, -0.018528 
  -0.023748 ,  -0.067492, -0.016696 
  -0.018785 ,  -0.065648, -0.013066 
  -0.013803 ,  -0.063619, -0.008212 
  -0.008806 ,  -0.061404, -0.002840 
  -0.003802 ,  -0.059002, 0.002302 
  0.001205 ,  -0.056415, 0.006527 
  0.006208 ,  -0.053647, 0.009298 
  0.011202 ,  -0.050705, 0.010295 
  0.016182 ,  -0.047595, 0.009453 
  0.021140 ,  -0.044327, 0.006971 
  0.026072 ,  -0.040914, 0.003274 
  0.030972 ,  -0.037368, -0.001047 
  0.035833 ,  -0.033704, -0.005325 
  0.040649 ,  -0.029938, -0.008905 
  0.045416 ,  -0.026087, -0.011245 
  0.050127 ,  -0.022169, -0.011990 
  0.054776 ,  -0.018203, -0.011019 
  0.059358 ,  -0.014208, -0.008463 
  0.063867 ,  -0.010204, -0.004683 
  0.068297 ,  -0.006210, -0.000213 
  0.072644 ,  -0.002246, 0.004318 
  0.076900 ,  0.001670, 0.008284 
  0.081062 ,  0.005519, 0.011149 
  0.085124 ,  0.009286, 0.012552 
  0.089080 ,  0.012955, 0.012354 
  0.092927 ,  0.016510, 0.010662 
  0.096658 ,  0.019941, 0.007805 
  0.100269 ,  0.023236, 0.004282 
  0.103755 ,  0.026386, 0.000683 
  0.107113 ,  0.029385, -0.002408 
  0.110337 ,  0.032228, -0.004504 
  0.113424 ,  0.034912, -0.005297 
  0.116369 ,  0.037438, -0.004706 
  0.119169 ,  0.039807, -0.002891 
  0.121820 ,  0.042023, -0.000233 
  0.124320 ,  0.044092, 0.002732 
  0.126663 ,  0.046022, 0.005395 
  0.128848 ,  0.047823, 0.007181 
  0.130873 ,  0.049506, 0.007640 
  0.132733 ,  0.051082, 0.006536 
  0.134427 ,  0.052567, 0.003889 
  0.135953 ,  0.053974, -0.000011 
  0.137309 ,  0.055319, -0.004639 
  0.138493 ,  0.056618, -0.009309 
  0.139503 ,  0.057885, -0.013273 
  0.140340 ,  0.059137, -0.015840 
  0.141001 ,  0.060388, -0.016480 
  0.141486 ,  0.061653, -0.014921 
  0.141794 ,  0.062945, -0.011200 
  0.141926 ,  0.064276, -0.005672 
  0.141882 ,  0.065656, 0.001025 
  0.141661 ,  0.067094, 0.008054 
  0.141264 ,  0.068596, 0.014492 
  0.140693 ,  0.070168, 0.019458 
  0.139948 ,  0.071810, 0.022242 
  0.139031 ,  0.073524, 0.022404 
  0.137943 ,  0.075305, 0.019843 
  0.136686 ,  0.077150, 0.014815 
  0.135262 ,  0.079050, 0.007902 
  0.133674 ,  0.080996, -0.000070 
  0.131924 ,  0.082973, -0.008143 
  0.130015 ,  0.084967, -0.015363 
  0.127950 ,  0.086961, -0.020904 
  0.125732 ,  0.088935, -0.024182 
  0.123366 ,  0.090868, -0.024931 
  0.120854 ,  0.092737, -0.023221 
  0.118201 ,  0.094517, -0.019440 
  0.115411 ,  0.096183, -0.014220 
  0.112489 ,  0.097708, -0.008334 
  0.109439 ,  0.099065, -0.002571 
  0.106266 ,  0.100228, 0.002380 
  0.102974 ,  0.101168, 0.006035 
  0.099570 ,  0.101859, 0.008173 
  0.096059 ,  0.102276, 0.008857 
  0.092446 ,  0.102392, 0.008407 
  0.088737 ,  0.102186, 0.007323 
  0.084938 ,  0.101636, 0.006189 
  0.081055 ,  0.100720, 0.005557 
  0.077094 ,  0.099423, 0.005841 
  0.073062 ,  0.097729, 0.007237 
  0.068964 ,  0.095626, 0.009677 
  0.064808 ,  0.093105, 0.012831 
  0.060600 ,  0.090159, 0.016162 
  0.056348 ,  0.086786, 0.019005 
  0.052056 ,  0.082985, 0.020687 
  0.047734 ,  0.078760, 0.020641 
  0.043387 ,  0.074119, 0.018515 
  0.039023 ,  0.069071, 0.014244 
  0.034649 ,  0.063630, 0.008082 
  0.030272 ,  0.057813, 0.000584 
  0.025898 ,  0.051639, -0.007466 
  0.021536 ,  0.045131, -0.015157 
  0.017191 ,  0.038314, -0.021583 
  0.012873 ,  0.031217, -0.025975 
  0.008586 ,  0.023868, -0.027817 
  0.004339 ,  0.016301, -0.026925 
  0.000139 ,  0.008549, -0.023475 
  -0.004008 ,  0.000647, -0.017987 
  -0.008095 ,  -0.007369, -0.011247 
  -0.012115 ,  -0.015461, -0.004193 
  -0.016060 ,  -0.023592, 0.002220 
  -0.019925 ,  -0.031724, 0.007157 
  -0.023704 ,  -0.039820, 0.010028 
  -0.027388 ,  -0.047842, 0.010570 
  -0.030974 ,  -0.055754, 0.008880 
  -0.034453 ,  -0.063520, 0.005392 
  -0.037820 ,  -0.071105, 0.000812 
  -0.041070 ,  -0.078478, -0.004000 
  -0.044197 ,  -0.085606, -0.008161 
  -0.047195 ,  -0.092461, -0.010905 
  -0.050059 ,  -0.099015, -0.011695 
  -0.052784 ,  -0.105242, -0.010308 
  -0.055365 ,  -0.111121, -0.006869 
  -0.057797 ,  -0.116629, -0.001821 
  -0.060076 ,  -0.121750, 0.004133 
  -0.062198 ,  -0.126467, 0.010150 
  -0.064159 ,  -0.130767, 0.015366 
  -0.065954 ,  -0.134638, 0.019034 
  -0.067581 ,  -0.138073, 0.020632 
  -0.069035 ,  -0.141064, 0.019935 
  -0.070315 ,  -0.143607, 0.017051 
  -0.071418 ,  -0.145701, 0.012392 
  -0.072340 ,  -0.147345, 0.006613 
  -0.073079 ,  -0.148541, 0.000505 
  -0.073635 ,  -0.149291, -0.005124 
  -0.074005 ,  -0.149602, -0.009565 
  -0.074187 ,  -0.149478, -0.012312 
  -0.074181 ,  -0.148927, -0.013130 
  -0.073987 ,  -0.147958, -0.012072 
  -0.073602 ,  -0.146580, -0.009461 
  -0.073028 ,  -0.144803, -0.005828 
  -0.072264 ,  -0.142639, -0.001814 
  -0.071311 ,  -0.140099, 0.001934 
  -0.070169 ,  -0.137194, 0.004863 
  -0.068839 ,  -0.133937, 0.006604 
  -0.067323 ,  -0.130340, 0.007017 
  -0.065623 ,  -0.126417, 0.006204 
  -0.063739 ,  -0.122179, 0.004478 
  -0.061675 ,  -0.117641, 0.002300 
  -0.059432 ,  -0.112816, 0.000190 
  -0.057013 ,  -0.107716, -0.001365 
  -0.054422 ,  -0.102356, -0.002005 
  -0.051661 ,  -0.096749, -0.001557 
  -0.048734 ,  -0.090909, -0.000069 
  -0.045645 ,  -0.084850, 0.002196 
  -0.042398 ,  -0.078587, 0.004798 
  -0.038997 ,  -0.072135, 0.007200 
  -0.035447 ,  -0.065509, 0.008848 
  -0.031753 ,  -0.058724, 0.009270 
  -0.027919 ,  -0.051798, 0.008152 
  -0.023951 ,  -0.044748, 0.005398 
  -0.019854 ,  -0.037590, 0.001149 
  -0.015634 ,  -0.030343, -0.004232 
  -0.011297 ,  -0.023027, -0.010202 
  -0.006850 ,  -0.015661, -0.016121 
  -0.002297 ,  -0.008266, -0.021333 
  0.002354 ,  -0.000863, -0.025259 
  0.007096 ,  0.006526, -0.027469 
  0.011924 ,  0.013879, -0.027738 
  0.016829 ,  0.021171, -0.026059 
  0.021805 ,  0.028379, -0.022637 
  0.026845 ,  0.035479, -0.017840 
  0.031941 ,  0.042447, -0.012141 
  0.037086 ,  0.049257, -0.006038 
  0.042272 ,  0.055886, 0.000012 
  0.047492 ,  0.062309, 0.005652 
  0.052739 ,  0.068501, 0.010659 
  0.058003 ,  0.074439, 0.014951 
  0.063279 ,  0.080100, 0.018565 
  0.068557 ,  0.085463, 0.021617 
  0.073830 ,  0.090506, 0.024249 
  0.079090 ,  0.095209, 0.026569 
  0.084330 ,  0.099555, 0.028604 
  0.089541 ,  0.103527, 0.030276 
  0.094716 ,  0.107111, 0.031394 
  0.099846 ,  0.110294, 0.031680 
  0.104925 ,  0.113065, 0.030816 
  0.109943 ,  0.115417, 0.028505 
  0.114895 ,  0.117345, 0.024541 
  0.119772 ,  0.118844, 0.018865 
  0.124567 ,  0.119914, 0.011614 
  0.129272 ,  0.120558, 0.003127 
  0.133881 ,  0.120780, -0.006061 
  0.138385 ,  0.120587, -0.015276 
  0.142779 ,  0.119989, -0.023773 
  0.147055 ,  0.118999, -0.030829 
  0.151207 ,  0.117629, -0.035833 
  0.155229 ,  0.115899, -0.038373 
  0.159113 ,  0.113826, -0.038288 
  0.162854 ,  0.111431, -0.035702 
  0.166447 ,  0.108736, -0.031011 
  0.169884 ,  0.105766, -0.024831 
  0.173161 ,  0.102546, -0.017925 
  0.176273 ,  0.099101, -0.011099 
  0.179215 ,  0.095458, -0.005099 
  0.181981 ,  0.091645, -0.000512 
  0.184567 ,  0.087688, 0.002310 
  0.186969 ,  0.083615, 0.003295 
  0.189183 ,  0.079452, 0.002650 
  0.191206 ,  0.075225, 0.000828 
  0.193032 ,  0.070959, -0.001542 
  0.194661 ,  0.066678, -0.003754 
  0.196088 ,  0.062403, -0.005129 
  0.197311 ,  0.058156, -0.005117 
  0.198328 ,  0.053955, -0.003386 
  0.199136 ,  0.049816, 0.000127 
  0.199734 ,  0.045755, 0.005199 
  0.200121 ,  0.041783, 0.011344 
  0.200295 ,  0.037911, 0.017874 
  0.200256 ,  0.034145, 0.023994 
  0.200003 ,  0.030492, 0.028905 
  0.199535 ,  0.026954, 0.031913 
  0.198854 ,  0.023532, 0.032531 
  0.197959 ,  0.020225, 0.030545 
  0.196852 ,  0.017029, 0.026055 
  0.195532 ,  0.013939, 0.019468 
  0.194002 ,  0.010948, 0.011450 
  0.192264 ,  0.008047, 0.002857 
  0.190319 ,  0.005227, -0.005380 
  0.188169 ,  0.002478, -0.012362 
  0.185818 ,  -0.000211, -0.017336 
  0.183267 ,  -0.002853, -0.019792 
  0.180521 ,  -0.005460, -0.019524 
  0.177582 ,  -0.008041, -0.016663 
  0.174455 ,  -0.010610, -0.011659 
  0.171143 ,  -0.013176, -0.005235 
  0.167650 ,  -0.015749, 0.001706 
  0.163982 ,  -0.018338, 0.008182 
  0.160142 ,  -0.020948, 0.013258 
  0.156137 ,  -0.023586, 0.016159 
  0.151970 ,  -0.026254, 0.016364 
  0.147648 ,  -0.028955, 0.013678 
  0.143176 ,  -0.031687, 0.008261 
  0.138561 ,  -0.034449, 0.000616 
  0.133808 ,  -0.037234, -0.008462 
  0.128924 ,  -0.040035, -0.017974 
  0.123915 ,  -0.042844, -0.026828 
  0.118788 ,  -0.045648, -0.033968 
  0.113550 ,  -0.048434, -0.038491 
  0.108207 ,  -0.051187, -0.039762 
  0.102768 ,  -0.053889, -0.037492 
  0.097238 ,  -0.056522, -0.031776 
  0.091627 ,  -0.059066, -0.023096 
  0.085940 ,  -0.061499, -0.012271 
  0.080186 ,  -0.063801, -0.000374 
  0.074373 ,  -0.065948, 0.011385 
  0.068508 ,  -0.067919, 0.021793 
  0.062600 ,  -0.069692, 0.029774 
  0.056655 ,  -0.071246, 0.034508 
  0.050682 ,  -0.072559, 0.035534 
  0.044689 ,  -0.073612, 0.032804 
  0.038684 ,  -0.074388, 0.026696 
  0.032675 ,  -0.074871, 0.017977 
  0.026670 ,  -0.075047, 0.007715 
  0.020676 ,  -0.074904, -0.002835 
  0.014703 ,  -0.074434, -0.012378 
  0.008757 ,  -0.073631, -0.019729 
  0.002846 ,  -0.072492, -0.023953 
  -0.003021 ,  -0.071017, -0.024478 
  -0.008838 ,  -0.069209, -0.021164 
  -0.014596 ,  -0.067076, -0.014331 
  -0.020289 ,  -0.064628, -0.004719 
  -0.025908 ,  -0.061877, 0.006587 
  -0.031446 ,  -0.058842, 0.018288 
  -0.036898 ,  -0.055540, 0.029016 
  -0.042254 ,  -0.051995, 0.037498 
  -0.047510 ,  -0.048232, 0.042702 
  -0.052657 ,  -0.044279, 0.043962 
  -0.057691 ,  -0.040166, 0.041057 
  -0.062604 ,  -0.035924, 0.034231 
  -0.067390 ,  -0.031586, 0.024171 
  -0.072044 ,  -0.027188, 0.011918 
  -0.076561 ,  -0.022764, -0.001257 
  -0.080933 ,  -0.018351, -0.014005 
  -0.085158 ,  -0.013982, -0.025059 
  -0.089229 ,  -0.009694, -0.033383 
  -0.093142 ,  -0.005522, -0.038291 
  -0.096892 ,  -0.001497, -0.039522 
  -0.100477 ,  0.002349, -0.037257 
  -0.103890 ,  0.005986, -0.032088 
  -0.107130 ,  0.009388, -0.024926 
  -0.110192 ,  0.012529, -0.016881 
  -0.113074 ,  0.015390, -0.009109 
  -0.115773 ,  0.017951, -0.002661 
  -0.118287 ,  0.020197, 0.001651 
  -0.120613 ,  0.022119, 0.003359 
  -0.122749 ,  0.023708, 0.002395 
  -0.124694 ,  0.024960, -0.000908 
  -0.126447 ,  0.025876, -0.005865 
  -0.128007 ,  0.026460, -0.011536 
  -0.129373 ,  0.026719, -0.016859 
  -0.130544 ,  0.026665, -0.020796 
  -0.131522 ,  0.026312, -0.022474 
  -0.132305 ,  0.025677, -0.021310 
  -0.132896 ,  0.024783, -0.017091 
  -0.133294 ,  0.023651, -0.010012 
  -0.133500 ,  0.022307, -0.000654 
  -0.133517 ,  0.020780, 0.010083 
  -0.133347 ,  0.019098, 0.021091 
  -0.132990 ,  0.017292, 0.031197 
  -0.132450 ,  0.015392, 0.039306 
  -0.131729 ,  0.013431, 0.044539 
  -0.130831 ,  0.011440, 0.046347 
  -0.129758 ,  0.009448, 0.044574 
  -0.128514 ,  0.007487, 0.039478 
  -0.127103 ,  0.005585, 0.031693 
  -0.125529 ,  0.003768, 0.022147 
  -0.123796 ,  0.002062, 0.011941 
  -0.121908 ,  0.000488, 0.002210 
  -0.119871 ,  -0.000934, -0.006026 
  -0.117689 ,  -0.002186, -0.011986 
  -0.115368 ,  -0.003255, -0.015225 
  -0.112913 ,  -0.004131, -0.015686 
  -0.110330 ,  -0.004807, -0.013696 
  -0.107624 ,  -0.005278, -0.009912 
  -0.104802 ,  -0.005546, -0.005231 
  -0.101870 ,  -0.005612, -0.000655 
  -0.098834 ,  -0.005484, 0.002849 
  -0.095700 ,  -0.005171, 0.004487 
  -0.092476 ,  -0.004686, 0.003753 
  -0.089168 ,  -0.004044, 0.000503 
  -0.085783 ,  -0.003262, -0.005014 
  -0.082328 ,  -0.002362, -0.012184 
  -0.078811 ,  -0.001364, -0.020108 
  -0.075237 ,  -0.000291, -0.027715 
  -0.071616 ,  0.000832, -0.033906 
  -0.067953 ,  0.001981, -0.037706 
  -0.064257 ,  0.003130, -0.038400 
  -0.060536 ,  0.004254, -0.035636 
  -0.056795 ,  0.005331, -0.029487 
  -0.053044 ,  0.006336, -0.020458 
  -0.049289 ,  0.007248, -0.009425 
  -0.045537 ,  0.008048, 0.002456 
  -0.041798 ,  0.008717, 0.013898 
  -0.038077 ,  0.009241, 0.023640 
  -0.034383 ,  0.009608, 0.030607 
  -0.030722 ,  0.009807, 0.034053 
  -0.027103 ,  0.009834, 0.033653 
  -0.023531 ,  0.009685, 0.029557 
  -0.020015 ,  0.009361, 0.022368 
  -0.016561 ,  0.008867, 0.013075 
  -0.013176 ,  0.008210, 0.002926 
  -0.009867 ,  0.007402, -0.006731 
  -0.006641 ,  0.006456, -0.014615 
  -0.003504 ,  0.005392, -0.019682 
  -0.000463 ,  0.004229, -0.021256 
  0.002477 ,  0.002991, -0.019117 
  0.005309 ,  0.001703, -0.013534 
  0.008028 ,  0.000394, -0.005224 
  0.010628 ,  -0.000908, 0.004736 
  0.013103 ,  -0.002173, 0.015052 
  0.015449 ,  -0.003368, 0.024375 
  0.017659 ,  -0.004462, 0.031483 
  0.019731 ,  -0.005425, 0.035433 
  0.021658 ,  -0.006225, 0.035684 
  0.023438 ,  -0.006832, 0.032162 
  0.025065 ,  -0.007220, 0.025270 
  0.026536 ,  -0.007362, 0.015827 
  0.027848 ,  -0.007235, 0.004962 
  0.028997 ,  -0.006818, -0.006039 
  0.029980 ,  -0.006095, -0.015897 
  0.030795 ,  -0.005052, -0.023512 
  0.031439 ,  -0.003680, -0.028096 
  0.031911 ,  -0.001974, -0.029269 
  0.032208 ,  0.000067, -0.027103 
  0.032329 ,  0.002439, -0.022098 
  0.032273 ,  0.005135, -0.015104 
  0.032038 ,  0.008140, -0.007200 
  0.031624 ,  0.011437, 0.000456 
  0.031032 ,  0.015004, 0.006786 
  0.030260 ,  0.018815, 0.010935 
  0.029309 ,  0.022838, 0.012381 
  0.028180 ,  0.027039, 0.010995 
  0.026874 ,  0.031380, 0.007050 
  0.025391 ,  0.035820, 0.001171 
  0.023734 ,  0.040313, -0.005758 
  0.021903 ,  0.044815, -0.012723 
  0.019902 ,  0.049277, -0.018721 
  0.017733 ,  0.053650, -0.022898 
  0.015397 ,  0.057882, -0.024660 
  0.012899 ,  0.061925, -0.023748 
  0.010241 ,  0.065728, -0.020263 
  0.007427 ,  0.069243, -0.014643 
  0.004461 ,  0.072421, -0.007591 
  0.001347 ,  0.075219, 0.000025 
  -0.001912 ,  0.077593, 0.007296 
  -0.005310 ,  0.079505, 0.013397 
  -0.008843 ,  0.080918, 0.017693 
  -0.012505 ,  0.081802, 0.019817 
  -0.016292 ,  0.082130, 0.019708 
  -0.020198 ,  0.081879, 0.017607 
  -0.024217 ,  0.081033, 0.014006 
  -0.028344 ,  0.079580, 0.009574 
  -0.032572 ,  0.077515, 0.005049 
  -0.036894 ,  0.074838, 0.001141 
  -0.041306 ,  0.071553, -0.001574 
  -0.045800 ,  0.067673, -0.002723 
  -0.050369 ,  0.063215, -0.002183 
  -0.055006 ,  0.058202, -0.000086 
  -0.059704 ,  0.052662, 0.003206 
  -0.064457 ,  0.046627, 0.007165 
  -0.069257 ,  0.040137, 0.011169 
  -0.074096 ,  0.033233, 0.014595 
  -0.078967 ,  0.025963, 0.016900 
  -0.083862 ,  0.018376, 0.017695 
  -0.088774 ,  0.010525, 0.016786 
  -0.093696 ,  0.002467, 0.014197 
  -0.098619 ,  -0.005741, 0.010156 
  -0.103535 ,  -0.014039, 0.005060 
  -0.108438 ,  -0.022368, -0.000581 
  -0.113319 ,  -0.030666, -0.006212 
  -0.118170 ,  -0.038874, -0.011301 
  -0.122983 ,  -0.046932, -0.015399 
  -0.127752 ,  -0.054782, -0.018189 
  -0.132467 ,  -0.062367, -0.019511 
  -0.137122 ,  -0.069635, -0.019369 
  -0.141709 ,  -0.076534, -0.017918 
  -0.146220 ,  -0.083017, -0.015435 
  -0.150649 ,  -0.089041, -0.012276 
  -0.154987 ,  -0.094565, -0.008830 
  -0.159227 ,  -0.099554, -0.005474 
  -0.163362 ,  -0.103979, -0.002536 
  -0.167386 ,  -0.107812, -0.000261 
  -0.171291 ,  -0.111035, 0.001204 
  -0.175071 ,  -0.113630, 0.001816 
  -0.178718 ,  -0.115587, 0.001629 
  -0.182228 ,  -0.116902, 0.000781 
  -0.185593 ,  -0.117574, -0.000529 
  -0.188808 ,  -0.117607, -0.002065 
  -0.191867 ,  -0.117011, -0.003582 
  -0.194764 ,  -0.115799, -0.004849 
  -0.197493 ,  -0.113991, -0.005672 
  -0.200051 ,  -0.111607, -0.005909 
  -0.202431 ,  -0.108675, -0.005480 
  -0.204629 ,  -0.105223, -0.004377 
  -0.206640 ,  -0.101284, -0.002662 
  -0.208461 ,  -0.096892, -0.000458 
  -0.210087 ,  -0.092085, 0.002061 
  -0.211515 ,  -0.086901, 0.004686 
  -0.212741 ,  -0.081380, 0.007197 
  -0.213763 ,  -0.075565, 0.009379 
  -0.214576 ,  -0.069496, 0.011054 
  -0.215180 ,  -0.063216, 0.012092 
  -0.215570 ,  -0.056766, 0.012434 
  -0.215747 ,  -0.050189, 0.012093 
  -0.215707 ,  -0.043524, 0.011159 
  -0.215449 ,  -0.036810, 0.009786 
  -0.214972 ,  -0.030087, 0.008172 
  -0.214276 ,  -0.023390, 0.006537 
  -0.213360 ,  -0.016754, 0.005086 
  -0.212223 ,  -0.010212, 0.003987 
  -0.210866 ,  -0.003794, 0.003338 
  -0.209289 ,  0.002473, 0.003153 
  -0.207493 ,  0.008561, 0.003358 
  -0.205479 ,  0.014448, 0.003794 
  -0.203248 ,  0.020111, 0.004239 
  -0.200801 ,  0.025534, 0.004442 
  -0.198141 ,  0.030699, 0.004162 
  -0.195270 ,  0.035591, 0.003203 
  -0.192190 ,  0.040199, 0.001458 
  -0.188903 ,  0.044514, -0.001069 
  -0.185414 ,  0.048526, -0.004250 
  -0.181724 ,  0.052230, -0.007836 
  -0.177839 ,  0.055620, -0.011484 
  -0.173760 ,  0.058695, -0.014791 
  -0.169494 ,  0.061453, -0.017348 
  -0.165043 ,  0.063892, -0.018791 
  -0.160413 ,  0.066015, -0.018854 
  -0.155608 ,  0.067821, -0.017411 
  -0.150634 ,  0.069315, -0.014501 
  -0.145495 ,  0.070499, -0.010336 
  -0.140198 ,  0.071378, -0.005280 
  -0.134747 ,  0.071955, 0.000179 
  -0.129150 ,  0.072236, 0.005491 
  -0.123411 ,  0.072226, 0.010099 
  -0.117537 ,  0.071930, 0.013503 
  -0.111535 ,  0.071355, 0.015321 
  -0.105411 ,  0.070507, 0.015332 
  -0.099172 ,  0.069393, 0.013502 
  -0.092825 ,  0.068020, 0.009988 
  -0.086377 ,  0.066396, 0.005123 
  -0.079835 ,  0.064527, -0.000624 
  -0.073207 ,  0.062423, -0.006689 
  -0.066500 ,  0.060093, -0.012481 
  -0.059721 ,  0.057545, -0.017433 
  -0.052878 ,  0.054791, -0.021055 
  -0.045978 ,  0.051840, -0.022982 
  -0.039030 ,  0.048705, -0.022992 
  -0.032042 ,  0.045397, -0.021029 
  -0.025020 ,  0.041931, -0.017189 
  -0.017972 ,  0.038319, -0.011712 
  -0.010908 ,  0.034577, -0.004957 
  -0.003834 ,  0.030720, 0.002635 
  0.003242 ,  0.026766, 0.010568 
  0.010311 ,  0.022733, 0.018325 
  0.017367 ,  0.018638, 0.025400 
  0.024400 ,  0.014500, 0.031322 
  0.031404 ,  0.010341, 0.035685 
  0.038371 ,  0.006180, 0.038164 
  0.045293 ,  0.002039, 0.038535 
  0.052163 ,  -0.002062, 0.036698 
  0.058973 ,  -0.006099, 0.032684 
  0.065715 ,  -0.010052, 0.026668 
  0.072384 ,  -0.013899, 0.018966 
  0.078970 ,  -0.017618, 0.010031 
  0.085469 ,  -0.021187, 0.000433 
  0.091872 ,  -0.024587, -0.009181 
  0.098173 ,  -0.027798, -0.018122 
  0.104365 ,  -0.030801, -0.025723 
  0.110442 ,  -0.033578, -0.031395 
  0.116399 ,  -0.036113, -0.034684 
  0.122228 ,  -0.038392, -0.035330 
  0.127923 ,  -0.040400, -0.033298 
  0.133481 ,  -0.042128, -0.028798 
  0.138894 ,  -0.043566, -0.022277 
  0.144157 ,  -0.044706, -0.014385 
  0.149266 ,  -0.045544, -0.005919 
  0.154216 ,  -0.046076, 0.002258 
  0.159002 ,  -0.046302, 0.009297 
  0.163620 ,  -0.046223, 0.014459 
  0.168066 ,  -0.045845, 0.017196 
  0.172335 ,  -0.045172, 0.017208 
  0.176425 ,  -0.044213, 0.014486 
  0.180331 ,  -0.042979, 0.009316 
  0.184051 ,  -0.041482, 0.002249 
  0.187582 ,  -0.039736, -0.005949 
  0.190922 ,  -0.037759, -0.014378 
  0.194067 ,  -0.035566, -0.022097 
  0.197016 ,  -0.033178, -0.028221 
  0.199767 ,  -0.030615, -0.032010 
  0.202319 ,  -0.027897, -0.032946 
  0.204670 ,  -0.025046, -0.030777 
  0.206819 ,  -0.022085, -0.025546 
  0.208765 ,  -0.019037, -0.017578 
  0.210508 ,  -0.015923, -0.007449 
  0.212048 ,  -0.012766, 0.004072 
  0.213385 ,  -0.009587, 0.016096 
  0.214519 ,  -0.006409, 0.027692 
  0.215451 ,  -0.003250, 0.037962 
  0.216181 ,  -0.000130, 0.046121 
  0.216711 ,  0.002933, 0.051546 
  0.217042 ,  0.005923, 0.053827 
  0.217175 ,  0.008826, 0.052786 
  0.217112 ,  0.011627, 0.048486 
  0.216856 ,  0.014316, 0.041220 
  0.216409 ,  0.016884, 0.031489 
  0.215773 ,  0.019323, 0.019959 
  0.214951 ,  0.021627, 0.007423 
  0.213946 ,  0.023792, -0.005264 
  0.212762 ,  0.025816, -0.017238 
  0.211401 ,  0.027699, -0.027687 
  0.209867 ,  0.029442, -0.035916 
  0.208164 ,  0.031047, -0.041398 
  0.206297 ,  0.032519, -0.043820 
  0.204269 ,  0.033863, -0.043115 
  0.202084 ,  0.035085, -0.039473 
  0.199748 ,  0.036192, -0.033332 
  0.197265 ,  0.037191, -0.025344 
  0.194640 ,  0.038091, -0.016323 
  0.191877 ,  0.038899, -0.007162 
  0.188982 ,  0.039624, 0.001249 
  0.185960 ,  0.040273, 0.008119 
  0.182817 ,  0.040853, 0.012841 
  0.179558 ,  0.041372, 0.015067 
  0.176189 ,  0.041834, 0.014743 
  0.172715 ,  0.042245, 0.012129 
  0.169142 ,  0.042608, 0.007763 
  0.165475 ,  0.042925, 0.002401 
  0.161722 ,  0.043198, -0.003077 
  0.157888 ,  0.043425, -0.007779 
  0.153978 ,  0.043604, -0.010920 
  0.149999 ,  0.043732, -0.011932 
  0.145957 ,  0.043804, -0.010542 
  0.141859 ,  0.043812, -0.006821 
  0.137709 ,  0.043749, -0.001181 
  0.133515 ,  0.043605, 0.005669 
  0.129282 ,  0.043369, 0.012817 
  0.125017 ,  0.043031, 0.019265 
  0.120725 ,  0.042576, 0.024068 
  0.116413 ,  0.041991, 0.026466 
  0.112087 ,  0.041263, 0.025997 
  0.107752 ,  0.040377, 0.022570 
  0.103415 ,  0.039319, 0.016490 
  0.099081 ,  0.038075, 0.008423 
  0.094756 ,  0.036632, -0.000680 
  0.090445 ,  0.034976, -0.009711 
  0.086155 ,  0.033095, -0.017548 
  0.081891 ,  0.030978, -0.023213 
  0.077658 ,  0.028618, -0.026001 
  0.073462 ,  0.026004, -0.025582 
  0.069307 ,  0.023133, -0.022049 
  0.065198 ,  0.020001, -0.015903 
  0.061141 ,  0.016605, -0.007992 
  0.057140 ,  0.012948, 0.000614 
  0.053200 ,  0.009033, 0.008761 
  0.049325 ,  0.004866, 0.015378 
  0.045520 ,  0.000456, 0.019622 
  0.041788 ,  -0.004184, 0.020993 
  0.038134 ,  -0.009041, 0.019400 
  0.034562 ,  -0.014097, 0.015169 
  0.031074 ,  -0.019331, 0.008994 
  0.027675 ,  -0.024722, 0.001827 
  0.024367 ,  -0.030244, -0.005253 
  0.021155 ,  -0.035870, -0.011205 
  0.018040 ,  -0.041569, -0.015167 
  0.015026 ,  -0.047312, -0.016587 
  0.012114 ,  -0.053064, -0.015291 
  0.009308 ,  -0.058792, -0.011508 
  0.006609 ,  -0.064458, -0.005833 
  0.004019 ,  -0.070028, 0.000869 
  0.001541 ,  -0.075462, 0.007587 
  -0.000826 ,  -0.080726, 0.013314 
  -0.003078 ,  -0.085780, 0.017191 
  -0.005215 ,  -0.090588, 0.018634 
  -0.007237 ,  -0.095114, 0.017407 
  -0.009142 ,  -0.099323, 0.013658 
  -0.010930 ,  -0.103181, 0.007890 
  -0.012601 ,  -0.106656, 0.000885 
  -0.014154 ,  -0.109718, -0.006414 
  -0.015590 ,  -0.112338, -0.013036 
  -0.016908 ,  -0.114492, -0.018120 
  -0.018110 ,  -0.116157, -0.021032 
  -0.019196 ,  -0.117313, -0.021449 
  -0.020167 ,  -0.117944, -0.019394 
  -0.021023 ,  -0.118035, -0.015222 
  -0.021766 ,  -0.117577, -0.009556 
  -0.022398 ,  -0.116562, -0.003197 
  -0.022920 ,  -0.114989, 0.003003 
  -0.023333 ,  -0.112856, 0.008251 
  -0.023639 ,  -0.110169, 0.011928 
  -0.023842 ,  -0.106935, 0.013663 
  -0.023941 ,  -0.103164, 0.013368 
  -0.023941 ,  -0.098871, 0.011236 
  -0.023843 ,  -0.094074, 0.007695 
  -0.023650 ,  -0.088794, 0.003336 
  -0.023365 ,  -0.083054, -0.001186 
  -0.022991 ,  -0.076880, -0.005246 
  -0.022530 ,  -0.070303, -0.008335 
  -0.021986 ,  -0.063354, -0.010120 
  -0.021362 ,  -0.056067, -0.010479 
  -0.020661 ,  -0.048477, -0.009496 
  -0.019887 ,  -0.040623, -0.007426 
  -0.019043 ,  -0.032543, -0.004641 
  -0.018133 ,  -0.024278, -0.001561 
  -0.017159 ,  -0.015868, 0.001419 
  -0.016127 ,  -0.007356, 0.003984 
  -0.015040 ,  0.001216, 0.005942 
  -0.013902 ,  0.009805, 0.007238 
  -0.012716 ,  0.018370, 0.007941 
  -0.011486 ,  0.026867, 0.008216 
  -0.010217 ,  0.035257, 0.008273 
  -0.008912 ,  0.043497, 0.008320 
  -0.007576 ,  0.051549, 0.008511 
  -0.006212 ,  0.059373, 0.008914 
  -0.004824 ,  0.066933, 0.009495 
  -0.003417 ,  0.074193, 0.010121 
  -0.001995 ,  0.081120, 0.010585 
  -0.000560 ,  0.087681, 0.010648 
  0.000882 ,  0.093847, 0.010083 
  0.002327 ,  0.099591, 0.008722 
  0.003772 ,  0.104887, 0.006492 
  0.005213 ,  0.109712, 0.003440 
  0.006646 ,  0.114046, -0.000267 
  0.008068 ,  0.117872, -0.004359 
  0.009474 ,  0.121174, -0.008496 
  0.010860 ,  0.123939, -0.012312 
  0.012225 ,  0.126159, -0.015464 
  0.013562 ,  0.127827, -0.017675 
  0.014871 ,  0.128938, -0.018771 
  0.016146 ,  0.129491, -0.018699 
  0.017385 ,  0.129488, -0.017525 
  0.018585 ,  0.128934, -0.015424 
  0.019742 ,  0.127835, -0.012645 
  0.020854 ,  0.126202, -0.009476 
  0.021918 ,  0.124048, -0.006206 
  0.022931 ,  0.121387, -0.003090 
  0.023891 ,  0.118238, -0.000322 
  0.024794 ,  0.114622, 0.001975 
  0.025639 ,  0.110561, 0.003751 
  0.026424 ,  0.106080, 0.005018 
  0.027146 ,  0.101208, 0.005826 
  0.027803 ,  0.095972, 0.006248 
  0.028394 ,  0.090406, 0.006353 
  0.028916 ,  0.084542, 0.006196 
  0.029369 ,  0.078414, 0.005809 
  0.029750 ,  0.072059, 0.005208 
  0.030060 ,  0.065515, 0.004399 
  0.030295 ,  0.058819, 0.003396 
  0.030456 ,  0.052011, 0.002239 
  0.030542 ,  0.045130, 0.000997 
  0.030551 ,  0.038217, -0.000220 
  0.030484 ,  0.031312, -0.001270 
  0.030340 ,  0.024453, -0.001998 
  0.030118 ,  0.017682, -0.002253 
  0.029819 ,  0.011035, -0.001921 
  0.029443 ,  0.004551, -0.000945 
  0.028989 ,  -0.001734, 0.000652 
  0.028458 ,  -0.007786, 0.002758 
  0.027851 ,  -0.013571, 0.005180 
  0.027168 ,  -0.019059, 0.007661 
  0.026409 ,  -0.024222, 0.009912 
  0.025577 ,  -0.029034, 0.011647 
  0.024671 ,  -0.033472, 0.012630 
  0.023693 ,  -0.037516, 0.012703 
  0.022643 ,  -0.041150, 0.011817 
  0.021525 ,  -0.044359, 0.010040 
  0.020338 ,  -0.047135, 0.007547 
  0.019084 ,  -0.049470, 0.004602 
  0.017766 ,  -0.051363, 0.001513 
  0.016385 ,  -0.052815, -0.001404 
  0.014942 ,  -0.053831, -0.003880 
  0.013441 ,  -0.054419, -0.005724 
  0.011883 ,  -0.054592, -0.006852 
  0.010270 ,  -0.054366, -0.007296 
  0.008605 ,  -0.053760, -0.007190 
  0.006891 ,  -0.052798, -0.006742 
  0.005128 ,  -0.051504, -0.006199 
  0.003321 ,  -0.049909, -0.005793 
  0.001472 ,  -0.048043, -0.005705 
  -0.000417 ,  -0.045940, -0.006027 
  -0.002343 ,  -0.043636, -0.006745 
  -0.004302 ,  -0.041168, -0.007742 
  -0.006293 ,  -0.038576, -0.008818 
  -0.008311 ,  -0.035898, -0.009728 
  -0.010355 ,  -0.033175, -0.010229 
  -0.012421 ,  -0.030447, -0.010128 
  -0.014506 ,  -0.027754, -0.009326 
  -0.016608 ,  -0.025136, -0.007842 
  -0.018722 ,  -0.022630, -0.005818 
  -0.020846 ,  -0.020272, -0.003509 
  -0.022978 ,  -0.018097, -0.001236 
  -0.025113 ,  -0.016138, 0.000658 
  -0.027248 ,  -0.014423, 0.001875 
  -0.029382 ,  -0.012979, 0.002218 
  -0.031509 ,  -0.011829, 0.001631 
  -0.033629 ,  -0.010992, 0.000231 
  -0.035736 ,  -0.010483, -0.001704 
  -0.037829 ,  -0.010314, -0.003761 
  -0.039905 ,  -0.010492, -0.005453 
  -0.041960 ,  -0.011019, -0.006287 
  -0.043991 ,  -0.011894, -0.005851 
  -0.045997 ,  -0.013112, -0.003883 
  -0.047973 ,  -0.014660, -0.000329 
  -0.049917 ,  -0.016525, 0.004627 
  -0.051827 ,  -0.018687, 0.010572 
  -0.053699 ,  -0.021124, 0.016901 
  -0.055532 ,  -0.023809, 0.022893 
  -0.057322 ,  -0.026712, 0.027801 
  -0.059068 ,  -0.029799, 0.030958 
  -0.060766 ,  -0.033035, 0.031872 
  -0.062415 ,  -0.036380, 0.030305 
  -0.064013 ,  -0.039795, 0.026316 
  -0.065557 ,  -0.043237, 0.020267 
  -0.067045 ,  -0.046663, 0.012784 
  -0.068476 ,  -0.050028, 0.004682 
  -0.069848 ,  -0.053291, -0.003138 
  -0.071158 ,  -0.056405, -0.009814 
  -0.072406 ,  -0.059330, -0.014633 
  -0.073589 ,  -0.062023, -0.017136 
  -0.074707 ,  -0.064445, -0.017185 
  -0.075758 ,  -0.066560, -0.014983 
  -0.076740 ,  -0.068331, -0.011053 
  -0.077653 ,  -0.069729, -0.006171 
  -0.078496 ,  -0.070724, -0.001260 
  -0.079268 ,  -0.071294, 0.002735 
  -0.079968 ,  -0.071418, 0.004981 
  -0.080595 ,  -0.071080, 0.004873 
  -0.081149 ,  -0.070269, 0.002129 
  -0.081630 ,  -0.068979, -0.003167 
  -0.082037 ,  -0.067209, -0.010558 
  -0.082369 ,  -0.064961, -0.019270 
  -0.082628 ,  -0.062243, -0.028298 
  -0.082812 ,  -0.059068, -0.036529 
  -0.082922 ,  -0.055454, -0.042881 
  -0.082959 ,  -0.051422, -0.046438 
  -0.082922 ,  -0.046998, -0.046561 
  -0.082812 ,  -0.042211, -0.042972 
  -0.082629 ,  -0.037095, -0.035784 
  -0.082375 ,  -0.031687, -0.025495 
  -0.082050 ,  -0.026027, -0.012924 
  -0.081654 ,  -0.020155, 0.000880 
