   28m__32m 
  0.029268 ,  0.023682, 0.013476 
  0.029095 ,  0.026313, 0.024959 
  0.028898 ,  0.028819, 0.035083 
  0.028677 ,  0.031180, 0.043023 
  0.028431 ,  0.033374, 0.048153 
  0.028161 ,  0.035382, 0.050110 
  0.027867 ,  0.037189, 0.048832 
  0.027548 ,  0.038776, 0.044554 
  0.027205 ,  0.040129, 0.037778 
  0.026838 ,  0.041236, 0.029210 
  0.026448 ,  0.042086, 0.019678 
  0.026034 ,  0.042668, 0.010036 
  0.025596 ,  0.042977, 0.001071 
  0.025135 ,  0.043008, -0.006575 
  0.024652 ,  0.042759, -0.012469 
  0.024146 ,  0.042228, -0.016412 
  0.023617 ,  0.041420, -0.018447 
  0.023067 ,  0.040338, -0.018828 
  0.022495 ,  0.038989, -0.017967 
  0.021902 ,  0.037383, -0.016371 
  0.021289 ,  0.035531, -0.014564 
  0.020655 ,  0.033447, -0.013019 
  0.020001 ,  0.031146, -0.012098 
  0.019328 ,  0.028647, -0.012010 
  0.018637 ,  0.025967, -0.012800 
  0.017927 ,  0.023129, -0.014345 
  0.017199 ,  0.020154, -0.016388 
  0.016455 ,  0.017066, -0.018577 
  0.015694 ,  0.013889, -0.020517 
  0.014917 ,  0.010647, -0.021824 
  0.014125 ,  0.007367, -0.022175 
  0.013319 ,  0.004075, -0.021342 
  0.012498 ,  0.000795, -0.019221 
  0.011665 ,  -0.002446, -0.015831 
  0.010819 ,  -0.005624, -0.011317 
  0.009962 ,  -0.008714, -0.005919 
  0.009093 ,  -0.011693, 0.000052 
  0.008215 ,  -0.014538, 0.006252 
  0.007327 ,  -0.017230, 0.012332 
  0.006430 ,  -0.019748, 0.017971 
  0.005526 ,  -0.022075, 0.022895 
  0.004614 ,  -0.024196, 0.026892 
  0.003697 ,  -0.026097, 0.029815 
  0.002774 ,  -0.027768, 0.031583 
  0.001846 ,  -0.029198, 0.032168 
  0.000915 ,  -0.030382, 0.031592 
  -0.000019 ,  -0.031315, 0.029913 
  -0.000955 ,  -0.031996, 0.027218 
  -0.001892 ,  -0.032425, 0.023619 
  -0.002829 ,  -0.032605, 0.019248 
  -0.003765 ,  -0.032541, 0.014260 
  -0.004701 ,  -0.032242, 0.008827 
  -0.005633 ,  -0.031717, 0.003143 
  -0.006563 ,  -0.030977, -0.002584 
  -0.007488 ,  -0.030036, -0.008135 
  -0.008409 ,  -0.028911, -0.013289 
  -0.009323 ,  -0.027617, -0.017838 
  -0.010231 ,  -0.026172, -0.021596 
  -0.011131 ,  -0.024597, -0.024415 
  -0.012023 ,  -0.022911, -0.026196 
  -0.012906 ,  -0.021134, -0.026896 
  -0.013779 ,  -0.019289, -0.026529 
  -0.014641 ,  -0.017396, -0.025165 
  -0.015491 ,  -0.015477, -0.022922 
  -0.016328 ,  -0.013552, -0.019955 
  -0.017153 ,  -0.011641, -0.016438 
  -0.017963 ,  -0.009765, -0.012554 
  -0.018759 ,  -0.007941, -0.008479 
  -0.019538 ,  -0.006186, -0.004374 
  -0.020302 ,  -0.004517, -0.000376 
  -0.021049 ,  -0.002947, 0.003401 
  -0.021778 ,  -0.001489, 0.006863 
  -0.022488 ,  -0.000153, 0.009934 
  -0.023180 ,  0.001051, 0.012548 
  -0.023852 ,  0.002118, 0.014642 
  -0.024503 ,  0.003043, 0.016158 
  -0.025134 ,  0.003823, 0.017039 
  -0.025743 ,  0.004459, 0.017236 
  -0.026330 ,  0.004953, 0.016713 
  -0.026895 ,  0.005307, 0.015463 
  -0.027437 ,  0.005529, 0.013510 
  -0.027955 ,  0.005625, 0.010925 
  -0.028449 ,  0.005605, 0.007829 
  -0.028918 ,  0.005480, 0.004388 
  -0.029363 ,  0.005263, 0.000813 
  -0.029783 ,  0.004966, -0.002661 
  -0.030177 ,  0.004605, -0.005789 
  -0.030545 ,  0.004195, -0.008342 
  -0.030887 ,  0.003751, -0.010127 
  -0.031202 ,  0.003290, -0.011012 
  -0.031491 ,  0.002828, -0.010943 
  -0.031753 ,  0.002381, -0.009949 
  -0.031987 ,  0.001964, -0.008144 
  -0.032195 ,  0.001594, -0.005720 
  -0.032375 ,  0.001283, -0.002922 
  -0.032528 ,  0.001044, -0.000030 
  -0.032653 ,  0.000891, 0.002676 
  -0.032751 ,  0.000832, 0.004943 
  -0.032821 ,  0.000876, 0.006572 
  -0.032864 ,  0.001031, 0.007437 
  -0.032879 ,  0.001301, 0.007499 
  -0.032867 ,  0.001689, 0.006806 
  -0.032827 ,  0.002197, 0.005480 
  -0.032761 ,  0.002822, 0.003706 
  -0.032667 ,  0.003561, 0.001699 
  -0.032547 ,  0.004409, -0.000315 
  -0.032401 ,  0.005359, -0.002136 
  -0.032228 ,  0.006401, -0.003606 
  -0.032030 ,  0.007523, -0.004631 
  -0.031805 ,  0.008712, -0.005185 
  -0.031556 ,  0.009954, -0.005307 
  -0.031282 ,  0.011232, -0.005095 
  -0.030984 ,  0.012529, -0.004678 
  -0.030661 ,  0.013826, -0.004201 
  -0.030315 ,  0.015104, -0.003793 
  -0.029946 ,  0.016343, -0.003546 
  -0.029555 ,  0.017524, -0.003502 
  -0.029141 ,  0.018625, -0.003638 
  -0.028706 ,  0.019628, -0.003871 
  -0.028251 ,  0.020514, -0.004069 
  -0.027775 ,  0.021262, -0.004070 
  -0.027280 ,  0.021858, -0.003708 
  -0.026765 ,  0.022283, -0.002840 
  -0.026233 ,  0.022525, -0.001376 
  -0.025683 ,  0.022569, 0.000699 
  -0.025116 ,  0.022407, 0.003314 
  -0.024534 ,  0.022028, 0.006308 
  -0.023936 ,  0.021427, 0.009437 
  -0.023323 ,  0.020601, 0.012399 
  -0.022697 ,  0.019548, 0.014859 
  -0.022057 ,  0.018271, 0.016493 
  -0.021406 ,  0.016772, 0.017020 
  -0.020743 ,  0.015060, 0.016241 
  -0.020070 ,  0.013144, 0.014071 
  -0.019387 ,  0.011037, 0.010555 
  -0.018696 ,  0.008753, 0.005874 
  -0.017997 ,  0.006310, 0.000339 
  -0.017290 ,  0.003727, -0.005639 
  -0.016578 ,  0.001027, -0.011577 
  -0.015860 ,  -0.001768, -0.016972 
  -0.015138 ,  -0.004632, -0.021344 
  -0.014413 ,  -0.007539, -0.024288 
  -0.013685 ,  -0.010461, -0.025512 
  -0.012956 ,  -0.013369, -0.024870 
  -0.012226 ,  -0.016234, -0.022377 
  -0.011496 ,  -0.019028, -0.018212 
  -0.010767 ,  -0.021721, -0.012702 
  -0.010041 ,  -0.024285, -0.006291 
  -0.009317 ,  -0.026692, 0.000504 
  -0.008597 ,  -0.028916, 0.007136 
  -0.007882 ,  -0.030932, 0.013084 
  -0.007172 ,  -0.032716, 0.017897 
  -0.006469 ,  -0.034247, 0.021238 
  -0.005774 ,  -0.035506, 0.022910 
  -0.005086 ,  -0.036477, 0.022869 
  -0.004408 ,  -0.037146, 0.021222 
  -0.003739 ,  -0.037501, 0.018214 
  -0.003081 ,  -0.037536, 0.014193 
  -0.002435 ,  -0.037246, 0.009576 
  -0.001801 ,  -0.036630, 0.004806 
  -0.001180 ,  -0.035689, 0.000302 
  -0.000573 ,  -0.034429, -0.003572 
  0.000020 ,  -0.032859, -0.006547 
  0.000597 ,  -0.030991, -0.008463 
  0.001159 ,  -0.028840, -0.009284 
  0.001703 ,  -0.026424, -0.009087 
  0.002231 ,  -0.023763, -0.008052 
  0.002740 ,  -0.020882, -0.006433 
  0.003231 ,  -0.017805, -0.004525 
  0.003703 ,  -0.014562, -0.002635 
  0.004154 ,  -0.011181, -0.001040 
  0.004586 ,  -0.007693, 0.000035 
  0.004997 ,  -0.004133, 0.000445 
  0.005387 ,  -0.000531, 0.000136 
  0.005755 ,  0.003078, -0.000854 
  0.006100 ,  0.006660, -0.002397 
  0.006424 ,  0.010182, -0.004297 
  0.006724 ,  0.013611, -0.006309 
  0.007001 ,  0.016915, -0.008168 
  0.007255 ,  0.020064, -0.009619 
  0.007484 ,  0.023028, -0.010444 
  0.007690 ,  0.025782, -0.010488 
  0.007871 ,  0.028299, -0.009671 
  0.008028 ,  0.030559, -0.008003 
  0.008160 ,  0.032542, -0.005579 
  0.008267 ,  0.034230, -0.002569 
  0.008350 ,  0.035612, 0.000794 
  0.008408 ,  0.036676, 0.004243 
  0.008440 ,  0.037416, 0.007499 
  0.008448 ,  0.037828, 0.010305 
  0.008431 ,  0.037913, 0.012445 
  0.008389 ,  0.037674, 0.013769 
  0.008322 ,  0.037117, 0.014203 
  0.008231 ,  0.036253, 0.013757 
  0.008116 ,  0.035095, 0.012521 
  0.007976 ,  0.033657, 0.010648 
  0.007812 ,  0.031960, 0.008340 
  0.007625 ,  0.030025, 0.005820 
  0.007414 ,  0.027873, 0.003308 
  0.007181 ,  0.025532, 0.000996 
  0.006925 ,  0.023027, -0.000971 
  0.006646 ,  0.020387, -0.002509 
  0.006346 ,  0.017641, -0.003600 
  0.006024 ,  0.014818, -0.004287 
  0.005682 ,  0.011950, -0.004660 
  0.005319 ,  0.009065, -0.004839 
  0.004936 ,  0.006193, -0.004951 
  0.004535 ,  0.003364, -0.005102 
  0.004115 ,  0.000604, -0.005367 
  0.003676 ,  -0.002061, -0.005763 
  0.003221 ,  -0.004605, -0.006254 
  0.002749 ,  -0.007006, -0.006747 
  0.002261 ,  -0.009243, -0.007111 
  0.001757 ,  -0.011300, -0.007192 
  0.001240 ,  -0.013159, -0.006843 
  0.000709 ,  -0.014810, -0.005949 
  0.000165 ,  -0.016241, -0.004454 
  -0.000391 ,  -0.017446, -0.002373 
  -0.000959 ,  -0.018421, 0.000191 
  -0.001536 ,  -0.019166, 0.003056 
  -0.002123 ,  -0.019682, 0.005974 
  -0.002718 ,  -0.019973, 0.008655 
  -0.003322 ,  -0.020049, 0.010802 
  -0.003931 ,  -0.019917, 0.012144 
  -0.004547 ,  -0.019592, 0.012475 
  -0.005167 ,  -0.019088, 0.011681 
  -0.005792 ,  -0.018421, 0.009763 
  -0.006419 ,  -0.017611, 0.006837 
  -0.007048 ,  -0.016676, 0.003136 
  -0.007678 ,  -0.015638, -0.001020 
  -0.008308 ,  -0.014520, -0.005252 
  -0.008937 ,  -0.013342, -0.009165 
  -0.009564 ,  -0.012128, -0.012388 
  -0.010188 ,  -0.010900, -0.014621 
  -0.010808 ,  -0.009681, -0.015660 
  -0.011423 ,  -0.008492, -0.015423 
  -0.012032 ,  -0.007352, -0.013958 
  -0.012634 ,  -0.006282, -0.011430 
  -0.013227 ,  -0.005299, -0.008105 
  -0.013812 ,  -0.004418, -0.004310 
  -0.014387 ,  -0.003653, -0.000401 
  -0.014951 ,  -0.003016, 0.003281 
  -0.015503 ,  -0.002516, 0.006451 
  -0.016042 ,  -0.002159, 0.008898 
  -0.016567 ,  -0.001950, 0.010513 
  -0.017078 ,  -0.001891, 0.011286 
  -0.017573 ,  -0.001980, 0.011299 
  -0.018051 ,  -0.002213, 0.010704 
  -0.018512 ,  -0.002586, 0.009698 
  -0.018954 ,  -0.003089, 0.008490 
  -0.019378 ,  -0.003712, 0.007268 
  -0.019781 ,  -0.004441, 0.006178 
  -0.020164 ,  -0.005262, 0.005307 
  -0.020524 ,  -0.006158, 0.004673 
  -0.020863 ,  -0.007111, 0.004233 
  -0.021179 ,  -0.008101, 0.003894 
  -0.021470 ,  -0.009109, 0.003537 
  -0.021738 ,  -0.010112, 0.003035 
  -0.021980 ,  -0.011091, 0.002283 
  -0.022196 ,  -0.012023, 0.001211 
  -0.022386 ,  -0.012887, -0.000199 
  -0.022549 ,  -0.013663, -0.001909 
  -0.022684 ,  -0.014331, -0.003830 
  -0.022792 ,  -0.014872, -0.005835 
  -0.022871 ,  -0.015269, -0.007772 
  -0.022921 ,  -0.015506, -0.009487 
  -0.022941 ,  -0.015571, -0.010842 
  -0.022932 ,  -0.015451, -0.011732 
  -0.022893 ,  -0.015138, -0.012097 
  -0.022824 ,  -0.014624, -0.011924 
  -0.022723 ,  -0.013907, -0.011246 
  -0.022592 ,  -0.012985, -0.010133 
  -0.022430 ,  -0.011858, -0.008681 
  -0.022237 ,  -0.010533, -0.006997 
  -0.022012 ,  -0.009014, -0.005184 
  -0.021756 ,  -0.007314, -0.003331 
  -0.021468 ,  -0.005442, -0.001505 
  -0.021149 ,  -0.003416, 0.000251 
  -0.020798 ,  -0.001251, 0.001916 
  -0.020416 ,  0.001033, 0.003482 
  -0.020003 ,  0.003414, 0.004950 
  -0.019558 ,  0.005870, 0.006319 
  -0.019083 ,  0.008376, 0.007576 
  -0.018577 ,  0.010907, 0.008698 
  -0.018040 ,  0.013436, 0.009642 
  -0.017474 ,  0.015937, 0.010357 
  -0.016877 ,  0.018382, 0.010786 
  -0.016251 ,  0.020746, 0.010877 
  -0.015597 ,  0.023000, 0.010591 
  -0.014913 ,  0.025120, 0.009909 
  -0.014202 ,  0.027082, 0.008843 
  -0.013463 ,  0.028862, 0.007433 
  -0.012697 ,  0.030440, 0.005744 
  -0.011905 ,  0.031795, 0.003865 
  -0.011088 ,  0.032912, 0.001894 
  -0.010245 ,  0.033776, -0.000068 
  -0.009378 ,  0.034375, -0.001932 
  -0.008488 ,  0.034700, -0.003625 
  -0.007574 ,  0.034745, -0.005099 
  -0.006639 ,  0.034508, -0.006327 
  -0.005683 ,  0.033988, -0.007308 
  -0.004707 ,  0.033190, -0.008052 
  -0.003711 ,  0.032119, -0.008577 
  -0.002697 ,  0.030786, -0.008899 
  -0.001665 ,  0.029203, -0.009020 
  -0.000617 ,  0.027384, -0.008931 
  0.000446 ,  0.025349, -0.008603 
  0.001524 ,  0.023118, -0.007998 
  0.002615 ,  0.020713, -0.007071 
  0.003718 ,  0.018159, -0.005787 
  0.004833 ,  0.015482, -0.004132 
  0.005958 ,  0.012710, -0.002122 
  0.007091 ,  0.009872, 0.000183 
  0.008232 ,  0.006997, 0.002677 
  0.009380 ,  0.004115, 0.005213 
  0.010534 ,  0.001255, 0.007606 
  0.011691 ,  -0.001553, 0.009655 
  0.012852 ,  -0.004280, 0.011157 
  0.014014 ,  -0.006899, 0.011935 
  0.015178 ,  -0.009384, 0.011860 
  0.016340 ,  -0.011709, 0.010867 
  0.017501 ,  -0.013853, 0.008976 
  0.018658 ,  -0.015795, 0.006289 
  0.019811 ,  -0.017517, 0.002994 
  0.020959 ,  -0.019004, -0.000651 
  0.022099 ,  -0.020244, -0.004343 
  0.023232 ,  -0.021228, -0.007756 
  0.024356 ,  -0.021949, -0.010581 
  0.025468 ,  -0.022404, -0.012549 
  0.026569 ,  -0.022595, -0.013467 
  0.027658 ,  -0.022525, -0.013237 
  0.028732 ,  -0.022200, -0.011867 
  0.029790 ,  -0.021630, -0.009475 
  0.030832 ,  -0.020828, -0.006276 
  0.031857 ,  -0.019809, -0.002564 
  0.032862 ,  -0.018593, 0.001322 
  0.033848 ,  -0.017198, 0.005024 
  0.034812 ,  -0.015649, 0.008211 
  0.035755 ,  -0.013969, 0.010603 
  0.036674 ,  -0.012185, 0.012007 
  0.037568 ,  -0.010323, 0.012329 
  0.038437 ,  -0.008412, 0.011587 
  0.039280 ,  -0.006480, 0.009903 
  0.040096 ,  -0.004556, 0.007491 
  0.040883 ,  -0.002669, 0.004626 
  0.041641 ,  -0.000845, 0.001622 
  0.042369 ,  0.000887, -0.001211 
  0.043066 ,  0.002502, -0.003598 
  0.043731 ,  0.003977, -0.005328 
  0.044363 ,  0.005288, -0.006275 
  0.044963 ,  0.006416, -0.006409 
  0.045528 ,  0.007343, -0.005800 
  0.046058 ,  0.008054, -0.004601 
  0.046553 ,  0.008537, -0.003030 
  0.047012 ,  0.008783, -0.001340 
  0.047434 ,  0.008786, 0.000210 
  0.047819 ,  0.008542, 0.001391 
  0.048166 ,  0.008053, 0.002032 
  0.048476 ,  0.007322, 0.002036 
  0.048747 ,  0.006355, 0.001401 
  0.048979 ,  0.005162, 0.000213 
  0.049171 ,  0.003757, -0.001362 
  0.049325 ,  0.002155, -0.003097 
  0.049438 ,  0.000374, -0.004733 
  0.049512 ,  -0.001564, -0.006011 
  0.049546 ,  -0.003637, -0.006703 
  0.049539 ,  -0.005820, -0.006641 
  0.049493 ,  -0.008087, -0.005740 
  0.049406 ,  -0.010409, -0.004009 
  0.049278 ,  -0.012758, -0.001555 
  0.049111 ,  -0.015104, 0.001427 
  0.048904 ,  -0.017418, 0.004674 
  0.048656 ,  -0.019670, 0.007880 
  0.048370 ,  -0.021832, 0.010727 
  0.048043 ,  -0.023875, 0.012918 
  0.047678 ,  -0.025772, 0.014209 
  0.047274 ,  -0.027497, 0.014428 
  0.046832 ,  -0.029027, 0.013498 
  0.046351 ,  -0.030340, 0.011440 
  0.045834 ,  -0.031417, 0.008371 
  0.045279 ,  -0.032239, 0.004496 
  0.044688 ,  -0.032795, 0.000085 
  0.044061 ,  -0.033071, -0.004548 
  0.043399 ,  -0.033061, -0.009074 
  0.042702 ,  -0.032759, -0.013174 
  0.041972 ,  -0.032163, -0.016563 
  0.041209 ,  -0.031274, -0.019010 
  0.040413 ,  -0.030098, -0.020355 
  0.039586 ,  -0.028642, -0.020512 
  0.038729 ,  -0.026917, -0.019474 
  0.037842 ,  -0.024936, -0.017311 
  0.036926 ,  -0.022716, -0.014159 
  0.035983 ,  -0.020275, -0.010210 
  0.035013 ,  -0.017635, -0.005698 
  0.034017 ,  -0.014818, -0.000882 
  0.032996 ,  -0.011851, 0.003965 
  0.031952 ,  -0.008759, 0.008578 
  0.030885 ,  -0.005569, 0.012711 
  0.029797 ,  -0.002311, 0.016149 
  0.028688 ,  0.000987, 0.018724 
  0.027561 ,  0.004296, 0.020321 
  0.026416 ,  0.007587, 0.020888 
  0.025253 ,  0.010832, 0.020432 
  0.024076 ,  0.014003, 0.019024 
  0.022884 ,  0.017074, 0.016792 
  0.021679 ,  0.020020, 0.013908 
  0.020463 ,  0.022817, 0.010579 
  0.019235 ,  0.025444, 0.007027 
  0.017999 ,  0.027883, 0.003471 
  0.016755 ,  0.030115, 0.000112 
  0.015504 ,  0.032128, -0.002886 
  0.014248 ,  0.033908, -0.005406 
  0.012988 ,  0.035447, -0.007385 
  0.011725 ,  0.036739, -0.008815 
  0.010461 ,  0.037779, -0.009740 
  0.009196 ,  0.038568, -0.010240 
  0.007933 ,  0.039107, -0.010422 
  0.006672 ,  0.039400, -0.010396 
  0.005415 ,  0.039455, -0.010265 
  0.004163 ,  0.039280, -0.010106 
  0.002917 ,  0.038887, -0.009960 
  0.001679 ,  0.038290, -0.009830 
  0.000449 ,  0.037504, -0.009680 
  -0.000771 ,  0.036545, -0.009447 
  -0.001980 ,  0.035431, -0.009048 
  -0.003176 ,  0.034181, -0.008403 
  -0.004359 ,  0.032814, -0.007447 
  -0.005527 ,  0.031349, -0.006142 
  -0.006680 ,  0.029808, -0.004491 
  -0.007816 ,  0.028210, -0.002542 
  -0.008934 ,  0.026573, -0.000380 
  -0.010033 ,  0.024916, 0.001874 
  -0.011113 ,  0.023257, 0.004082 
  -0.012171 ,  0.021612, 0.006105 
  -0.013208 ,  0.019996, 0.007815 
  -0.014222 ,  0.018422, 0.009114 
  -0.015212 ,  0.016901, 0.009945 
  -0.016178 ,  0.015444, 0.010293 
  -0.017118 ,  0.014058, 0.010186 
  -0.018033 ,  0.012749, 0.009689 
  -0.018920 ,  0.011519, 0.008888 
  -0.019781 ,  0.010372, 0.007881 
  -0.020613 ,  0.009306, 0.006760 
  -0.021416 ,  0.008318, 0.005602 
  -0.022190 ,  0.007405, 0.004460 
  -0.022934 ,  0.006560, 0.003361 
  -0.023647 ,  0.005775, 0.002308 
  -0.024330 ,  0.005042, 0.001290 
  -0.024981 ,  0.004350, 0.000290 
  -0.025600 ,  0.003688, -0.000702 
  -0.026188 ,  0.003043, -0.001681 
  -0.026743 ,  0.002404, -0.002617 
  -0.027266 ,  0.001757, -0.003459 
  -0.027755 ,  0.001089, -0.004133 
  -0.028212 ,  0.000389, -0.004561 
  -0.028636 ,  -0.000357, -0.004664 
  -0.029027 ,  -0.001158, -0.004387 
  -0.029384 ,  -0.002026, -0.003705 
  -0.029708 ,  -0.002969, -0.002640 
  -0.029999 ,  -0.003994, -0.001260 
  -0.030258 ,  -0.005108, 0.000318 
  -0.030483 ,  -0.006314, 0.001941 
  -0.030675 ,  -0.007615, 0.003434 
  -0.030835 ,  -0.009010, 0.004623 
  -0.030963 ,  -0.010496, 0.005353 
  -0.031059 ,  -0.012071, 0.005508 
  -0.031123 ,  -0.013726, 0.005031 
  -0.031156 ,  -0.015454, 0.003928 
  -0.031159 ,  -0.017243, 0.002267 
  -0.031131 ,  -0.019082, 0.000177 
  -0.031073 ,  -0.020954, -0.002175 
  -0.030986 ,  -0.022845, -0.004599 
  -0.030870 ,  -0.024736, -0.006910 
  -0.030726 ,  -0.026607, -0.008940 
  -0.030554 ,  -0.028439, -0.010563 
  -0.030356 ,  -0.030212, -0.011701 
  -0.030132 ,  -0.031902, -0.012326 
  -0.029882 ,  -0.033489, -0.012456 
  -0.029607 ,  -0.034951, -0.012144 
  -0.029308 ,  -0.036267, -0.011459 
  -0.028987 ,  -0.037417, -0.010472 
  -0.028643 ,  -0.038381, -0.009238 
  -0.028277 ,  -0.039140, -0.007792 
  -0.027891 ,  -0.039679, -0.006137 
  -0.027486 ,  -0.039984, -0.004256 
  -0.027061 ,  -0.040041, -0.002116 
  -0.026619 ,  -0.039840, 0.000310 
  -0.026160 ,  -0.039376, 0.003033 
  -0.025685 ,  -0.038642, 0.006028 
  -0.025195 ,  -0.037637, 0.009222 
  -0.024690 ,  -0.036363, 0.012492 
  -0.024173 ,  -0.034824, 0.015664 
  -0.023644 ,  -0.033027, 0.018532 
  -0.023104 ,  -0.030984, 0.020872 
  -0.022554 ,  -0.028708, 0.022470 
  -0.021994 ,  -0.026215, 0.023147 
  -0.021427 ,  -0.023526, 0.022782 
  -0.020853 ,  -0.020662, 0.021331 
  -0.020272 ,  -0.017648, 0.018837 
  -0.019687 ,  -0.014511, 0.015428 
  -0.019098 ,  -0.011279, 0.011308 
  -0.018505 ,  -0.007983, 0.006735 
  -0.017911 ,  -0.004653, 0.001998 
  -0.017315 ,  -0.001324, -0.002617 
  -0.016720 ,  0.001974, -0.006848 
  -0.016125 ,  0.005206, -0.010486 
  -0.015532 ,  0.008339, -0.013388 
  -0.014942 ,  0.011343, -0.015484 
  -0.014355 ,  0.014184, -0.016776 
  -0.013773 ,  0.016835, -0.017328 
  -0.013196 ,  0.019267, -0.017244 
  -0.012625 ,  0.021453, -0.016656 
  -0.012061 ,  0.023372, -0.015700 
  -0.011505 ,  0.025003, -0.014499 
  -0.010958 ,  0.026328, -0.013155 
  -0.010420 ,  0.027334, -0.011740 
  -0.009892 ,  0.028010, -0.010304 
  -0.009374 ,  0.028350, -0.008873 
  -0.008868 ,  0.028351, -0.007462 
  -0.008374 ,  0.028013, -0.006085 
  -0.007893 ,  0.027342, -0.004762 
  -0.007425 ,  0.026348, -0.003520 
  -0.006970 ,  0.025041, -0.002393 
  -0.006530 ,  0.023440, -0.001417 
  -0.006104 ,  0.021564, -0.000620 
  -0.005694 ,  0.019437, -0.000011 
  -0.005299 ,  0.017085, 0.000431 
  -0.004920 ,  0.014538, 0.000758 
  -0.004557 ,  0.011827, 0.001058 
  -0.004210 ,  0.008987, 0.001445 
  -0.003880 ,  0.006053, 0.002046 
  -0.003568 ,  0.003062, 0.002984 
  -0.003272 ,  0.000052, 0.004351 
  -0.002994 ,  -0.002937, 0.006195 
  -0.002733 ,  -0.005869, 0.008495 
  -0.002489 ,  -0.008705, 0.011159 
  -0.002263 ,  -0.011407, 0.014018 
  -0.002054 ,  -0.013940, 0.016843 
  -0.001863 ,  -0.016271, 0.019363 
  -0.001690 ,  -0.018367, 0.021295 
  -0.001533 ,  -0.020200, 0.022377 
  -0.001393 ,  -0.021743, 0.022405 
  -0.001271 ,  -0.022973, 0.021258 
  -0.001165 ,  -0.023871, 0.018920 
  -0.001075 ,  -0.024422, 0.015489 
  -0.001002 ,  -0.024613, 0.011167 
  -0.000944 ,  -0.024438, 0.006245 
  -0.000902 ,  -0.023893, 0.001073 
  -0.000875 ,  -0.022980, -0.003983 
  -0.000863 ,  -0.021703, -0.008574 
  -0.000864 ,  -0.020073, -0.012414 
  -0.000880 ,  -0.018104, -0.015302 
  -0.000908 ,  -0.015812, -0.017149 
  -0.000949 ,  -0.013220, -0.017977 
  -0.001003 ,  -0.010353, -0.017910 
  -0.001067 ,  -0.007239, -0.017159 
  -0.001143 ,  -0.003910, -0.015981 
  -0.001229 ,  -0.000399, -0.014650 
  -0.001325 ,  0.003258, -0.013415 
  -0.001429 ,  0.007022, -0.012472 
  -0.001542 ,  0.010856, -0.011935 
  -0.001663 ,  0.014720, -0.011830 
  -0.001790 ,  0.018572, -0.012090 
  -0.001923 ,  0.022373, -0.012571 
  -0.002062 ,  0.026084, -0.013071 
  -0.002205 ,  0.029666, -0.013364 
  -0.002352 ,  0.033082, -0.013225 
  -0.002503 ,  0.036297, -0.012463 
  -0.002655 ,  0.039277, -0.010944 
  -0.002809 ,  0.041994, -0.008609 
  -0.002964 ,  0.044419, -0.005479 
  -0.003119 ,  0.046529, -0.001652 
  -0.003273 ,  0.048302, 0.002707 
  -0.003425 ,  0.049724, 0.007383 
  -0.003575 ,  0.050780, 0.012129 
  -0.003722 ,  0.051462, 0.016695 
  -0.003864 ,  0.051766, 0.020839 
  -0.004002 ,  0.051691, 0.024348 
  -0.004135 ,  0.051240, 0.027051 
  -0.004261 ,  0.050420, 0.028820 
  -0.004380 ,  0.049244, 0.029578 
  -0.004491 ,  0.047726, 0.029298 
  -0.004595 ,  0.045885, 0.027996 
  -0.004689 ,  0.043741, 0.025728 
  -0.004773 ,  0.041319, 0.022588 
  -0.004847 ,  0.038647, 0.018701 
  -0.004910 ,  0.035752, 0.014217 
  -0.004961 ,  0.032667, 0.009311 
  -0.005000 ,  0.029422, 0.004171 
  -0.005027 ,  0.026051, -0.001003 
  -0.005040 ,  0.022587, -0.006013 
  -0.005039 ,  0.019065, -0.010667 
  -0.005024 ,  0.015517, -0.014799 
  -0.004995 ,  0.011975, -0.018270 
  -0.004950 ,  0.008472, -0.020985 
  -0.004890 ,  0.005036, -0.022896 
  -0.004814 ,  0.001697, -0.024004 
  -0.004723 ,  -0.001521, -0.024359 
  -0.004614 ,  -0.004594, -0.024050 
  -0.004489 ,  -0.007501, -0.023194 
  -0.004348 ,  -0.010225, -0.021919 
  -0.004189 ,  -0.012752, -0.020348 
  -0.004013 ,  -0.015069, -0.018586 
  -0.003820 ,  -0.017169, -0.016703 
  -0.003610 ,  -0.019047, -0.014730 
  -0.003383 ,  -0.020701, -0.012654 
  -0.003138 ,  -0.022134, -0.010430 
  -0.002876 ,  -0.023351, -0.007988 
  -0.002597 ,  -0.024358, -0.005251 
  -0.002302 ,  -0.025167, -0.002156 
  -0.001989 ,  -0.025792, 0.001329 
  -0.001660 ,  -0.026246, 0.005188 
  -0.001315 ,  -0.026549, 0.009346 
  -0.000954 ,  -0.026718, 0.013666 
  -0.000577 ,  -0.026775, 0.017954 
  -0.000185 ,  -0.026740, 0.021971 
  0.000222 ,  -0.026636, 0.025452 
  0.000643 ,  -0.026485, 0.028131 
  0.001078 ,  -0.026308, 0.029768 
  0.001526 ,  -0.026128, 0.030171 
  0.001987 ,  -0.025965, 0.029220 
  0.002460 ,  -0.025839, 0.026883 
  0.002944 ,  -0.025767, 0.023221 
  0.003439 ,  -0.025765, 0.018391 
  0.003945 ,  -0.025847, 0.012634 
  0.004459 ,  -0.026026, 0.006259 
  0.004983 ,  -0.026309, -0.000375 
  0.005514 ,  -0.026703, -0.006890 
  0.006052 ,  -0.027213, -0.012913 
  0.006596 ,  -0.027838, -0.018103 
  0.007145 ,  -0.028576, -0.022176 
  0.007699 ,  -0.029423, -0.024922 
  0.008256 ,  -0.030369, -0.026219 
  0.008815 ,  -0.031405, -0.026043 
  0.009376 ,  -0.032516, -0.024463 
  0.009938 ,  -0.033687, -0.021643 
  0.010499 ,  -0.034900, -0.017824 
  0.011058 ,  -0.036135, -0.013306 
  0.011615 ,  -0.037370, -0.008432 
  0.012168 ,  -0.038581, -0.003554 
  0.012716 ,  -0.039745, 0.000983 
  0.013259 ,  -0.040837, 0.004877 
  0.013795 ,  -0.041830, 0.007888 
  0.014322 ,  -0.042701, 0.009855 
  0.014841 ,  -0.043423, 0.010714 
  0.015350 ,  -0.043973, 0.010499 
  0.015847 ,  -0.044327, 0.009339 
  0.016333 ,  -0.044465, 0.007447 
  0.016804 ,  -0.044366, 0.005093 
  0.017262 ,  -0.044013, 0.002583 
  0.017704 ,  -0.043389, 0.000225 
  0.018129 ,  -0.042483, -0.001707 
  0.018537 ,  -0.041285, -0.002996 
  0.018926 ,  -0.039788, -0.003507 
  0.019295 ,  -0.037988, -0.003202 
  0.019644 ,  -0.035885, -0.002143 
  0.019971 ,  -0.033482, -0.000477 
  0.020276 ,  -0.030785, 0.001575 
  0.020557 ,  -0.027805, 0.003753 
  0.020813 ,  -0.024554, 0.005786 
  0.021045 ,  -0.021048, 0.007429 
  0.021250 ,  -0.017308, 0.008492 
  0.021428 ,  -0.013354, 0.008860 
  0.021578 ,  -0.009212, 0.008507 
  0.021699 ,  -0.004909, 0.007494 
  0.021792 ,  -0.000473, 0.005960 
  0.021854 ,  0.004063, 0.004094 
  0.021886 ,  0.008669, 0.002110 
  0.021886 ,  0.013309, 0.000215 
  0.021854 ,  0.017952, -0.001422 
  0.021790 ,  0.022560, -0.002691 
  0.021694 ,  0.027102, -0.003556 
  0.021563 ,  0.031542, -0.004054 
  0.021400 ,  0.035847, -0.004282 
  0.021202 ,  0.039985, -0.004382 
  0.020969 ,  0.043926, -0.004505 
  0.020702 ,  0.047640, -0.004786 
  0.020400 ,  0.051101, -0.005314 
  0.020064 ,  0.054284, -0.006111 
  0.019692 ,  0.057168, -0.007122 
  0.019284 ,  0.059733, -0.008222 
  0.018842 ,  0.061964, -0.009223 
  0.018364 ,  0.063847, -0.009910 
  0.017852 ,  0.065372, -0.010068 
  0.017304 ,  0.066533, -0.009522 
  0.016722 ,  0.067327, -0.008166 
  0.016105 ,  0.067753, -0.005987 
  0.015455 ,  0.067814, -0.003077 
  0.014770 ,  0.067517, 0.000369 
  0.014052 ,  0.066870, 0.004075 
  0.013302 ,  0.065885, 0.007712 
  0.012519 ,  0.064576, 0.010939 
  0.011704 ,  0.062960, 0.013446 
  0.010858 ,  0.061056, 0.014991 
  0.009982 ,  0.058884, 0.015437 
  0.009076 ,  0.056466, 0.014764 
  0.008142 ,  0.053825, 0.013077 
  0.007179 ,  0.050987, 0.010589 
  0.006189 ,  0.047975, 0.007594 
  0.005173 ,  0.044816, 0.004429 
  0.004132 ,  0.041534, 0.001428 
  0.003066 ,  0.038155, -0.001118 
  0.001978 ,  0.034704, -0.002998 
  0.000867 ,  0.031205, -0.004106 
  -0.000264 ,  0.027681, -0.004447 
  -0.001415 ,  0.024153, -0.004135 
  -0.002584 ,  0.020643, -0.003366 
  -0.003770 ,  0.017170, -0.002387 
  -0.004972 ,  0.013751, -0.001459 
  -0.006188 ,  0.010402, -0.000817 
  -0.007418 ,  0.007137, -0.000633 
  -0.008659 ,  0.003968, -0.000994 
  -0.009910 ,  0.000906, -0.001894 
  -0.011169 ,  -0.002041, -0.003233 
  -0.012436 ,  -0.004866, -0.004838 
  -0.013708 ,  -0.007564, -0.006489 
  -0.014984 ,  -0.010132, -0.007954 
  -0.016262 ,  -0.012566, -0.009020 
  -0.017542 ,  -0.014868, -0.009530 
  -0.018820 ,  -0.017036, -0.009398 
  -0.020097 ,  -0.019073, -0.008622 
  -0.021369 ,  -0.020980, -0.007278 
  -0.022635 ,  -0.022761, -0.005509 
  -0.023894 ,  -0.024419, -0.003497 
  -0.025144 ,  -0.025958, -0.001440 
  -0.026383 ,  -0.027381, 0.000486 
  -0.027610 ,  -0.028693, 0.002142 
  -0.028823 ,  -0.029896, 0.003452 
  -0.030021 ,  -0.030994, 0.004400 
  -0.031201 ,  -0.031989, 0.005034 
  -0.032362 ,  -0.032884, 0.005442 
  -0.033502 ,  -0.033680, 0.005740 
  -0.034621 ,  -0.034377, 0.006036 
  -0.035715 ,  -0.034976, 0.006414 
  -0.036784 ,  -0.035476, 0.006912 
  -0.037827 ,  -0.035874, 0.007509 
  -0.038840 ,  -0.036169, 0.008128 
  -0.039824 ,  -0.036357, 0.008647 
  -0.040777 ,  -0.036435, 0.008916 
  -0.041696 ,  -0.036398, 0.008785 
  -0.042581 ,  -0.036243, 0.008131 
  -0.043431 ,  -0.035963, 0.006883 
  -0.044243 ,  -0.035554, 0.005040 
  -0.045017 ,  -0.035011, 0.002681 
  -0.045752 ,  -0.034331, -0.000036 
  -0.046445 ,  -0.033508, -0.002893 
  -0.047097 ,  -0.032540, -0.005631 
  -0.047705 ,  -0.031423, -0.007984 
  -0.048269 ,  -0.030156, -0.009714 
  -0.048788 ,  -0.028739, -0.010636 
  -0.049261 ,  -0.027172, -0.010651 
  -0.049686 ,  -0.025459, -0.009757 
  -0.050063 ,  -0.023602, -0.008053 
  -0.050391 ,  -0.021607, -0.005726 
  -0.050670 ,  -0.019482, -0.003037 
  -0.050898 ,  -0.017235, -0.000283 
  -0.051075 ,  -0.014878, 0.002230 
  -0.051201 ,  -0.012424, 0.004230 
  -0.051274 ,  -0.009886, 0.005502 
  -0.051295 ,  -0.007282, 0.005919 
  -0.051263 ,  -0.004629, 0.005450 
  -0.051177 ,  -0.001946, 0.004163 
  -0.051038 ,  0.000745, 0.002214 
  -0.050845 ,  0.003424, -0.000173 
  -0.050598 ,  0.006067, -0.002731 
  -0.050297 ,  0.008651, -0.005184 
  -0.049942 ,  0.011153, -0.007274 
  -0.049533 ,  0.013547, -0.008790 
  -0.049070 ,  0.015812, -0.009583 
  -0.048554 ,  0.017922, -0.009583 
  -0.047984 ,  0.019857, -0.008795 
  -0.047361 ,  0.021593, -0.007298 
  -0.046685 ,  0.023111, -0.005227 
  -0.045958 ,  0.024392, -0.002757 
  -0.045178 ,  0.025420, -0.000082 
  -0.044348 ,  0.026180, 0.002604 
  -0.043467 ,  0.026661, 0.005124 
  -0.042537 ,  0.026852, 0.007334 
  -0.041558 ,  0.026749, 0.009125 
  -0.040531 ,  0.026346, 0.010434 
  -0.039457 ,  0.025644, 0.011233 
  -0.038337 ,  0.024646, 0.011530 
  -0.037171 ,  0.023358, 0.011358 
  -0.035962 ,  0.021790, 0.010768 
  -0.034710 ,  0.019954, 0.009819 
  -0.033416 ,  0.017867, 0.008574 
  -0.032083 ,  0.015548, 0.007095 
  -0.030710 ,  0.013018, 0.005437 
  -0.029299 ,  0.010303, 0.003652 
  -0.027852 ,  0.007430, 0.001788 
  -0.026371 ,  0.004428, -0.000108 
  -0.024856 ,  0.001328, -0.001993 
  -0.023309 ,  -0.001836, -0.003818 
  -0.021733 ,  -0.005030, -0.005535 
  -0.020128 ,  -0.008220, -0.007094 
  -0.018496 ,  -0.011370, -0.008443 
  -0.016838 ,  -0.014444, -0.009533 
  -0.015158 ,  -0.017408, -0.010317 
  -0.013456 ,  -0.020228, -0.010756 
  -0.011734 ,  -0.022871, -0.010822 
  -0.009993 ,  -0.025305, -0.010498 
  -0.008237 ,  -0.027502, -0.009782 
  -0.006467 ,  -0.029435, -0.008686 
  -0.004683 ,  -0.031080, -0.007242 
  -0.002890 ,  -0.032416, -0.005497 
  -0.001087 ,  -0.033426, -0.003513 
  0.000722 ,  -0.034096, -0.001368 
  0.002536 ,  -0.034416, 0.000848 
  0.004353 ,  -0.034380, 0.003038 
  0.006171 ,  -0.033986, 0.005100 
  0.007988 ,  -0.033236, 0.006935 
  0.009802 ,  -0.032137, 0.008449 
  0.011611 ,  -0.030699, 0.009561 
  0.013414 ,  -0.028937, 0.010211 
  0.015208 ,  -0.026869, 0.010360 
  0.016992 ,  -0.024516, 0.009999 
  0.018763 ,  -0.021905, 0.009148 
  0.020520 ,  -0.019063, 0.007857 
  0.022261 ,  -0.016022, 0.006201 
  0.023984 ,  -0.012816, 0.004280 
  0.025687 ,  -0.009481, 0.002212 
  0.027369 ,  -0.006052, 0.000119 
  0.029028 ,  -0.002570, -0.001873 
  0.030662 ,  0.000927, -0.003650 
  0.032269 ,  0.004400, -0.005112 
  0.033848 ,  0.007810, -0.006184 
  0.035398 ,  0.011118, -0.006818 
  0.036916 ,  0.014289, -0.006997 
  0.038402 ,  0.017287, -0.006736 
  0.039853 ,  0.020078, -0.006075 
  0.041269 ,  0.022633, -0.005082 
  0.042647 ,  0.024925, -0.003844 
  0.043987 ,  0.026929, -0.002464 
  0.045288 ,  0.028625, -0.001049 
  0.046548 ,  0.029997, 0.000290 
  0.047765 ,  0.031032, 0.001448 
  0.048940 ,  0.031723, 0.002332 
  0.050071 ,  0.032066, 0.002867 
  0.051156 ,  0.032061, 0.003001 
  0.052196 ,  0.031714, 0.002710 
  0.053188 ,  0.031035, 0.002002 
  0.054133 ,  0.030038, 0.000922 
  0.055030 ,  0.028740, -0.000453 
  0.055878 ,  0.027164, -0.002009 
  0.056675 ,  0.025335, -0.003605 
  0.057423 ,  0.023283, -0.005079 
  0.058120 ,  0.021038, -0.006257 
  0.058766 ,  0.018634, -0.006971 
  0.059360 ,  0.016109, -0.007073 
  0.059903 ,  0.013500, -0.006449 
  0.060393 ,  0.010845, -0.005038 
  0.060832 ,  0.008184, -0.002843 
  0.061219 ,  0.005557, 0.000058 
  0.061553 ,  0.003003, 0.003517 
  0.061835 ,  0.000559, 0.007314 
  0.062065 ,  -0.001737, 0.011173 
  0.062244 ,  -0.003852, 0.014782 
  0.062371 ,  -0.005752, 0.017821 
  0.062446 ,  -0.007409, 0.019984 
  0.062471 ,  -0.008796, 0.021017 
  0.062445 ,  -0.009891, 0.020737 
  0.062370 ,  -0.010676, 0.019061 
  0.062245 ,  -0.011136, 0.016013 
  0.062071 ,  -0.011262, 0.011731 
  0.061849 ,  -0.011047, 0.006458 
  0.061580 ,  -0.010492, 0.000522 
  0.061265 ,  -0.009601, -0.005688 
  0.060903 ,  -0.008382, -0.011759 
  0.060497 ,  -0.006849, -0.017290 
  0.060047 ,  -0.005019, -0.021924 
  0.059554 ,  -0.002914, -0.025383 
  0.059020 ,  -0.000562, -0.027488 
  0.058444 ,  0.002010, -0.028171 
  0.057829 ,  0.004767, -0.027472 
  0.057176 ,  0.007673, -0.025535 
  0.056485 ,  0.010690, -0.022581 
  0.055759 ,  0.013777, -0.018879 
  0.054998 ,  0.016893, -0.014721 
  0.054203 ,  0.019993, -0.010382 
  0.053376 ,  0.023035, -0.006102 
  0.052519 ,  0.025975, -0.002059 
  0.051633 ,  0.028769, 0.001639 
  0.050718 ,  0.031376, 0.004952 
  0.049778 ,  0.033757, 0.007902 
  0.048812 ,  0.035872, 0.010552 
  0.047823 ,  0.037688, 0.012988 
  0.046812 ,  0.039171, 0.015290 
  0.045781 ,  0.040293, 0.017516 
  0.044731 ,  0.041030, 0.019677 
  0.043664 ,  0.041362, 0.021732 
  0.042580 ,  0.041271, 0.023589 
  0.041483 ,  0.040748, 0.025105 
  0.040372 ,  0.039786, 0.026111 
  0.039251 ,  0.038384, 0.026424 
  0.038120 ,  0.036546, 0.025879 
  0.036980 ,  0.034280, 0.024347 
  0.035834 ,  0.031602, 0.021757 
  0.034683 ,  0.028528, 0.018111 
  0.033528 ,  0.025084, 0.013488 
  0.032371 ,  0.021296, 0.008046 
  0.031214 ,  0.017196, 0.002006 
  0.030057 ,  0.012821, -0.004359 
  0.028902 ,  0.008209, -0.010747 
  0.027751 ,  0.003401, -0.016850 
  0.026604 ,  -0.001557, -0.022374 
  0.025464 ,  -0.006620, -0.027063 
  0.024331 ,  -0.011740, -0.030708 
  0.023207 ,  -0.016868, -0.033159 
  0.022092 ,  -0.021956, -0.034330 
  0.020989 ,  -0.026954, -0.034193 
  0.019899 ,  -0.031816, -0.032781 
  0.018821 ,  -0.036493, -0.030174 
  0.017758 ,  -0.040943, -0.026494 
  0.016711 ,  -0.045121, -0.021898 
  0.015680 ,  -0.048988, -0.016574 
  0.014667 ,  -0.052508, -0.010730 
  0.013672 ,  -0.055648, -0.004597 
  0.012696 ,  -0.058379, 0.001582 
  0.011741 ,  -0.060675, 0.007551 
  0.010806 ,  -0.062517, 0.013052 
  0.009892 ,  -0.063888, 0.017838 
  0.009001 ,  -0.064779, 0.021679 
  0.008132 ,  -0.065183, 0.024385 
  0.007286 ,  -0.065099, 0.025816 
  0.006465 ,  -0.064532, 0.025904 
  0.005667 ,  -0.063490, 0.024661 
  0.004894 ,  -0.061987, 0.022189 
  0.004146 ,  -0.060040, 0.018679 
  0.003422 ,  -0.057672, 0.014405 
  0.002725 ,  -0.054909, 0.009703 
  0.002052 ,  -0.051782, 0.004950 
  0.001406 ,  -0.048323, 0.000531 
  0.000785 ,  -0.044569, -0.003194 
  0.000190 ,  -0.040558, -0.005928 
  -0.000380 ,  -0.036330, -0.007462 
  -0.000924 ,  -0.031928, -0.007702 
  -0.001442 ,  -0.027395, -0.006680 
  -0.001936 ,  -0.022774, -0.004556 
  -0.002404 ,  -0.018110, -0.001601 
  -0.002848 ,  -0.013446, 0.001824 
  -0.003267 ,  -0.008824, 0.005305 
  -0.003663 ,  -0.004286, 0.008414 
  -0.004035 ,  0.000128, 0.010754 
  -0.004384 ,  0.004382, 0.012000 
  -0.004711 ,  0.008441, 0.011932 
  -0.005016 ,  0.012271, 0.010460 
  -0.005300 ,  0.015845, 0.007634 
  -0.005563 ,  0.019136, 0.003640 
  -0.005806 ,  0.022123, -0.001214 
  -0.006030 ,  0.024787, -0.006533 
  -0.006236 ,  0.027114, -0.011866 
  -0.006424 ,  0.029093, -0.016756 
  -0.006596 ,  0.030717, -0.020779 
  -0.006751 ,  0.031985, -0.023586 
  -0.006892 ,  0.032897, -0.024936 
  -0.007018 ,  0.033457, -0.024715 
  -0.007131 ,  0.033675, -0.022944 
  -0.007232 ,  0.033563, -0.019781 
  -0.007322 ,  0.033135, -0.015496 
  -0.007402 ,  0.032410, -0.010449 
  -0.007472 ,  0.031408, -0.005053 
  -0.007534 ,  0.030152, 0.000265 
  -0.007589 ,  0.028667, 0.005100 
  -0.007637 ,  0.026980, 0.009109 
  -0.007681 ,  0.025118, 0.012038 
  -0.007720 ,  0.023109, 0.013738 
  -0.007757 ,  0.020984, 0.014180 
  -0.007791 ,  0.018772, 0.013449 
  -0.007825 ,  0.016502, 0.011733 
  -0.007859 ,  0.014203, 0.009301 
  -0.007893 ,  0.011903, 0.006471 
  -0.007930 ,  0.009629, 0.003586 
  -0.007970 ,  0.007406, 0.000970 
  -0.008015 ,  0.005259, -0.001093 
  -0.008064 ,  0.003209, -0.002389 
  -0.008120 ,  0.001276, -0.002794 
  -0.008183 ,  -0.000521, -0.002279 
  -0.008253 ,  -0.002168, -0.000912 
  -0.008333 ,  -0.003651, 0.001152 
  -0.008422 ,  -0.004961, 0.003688 
  -0.008522 ,  -0.006088, 0.006428 
  -0.008634 ,  -0.007028, 0.009086 
  -0.008757 ,  -0.007778, 0.011386 
  -0.008894 ,  -0.008337, 0.013090 
  -0.009044 ,  -0.008707, 0.014019 
  -0.009209 ,  -0.008891, 0.014067 
  -0.009389 ,  -0.008897, 0.013212 
  -0.009584 ,  -0.008732, 0.011506 
  -0.009796 ,  -0.008405, 0.009074 
  -0.010024 ,  -0.007928, 0.006094 
  -0.010270 ,  -0.007313, 0.002776 
  -0.010533 ,  -0.006573, -0.000657 
  -0.010814 ,  -0.005722, -0.003995 
  -0.011114 ,  -0.004776, -0.007053 
  -0.011432 ,  -0.003750, -0.009690 
  -0.011770 ,  -0.002658, -0.011814 
  -0.012126 ,  -0.001517, -0.013380 
  -0.012502 ,  -0.000340, -0.014388 
  -0.012897 ,  0.000857, -0.014871 
  -0.013312 ,  0.002060, -0.014884 
  -0.013746 ,  0.003258, -0.014489 
  -0.014200 ,  0.004436, -0.013747 
  -0.014673 ,  0.005585, -0.012709 
  -0.015165 ,  0.006695, -0.011413 
  -0.015676 ,  0.007757, -0.009886 
  -0.016206 ,  0.008763, -0.008147 
  -0.016754 ,  0.009708, -0.006222 
  -0.017321 ,  0.010586, -0.004145 
  -0.017905 ,  0.011395, -0.001972 
  -0.018506 ,  0.012133, 0.000218 
  -0.019125 ,  0.012798, 0.002322 
  -0.019759 ,  0.013391, 0.004218 
  -0.020409 ,  0.013913, 0.005779 
  -0.021074 ,  0.014366, 0.006881 
  -0.021753 ,  0.014754, 0.007430 
  -0.022446 ,  0.015081, 0.007370 
  -0.023152 ,  0.015351, 0.006701 
  -0.023869 ,  0.015569, 0.005486 
  -0.024598 ,  0.015741, 0.003852 
  -0.025337 ,  0.015871, 0.001983 
  -0.026085 ,  0.015966, 0.000105 
  -0.026841 ,  0.016031, -0.001536 
  -0.027605 ,  0.016071, -0.002701 
  -0.028375 ,  0.016092, -0.003181 
  -0.029150 ,  0.016097, -0.002830 
  -0.029929 ,  0.016090, -0.001577 
  -0.030711 ,  0.016076, 0.000559 
  -0.031495 ,  0.016056, 0.003463 
  -0.032280 ,  0.016033, 0.006936 
  -0.033064 ,  0.016007, 0.010711 
  -0.033846 ,  0.015979, 0.014475 
  -0.034625 ,  0.015949, 0.017896 
  -0.035400 ,  0.015915, 0.020660 
  -0.036169 ,  0.015874, 0.022489 
  -0.036931 ,  0.015825, 0.023173 
  -0.037685 ,  0.015764, 0.022583 
  -0.038430 ,  0.015686, 0.020676 
  -0.039164 ,  0.015586, 0.017501 
  -0.039885 ,  0.015460, 0.013185 
  -0.040594 ,  0.015302, 0.007925 
  -0.041287 ,  0.015106, 0.001969 
  -0.041965 ,  0.014866, -0.004406 
  -0.042625 ,  0.014575, -0.010905 
  -0.043267 ,  0.014228, -0.017234 
  -0.043889 ,  0.013819, -0.023115 
  -0.044490 ,  0.013343, -0.028289 
  -0.045068 ,  0.012793, -0.032530 
  -0.045623 ,  0.012165, -0.035644 
  -0.046153 ,  0.011456, -0.037475 
  -0.046657 ,  0.010661, -0.037913 
  -0.047134 ,  0.009778, -0.036894 
  -0.047583 ,  0.008804, -0.034407 
  -0.048002 ,  0.007740, -0.030504 
  -0.048391 ,  0.006584, -0.025299 
  -0.048749 ,  0.005337, -0.018975 
  -0.049074 ,  0.004001, -0.011779 
  -0.049365 ,  0.002579, -0.004016 
  -0.049622 ,  0.001074, 0.003962 
  -0.049845 ,  -0.000509, 0.011781 
  -0.050031 ,  -0.002164, 0.019059 
  -0.050180 ,  -0.003887, 0.025442 
  -0.050291 ,  -0.005668, 0.030622 
  -0.050365 ,  -0.007501, 0.034365 
  -0.050399 ,  -0.009378, 0.036531 
  -0.050394 ,  -0.011288, 0.037078 
  -0.050349 ,  -0.013223, 0.036069 
  -0.050263 ,  -0.015172, 0.033661 
  -0.050137 ,  -0.017125, 0.030092 
  -0.049969 ,  -0.019072, 0.025649 
  -0.049759 ,  -0.021002, 0.020648 
  -0.049508 ,  -0.022904, 0.015404 
  -0.049214 ,  -0.024768, 0.010198 
  -0.048878 ,  -0.026583, 0.005267 
  -0.048500 ,  -0.028340, 0.000781 
  -0.048079 ,  -0.030028, -0.003157 
  -0.047616 ,  -0.031637, -0.006508 
  -0.047111 ,  -0.033160, -0.009288 
  -0.046564 ,  -0.034587, -0.011551 
  -0.045975 ,  -0.035910, -0.013370 
  -0.045345 ,  -0.037123, -0.014822 
  -0.044673 ,  -0.038218, -0.015973 
  -0.043961 ,  -0.039190, -0.016868 
  -0.043208 ,  -0.040034, -0.017527 
  -0.042416 ,  -0.040744, -0.017948 
  -0.041584 ,  -0.041318, -0.018112 
  -0.040714 ,  -0.041752, -0.017993 
  -0.039806 ,  -0.042043, -0.017570 
  -0.038862 ,  -0.042190, -0.016832 
  -0.037881 ,  -0.042191, -0.015785 
  -0.036865 ,  -0.042047, -0.014454 
  -0.035815 ,  -0.041757, -0.012880 
  -0.034731 ,  -0.041322, -0.011111 
  -0.033616 ,  -0.040743, -0.009195 
  -0.032469 ,  -0.040022, -0.007171 
  -0.031292 ,  -0.039160, -0.005059 
  -0.030087 ,  -0.038161, -0.002863 
  -0.028854 ,  -0.037026, -0.000563 
  -0.027595 ,  -0.035760, 0.001869 
  -0.026311 ,  -0.034366, 0.004467 
  -0.025004 ,  -0.032847, 0.007251 
  -0.023675 ,  -0.031208, 0.010214 
  -0.022326 ,  -0.029453, 0.013310 
  -0.020957 ,  -0.027587, 0.016446 
  -0.019571 ,  -0.025615, 0.019479 
  -0.018169 ,  -0.023542, 0.022223 
  -0.016753 ,  -0.021373, 0.024460 
  -0.015325 ,  -0.019115, 0.025962 
  -0.013885 ,  -0.016773, 0.026516 
  -0.012437 ,  -0.014353, 0.025945 
  -0.010981 ,  -0.011863, 0.024142 
  -0.009519 ,  -0.009309, 0.021077 
  -0.008052 ,  -0.006699, 0.016819 
  -0.006584 ,  -0.004040, 0.011532 
  -0.005115 ,  -0.001341, 0.005469 
  -0.003647 ,  0.001391, -0.001046 
  -0.002183 ,  0.004146, -0.007644 
  -0.000723 ,  0.006914, -0.013943 
  0.000731 ,  0.009687, -0.019578 
  0.002176 ,  0.012453, -0.024232 
  0.003611 ,  0.015204, -0.027662 
  0.005034 ,  0.017927, -0.029715 
  0.006443 ,  0.020612, -0.030334 
  0.007837 ,  0.023247, -0.029561 
  0.009214 ,  0.025821, -0.027522 
  0.010573 ,  0.028322, -0.024411 
  0.011911 ,  0.030738, -0.020466 
  0.013226 ,  0.033058, -0.015948 
  0.014518 ,  0.035269, -0.011116 
  0.015785 ,  0.037360, -0.006210 
  0.017025 ,  0.039320, -0.001434 
  0.018236 ,  0.041137, 0.003050 
  0.019418 ,  0.042801, 0.007124 
  0.020568 ,  0.044302, 0.010709 
  0.021685 ,  0.045631, 0.013762 
  0.022768 ,  0.046779, 0.016261 
  0.023816 ,  0.047739, 0.018203 
  0.024827 ,  0.048504, 0.019588 
  0.025800 ,  0.049068, 0.020421 
  0.026733 ,  0.049427, 0.020702 
  0.027627 ,  0.049578, 0.020433 
  0.028479 ,  0.049519, 0.019620 
  0.029289 ,  0.049250, 0.018274 
  0.030055 ,  0.048773, 0.016420 
  0.030777 ,  0.048089, 0.014101 
  0.031454 ,  0.047203, 0.011380 
  0.032086 ,  0.046120, 0.008340 
  0.032671 ,  0.044849, 0.005084 
  0.033209 ,  0.043396, 0.001727 
  0.033699 ,  0.041773, -0.001607 
  0.034141 ,  0.039991, -0.004795 
  0.034534 ,  0.038062, -0.007725 
  0.034878 ,  0.036000, -0.010298 
  0.035173 ,  0.033821, -0.012442 
  0.035419 ,  0.031540, -0.014107 
  0.035615 ,  0.029173, -0.015274 
  0.035761 ,  0.026739, -0.015948 
  0.035858 ,  0.024253, -0.016160 
  0.035905 ,  0.021736, -0.015956 
  0.035903 ,  0.019204, -0.015392 
  0.035851 ,  0.016675, -0.014529 
  0.035751 ,  0.014167, -0.013425 
  0.035601 ,  0.011697, -0.012129 
  0.035404 ,  0.009282, -0.010679 
  0.035159 ,  0.006936, -0.009098 
  0.034867 ,  0.004675, -0.007400 
  0.034528 ,  0.002511, -0.005584 
  0.034144 ,  0.000457, -0.003651 
  0.033714 ,  -0.001477, -0.001600 
  0.033241 ,  -0.003283, 0.000562 
  0.032724 ,  -0.004954, 0.002810 
  0.032165 ,  -0.006485, 0.005105 
  0.031565 ,  -0.007872, 0.007383 
  0.030925 ,  -0.009115, 0.009564 
  0.030246 ,  -0.010215, 0.011550 
  0.029529 ,  -0.011173, 0.013234 
  0.028776 ,  -0.011995, 0.014511 
  0.027987 ,  -0.012687, 0.015289 
  0.027165 ,  -0.013258, 0.015497 
  0.026310 ,  -0.013718, 0.015102 
  0.025424 ,  -0.014077, 0.014111 
  0.024509 ,  -0.014349, 0.012577 
  0.023566 ,  -0.014547, 0.010599 
  0.022598 ,  -0.014687, 0.008315 
  0.021604 ,  -0.014784, 0.005889 
  0.020588 ,  -0.014855, 0.003500 
  0.019550 ,  -0.014915, 0.001318 
  0.018493 ,  -0.014981, -0.000506 
  0.017418 ,  -0.015070, -0.001864 
  0.016328 ,  -0.015197, -0.002699 
  0.015223 ,  -0.015377, -0.003016 
  0.014107 ,  -0.015624, -0.002878 
  0.012980 ,  -0.015951, -0.002403 
  0.011844 ,  -0.016369, -0.001749 
  0.010702 ,  -0.016888, -0.001095 
  0.009555 ,  -0.017515, -0.000623 
  0.008406 ,  -0.018257, -0.000491 
  0.007255 ,  -0.019115, -0.000820 
  0.006106 ,  -0.020092, -0.001672 
  0.004960 ,  -0.021187, -0.003046 
  0.003818 ,  -0.022394, -0.004875 
  0.002683 ,  -0.023709, -0.007034 
  0.001557 ,  -0.025122, -0.009353 
  0.000441 ,  -0.026622, -0.011633 
  -0.000662 ,  -0.028196, -0.013669 
  -0.001751 ,  -0.029826, -0.015272 
  -0.002825 ,  -0.031496, -0.016286 
  -0.003880 ,  -0.033185, -0.016603 
  -0.004916 ,  -0.034870, -0.016172 
  -0.005931 ,  -0.036530, -0.015000 
  -0.006923 ,  -0.038139, -0.013148 
  -0.007891 ,  -0.039671, -0.010721 
  -0.008832 ,  -0.041100, -0.007859 
  -0.009746 ,  -0.042400, -0.004718 
  -0.010630 ,  -0.043544, -0.001460 
  -0.011484 ,  -0.044505, 0.001763 
  -0.012305 ,  -0.045257, 0.004815 
  -0.013093 ,  -0.045777, 0.007582 
  -0.013846 ,  -0.046040, 0.009979 
  -0.014563 ,  -0.046026, 0.011945 
  -0.015242 ,  -0.045715, 0.013446 
  -0.015883 ,  -0.045089, 0.014469 
  -0.016485 ,  -0.044135, 0.015027 
  -0.017045 ,  -0.042841, 0.015148 
  -0.017564 ,  -0.041198, 0.014881 
  -0.018041 ,  -0.039202, 0.014293 
  -0.018474 ,  -0.036852, 0.013465 
  -0.018863 ,  -0.034149, 0.012489 
  -0.019207 ,  -0.031100, 0.011461 
  -0.019505 ,  -0.027716, 0.010475 
  -0.019757 ,  -0.024009, 0.009608 
  -0.019963 ,  -0.019998, 0.008915 
  -0.020122 ,  -0.015703, 0.008413 
  -0.020233 ,  -0.011151, 0.008076 
  -0.020297 ,  -0.006369, 0.007831 
  -0.020313 ,  -0.001389, 0.007562 
  -0.020281 ,  0.003755, 0.007121 
  -0.020201 ,  0.009024, 0.006342 
  -0.020073 ,  0.014380, 0.005065 
  -0.019898 ,  0.019781, 0.003161 
  -0.019674 ,  0.025183, 0.000556 
  -0.019403 ,  0.030542, -0.002748 
  -0.019085 ,  0.035813, -0.006660 
  -0.018721 ,  0.040951, -0.010996 
  -0.018310 ,  0.045910, -0.015492 
  -0.017853 ,  0.050646, -0.019821 
  -0.017352 ,  0.055114, -0.023629 
  -0.016806 ,  0.059273, -0.026570 
  -0.016216 ,  0.063084, -0.028352 
  -0.015584 ,  0.066507, -0.028768 
  -0.014909 ,  0.069510, -0.027733 
  -0.014194 ,  0.072059, -0.025296 
  -0.013439 ,  0.074128, -0.021644 
  -0.012645 ,  0.075693, -0.017080 
  -0.011813 ,  0.076733, -0.011997 
  -0.010945 ,  0.077234, -0.006833 
  -0.010041 ,  0.077184, -0.002014 
  -0.009104 ,  0.076579, 0.002090 
  -0.008134 ,  0.075416, 0.005213 
  -0.007133 ,  0.073701, 0.007226 
  -0.006102 ,  0.071443, 0.008151 
  -0.005044 ,  0.068654, 0.008154 
  -0.003958 ,  0.065355, 0.007523 
  -0.002848 ,  0.061568, 0.006627 
  -0.001715 ,  0.057321, 0.005865 
  -0.000560 ,  0.052646, 0.005608 
  0.000616 ,  0.047580, 0.006148 
  0.001809 ,  0.042161, 0.007655 
  0.003018 ,  0.036433, 0.010151 
  0.004243 ,  0.030440, 0.013503 
  0.005479 ,  0.024231, 0.017435 
  0.006727 ,  0.017855, 0.021563 
  0.007984 ,  0.011363, 0.025443 
  0.009248 ,  0.004808, 0.028619 
  0.010518 ,  -0.001759, 0.030684 
  0.011790 ,  -0.008285, 0.031328 
  0.013064 ,  -0.014718, 0.030370 
  0.014338 ,  -0.021008, 0.027782 
  0.015609 ,  -0.027105, 0.023684 
  0.016876 ,  -0.032963, 0.018330 
  0.018137 ,  -0.038537, 0.012073 
  0.019390 ,  -0.043785, 0.005321 
  0.020633 ,  -0.048669, -0.001507 
  0.021864 ,  -0.053154, -0.008026 
  0.023081 ,  -0.057209, -0.013923 
  0.024283 ,  -0.060807, -0.018976 
  0.025468 ,  -0.063925, -0.023067 
  0.026634 ,  -0.066546, -0.026174 
  0.027778 ,  -0.068657, -0.028353 
  0.028901 ,  -0.070247, -0.029715 
  0.029999 ,  -0.071314, -0.030395 
  0.031071 ,  -0.071858, -0.030524 
  0.032115 ,  -0.071884, -0.030204 
  0.033131 ,  -0.071402, -0.029500 
  0.034116 ,  -0.070425, -0.028428 
  0.035069 ,  -0.068972, -0.026967 
  0.035989 ,  -0.067064, -0.025071 
  0.036873 ,  -0.064727, -0.022685 
  0.037722 ,  -0.061988, -0.019766 
  0.038533 ,  -0.058879, -0.016300 
  0.039305 ,  -0.055434, -0.012313 
  0.040038 ,  -0.051687, -0.007877 
  0.040730 ,  -0.047677, -0.003109 
  0.041379 ,  -0.043441, 0.001845 
  0.041986 ,  -0.039019, 0.006814 
  0.042549 ,  -0.034451, 0.011628 
  0.043068 ,  -0.029776, 0.016126 
  0.043541 ,  -0.025033, 0.020171 
  0.043968 ,  -0.020261, 0.023658 
  0.044348 ,  -0.015496, 0.026514 
  0.044681 ,  -0.010775, 0.028696 
  0.044966 ,  -0.006130, 0.030187 
  0.045203 ,  -0.001594, 0.030982 
  0.045391 ,  0.002805, 0.031087 
  0.045531 ,  0.007039, 0.030508 
  0.045622 ,  0.011084, 0.029254 
  0.045663 ,  0.014921, 0.027338 
  0.045656 ,  0.018531, 0.024783 
  0.045599 ,  0.021899, 0.021631 
  0.045493 ,  0.025013, 0.017949 
  0.045339 ,  0.027865, 0.013837 
  0.045136 ,  0.030449, 0.009427 
  0.044884 ,  0.032763, 0.004881 
  0.044585 ,  0.034805, 0.000377 
  0.044238 ,  0.036580, -0.003904 
  0.043845 ,  0.038093, -0.007794 
  0.043405 ,  0.039350, -0.011163 
  0.042920 ,  0.040361, -0.013924 
  0.042390 ,  0.041138, -0.016054 
  0.041816 ,  0.041693, -0.017587 
  0.041199 ,  0.042041, -0.018612 
  0.040539 ,  0.042195, -0.019259 
  0.039839 ,  0.042173, -0.019675 
  0.039098 ,  0.041989, -0.020003 
  0.038319 ,  0.041661, -0.020355 
  0.037501 ,  0.041204, -0.020794 
  0.036648 ,  0.040633, -0.021323 
  0.035758 ,  0.039965, -0.021877 
  0.034835 ,  0.039213, -0.022336 
  0.033880 ,  0.038390, -0.022537 
  0.032893 ,  0.037510, -0.022302 
  0.031877 ,  0.036581, -0.021462 
  0.030832 ,  0.035614, -0.019888 
  0.029761 ,  0.034618, -0.017509 
  0.028666 ,  0.033597, -0.014330 
  0.027546 ,  0.032557, -0.010434 
  0.026406 ,  0.031501, -0.005975 
  0.025245 ,  0.030430, -0.001163 
  0.024066 ,  0.029346, 0.003762 
  0.022871 ,  0.028246, 0.008561 
  0.021661 ,  0.027129, 0.013018 
  0.020438 ,  0.025990, 0.016964 
  0.019204 ,  0.024825, 0.020295 
  0.017961 ,  0.023629, 0.022971 
  0.016710 ,  0.022396, 0.025013 
  0.015454 ,  0.021119, 0.026484 
  0.014194 ,  0.019792, 0.027470 
  0.012931 ,  0.018407, 0.028052 
  0.011669 ,  0.016960, 0.028289 
  0.010408 ,  0.015443, 0.028194 
  0.009151 ,  0.013851, 0.027734 
  0.007899 ,  0.012179, 0.026827 
  0.006655 ,  0.010424, 0.025361 
  0.005419 ,  0.008583, 0.023210 
  0.004194 ,  0.006654, 0.020268 
  0.002981 ,  0.004638, 0.016470 
  0.001782 ,  0.002536, 0.011820 
  0.000599 ,  0.000352, 0.006404 
  -0.000567 ,  -0.001912, 0.000399 
  -0.001714 ,  -0.004247, -0.005937 
  -0.002840 ,  -0.006646, -0.012286 
  -0.003944 ,  -0.009100, -0.018293 
  -0.005024 ,  -0.011597, -0.023607 
  -0.006079 ,  -0.014126, -0.027912 
  -0.007108 ,  -0.016671, -0.030963 
  -0.008109 ,  -0.019219, -0.032608 
  -0.009080 ,  -0.021752, -0.032807 
  -0.010022 ,  -0.024255, -0.031628 
  -0.010931 ,  -0.026708, -0.029242 
  -0.011808 ,  -0.029094, -0.025895 
  -0.012650 ,  -0.031394, -0.021888 
  -0.013458 ,  -0.033588, -0.017534 
  -0.014230 ,  -0.035660, -0.013136 
  -0.014965 ,  -0.037590, -0.008952 
  -0.015662 ,  -0.039361, -0.005181 
  -0.016321 ,  -0.040956, -0.001947 
  -0.016940 ,  -0.042359, 0.000695 
  -0.017520 ,  -0.043556, 0.002761 
  -0.018059 ,  -0.044534, 0.004312 
  -0.018557 ,  -0.045281, 0.005447 
  -0.019014 ,  -0.045789, 0.006277 
  -0.019429 ,  -0.046049, 0.006911 
  -0.019801 ,  -0.046056, 0.007443 
  -0.020132 ,  -0.045807, 0.007941 
  -0.020420 ,  -0.045301, 0.008448 
  -0.020665 ,  -0.044539, 0.008981 
  -0.020867 ,  -0.043524, 0.009540 
  -0.021027 ,  -0.042263, 0.010105 
  -0.021145 ,  -0.040763, 0.010655 
  -0.021220 ,  -0.039035, 0.011163 
  -0.021254 ,  -0.037091, 0.011604 
  -0.021245 ,  -0.034946, 0.011956 
  -0.021196 ,  -0.032615, 0.012198 
  -0.021105 ,  -0.030117, 0.012311 
  -0.020975 ,  -0.027471, 0.012273 
  -0.020805 ,  -0.024698, 0.012065 
  -0.020596 ,  -0.021819, 0.011663 
  -0.020349 ,  -0.018857, 0.011049 
  -0.020064 ,  -0.015836, 0.010210 
  -0.019743 ,  -0.012778, 0.009139 
  -0.019387 ,  -0.009707, 0.007846 
  -0.018995 ,  -0.006647, 0.006351 
  -0.018571 ,  -0.003621, 0.004687 
  -0.018114 ,  -0.000651, 0.002898 
  -0.017626 ,  0.002241, 0.001030 
  -0.017108 ,  0.005035, -0.000871 
  -0.016561 ,  0.007711, -0.002770 
  -0.015987 ,  0.010252, -0.004642 
  -0.015387 ,  0.012641, -0.006478 
  -0.014762 ,  0.014865, -0.008281 
  -0.014114 ,  0.016911, -0.010061 
  -0.013444 ,  0.018769, -0.011829 
  -0.012755 ,  0.020430, -0.013579 
  -0.012046 ,  0.021888, -0.015289 
  -0.011321 ,  0.023140, -0.016902 
  -0.010580 ,  0.024184, -0.018332 
  -0.009826 ,  0.025020, -0.019460 
  -0.009060 ,  0.025650, -0.020147 
  -0.008283 ,  0.026080, -0.020247 
  -0.007498 ,  0.026315, -0.019626 
  -0.006705 ,  0.026364, -0.018183 
  -0.005908 ,  0.026236, -0.015870 
  -0.005107 ,  0.025944, -0.012707 
  -0.004305 ,  0.025498, -0.008793 
  -0.003503 ,  0.024914, -0.004299 
  -0.002702 ,  0.024206, 0.000538 
  -0.001906 ,  0.023388, 0.005435 
  -0.001115 ,  0.022478, 0.010092 
  -0.000331 ,  0.021490, 0.014220 
  0.000444 ,  0.020442, 0.017572 
  0.001209 ,  0.019348, 0.019966 
  0.001961 ,  0.018225, 0.021306 
  0.002699 ,  0.017088, 0.021587 
  0.003421 ,  0.015952, 0.020890 
  0.004126 ,  0.014828, 0.019368 
  0.004812 ,  0.013732, 0.017226 
  0.005477 ,  0.012672, 0.014690 
  0.006120 ,  0.011660, 0.011977 
  0.006740 ,  0.010704, 0.009277 
  0.007334 ,  0.009811, 0.006728 
  0.007902 ,  0.008987, 0.004414 
  0.008442 ,  0.008236, 0.002359 
  0.008952 ,  0.007560, 0.000546 
  0.009432 ,  0.006960, -0.001075 
  0.009879 ,  0.006437, -0.002559 
  0.010294 ,  0.005987, -0.003950 
  0.010674 ,  0.005608, -0.005266 
  0.011019 ,  0.005295, -0.006490 
  0.011328 ,  0.005043, -0.007571 
  0.011599 ,  0.004845, -0.008432 
  0.011832 ,  0.004692, -0.008989 
  0.012026 ,  0.004578, -0.009166 
  0.012179 ,  0.004493, -0.008920 
  0.012292 ,  0.004428, -0.008251 
  0.012364 ,  0.004373, -0.007210 
  0.012394 ,  0.004319, -0.005903 
  0.012381 ,  0.004256, -0.004472 
  0.012325 ,  0.004176, -0.003080 
  0.012226 ,  0.004070, -0.001886 
  0.012084 ,  0.003930, -0.001017 
  0.011897 ,  0.003748, -0.000546 
  0.011666 ,  0.003519, -0.000480 
  0.011392 ,  0.003236, -0.000752 
  0.011073 ,  0.002896, -0.001235 
  0.010710 ,  0.002495, -0.001758 
  0.010303 ,  0.002032, -0.002138 
  0.009853 ,  0.001507, -0.002211 
  0.009359 ,  0.000919, -0.001867 
  0.008822 ,  0.000270, -0.001073 
  0.008242 ,  -0.000434, 0.000113 
  0.007620 ,  -0.001191, 0.001543 
  0.006956 ,  -0.001993, 0.002998 
  0.006252 ,  -0.002834, 0.004218 
  0.005507 ,  -0.003706, 0.004942 
  0.004723 ,  -0.004599, 0.004960 
  0.003900 ,  -0.005504, 0.004146 
  0.003039 ,  -0.006410, 0.002498 
  0.002142 ,  -0.007305, 0.000147 
  0.001209 ,  -0.008178, -0.002644 
  0.000241 ,  -0.009017, -0.005504 
  -0.000759 ,  -0.009810, -0.008004 
  -0.001793 ,  -0.010544, -0.009707 
  -0.002856 ,  -0.011209, -0.010234 
  -0.003950 ,  -0.011793, -0.009325 
  -0.005071 ,  -0.012285, -0.006884 
  -0.006219 ,  -0.012676, -0.003007 
  -0.007393 ,  -0.012956, 0.002015 
  -0.008590 ,  -0.013117, 0.007718 
  -0.009808 ,  -0.013153, 0.013516 
  -0.011048 ,  -0.013059, 0.018762 
  -0.012305 ,  -0.012829, 0.022832 
  -0.013580 ,  -0.012462, 0.025196 
  -0.014870 ,  -0.011956, 0.025494 
  -0.016173 ,  -0.011311, 0.023574 
  -0.017488 ,  -0.010531, 0.019526 
  -0.018812 ,  -0.009619, 0.013671 
  -0.020144 ,  -0.008579, 0.006523 
  -0.021483 ,  -0.007420, -0.001263 
  -0.022825 ,  -0.006149, -0.008969 
  -0.024169 ,  -0.004777, -0.015898 
  -0.025513 ,  -0.003315, -0.021452 
  -0.026855 ,  -0.001775, -0.025194 
  -0.028194 ,  -0.000172, -0.026892 
  -0.029527 ,  0.001479, -0.026537 
  -0.030851 ,  0.003164, -0.024328 
  -0.032167 ,  0.004864, -0.020638 
  -0.033470 ,  0.006564, -0.015956 
  -0.034759 ,  0.008246, -0.010821 
  -0.036033 ,  0.009892, -0.005751 
  -0.037290 ,  0.011485, -0.001184 
  -0.038526 ,  0.013007, 0.002568 
  -0.039742 ,  0.014440, 0.005348 
  -0.040933 ,  0.015770, 0.007148 
  -0.042100 ,  0.016979, 0.008099 
  -0.043240 ,  0.018053, 0.008426 
  -0.044350 ,  0.018978, 0.008404 
  -0.045430 ,  0.019741, 0.008305 
  -0.046478 ,  0.020332, 0.008352 
  -0.047491 ,  0.020741, 0.008680 
  -0.048469 ,  0.020959, 0.009321 
  -0.049409 ,  0.020980, 0.010196 
  -0.050311 ,  0.020800, 0.011139 
  -0.051171 ,  0.020415, 0.011918 
  -0.051990 ,  0.019827, 0.012282 
  -0.052766 ,  0.019034, 0.012001 
  -0.053496 ,  0.018041, 0.010903 
  -0.054181 ,  0.016853, 0.008911 
  -0.054818 ,  0.015477, 0.006053 
  -0.055407 ,  0.013922, 0.002466 
  -0.055946 ,  0.012197, -0.001612 
  -0.056434 ,  0.010317, -0.005876 
  -0.056871 ,  0.008294, -0.009984 
  -0.057255 ,  0.006144, -0.013596 
  -0.057585 ,  0.003884, -0.016413 
  -0.057861 ,  0.001531, -0.018208 
  -0.058082 ,  -0.000894, -0.018848 
  -0.058247 ,  -0.003373, -0.018303 
  -0.058357 ,  -0.005884, -0.016647 
  -0.058409 ,  -0.008407, -0.014042 
  -0.058404 ,  -0.010920, -0.010718 
  -0.058341 ,  -0.013402, -0.006945 
  -0.058221 ,  -0.015831, -0.003008 
  -0.058043 ,  -0.018186, 0.000825 
  -0.057806 ,  -0.020446, 0.004319 
  -0.057511 ,  -0.022592, 0.007294 
  -0.057159 ,  -0.024604, 0.009628 
  -0.056748 ,  -0.026464, 0.011261 
  -0.056279 ,  -0.028154, 0.012193 
  -0.055753 ,  -0.029660, 0.012469 
  -0.055170 ,  -0.030968, 0.012171 
  -0.054530 ,  -0.032063, 0.011405 
  -0.053833 ,  -0.032936, 0.010288 
  -0.053081 ,  -0.033578, 0.008935 
  -0.052275 ,  -0.033982, 0.007453 
  -0.051413 ,  -0.034142, 0.005935 
  -0.050499 ,  -0.034055, 0.004452 
  -0.049531 ,  -0.033721, 0.003053 
  -0.048512 ,  -0.033140, 0.001769 
  -0.047443 ,  -0.032316, 0.000607 
  -0.046324 ,  -0.031254, -0.000439 
  -0.045156 ,  -0.029961, -0.001388 
  -0.043942 ,  -0.028446, -0.002265 
  -0.042681 ,  -0.026721, -0.003096 
  -0.041377 ,  -0.024799, -0.003897 
  -0.040029 ,  -0.022693, -0.004675 
  -0.038639 ,  -0.020421, -0.005418 
  -0.037209 ,  -0.018000, -0.006096 
  -0.035741 ,  -0.015449, -0.006662 
  -0.034236 ,  -0.012788, -0.007051 
  -0.032696 ,  -0.010037, -0.007195 
  -0.031122 ,  -0.007220, -0.007028 
  -0.029517 ,  -0.004357, -0.006497 
  -0.027881 ,  -0.001472, -0.005578 
  -0.026218 ,  0.001412, -0.004282 
  -0.024529 ,  0.004271, -0.002663 
  -0.022815 ,  0.007085, -0.000820 
  -0.021079 ,  0.009828, 0.001109 
  -0.019323 ,  0.012481, 0.002956 
  -0.017549 ,  0.015021, 0.004541 
  -0.015758 ,  0.017429, 0.005688 
  -0.013954 ,  0.019685, 0.006253 
  -0.012137 ,  0.021772, 0.006136 
  -0.010311 ,  0.023673, 0.005302 
  -0.008476 ,  0.025373, 0.003790 
  -0.006636 ,  0.026858, 0.001713 
  -0.004793 ,  0.028119, -0.000753 
  -0.002948 ,  0.029145, -0.003377 
  -0.001103 ,  0.029929, -0.005905 
  0.000738 ,  0.030465, -0.008083 
  0.002575 ,  0.030751, -0.009682 
  0.004404 ,  0.030785, -0.010529 
  0.006224 ,  0.030568, -0.010521 
  0.008034 ,  0.030103, -0.009637 
  0.009829 ,  0.029396, -0.007937 
  0.011610 ,  0.028454, -0.005556 
  0.013372 ,  0.027286, -0.002682 
  0.015116 ,  0.025903, 0.000463 
  0.016838 ,  0.024320, 0.003654 
  0.018536 ,  0.022549, 0.006684 
  0.020210 ,  0.020609, 0.009387 
  0.021856 ,  0.018516, 0.011649 
  0.023473 ,  0.016290, 0.013415 
  0.025059 ,  0.013951, 0.014682 
  0.026612 ,  0.011520, 0.015489 
  0.028132 ,  0.009020, 0.015897 
  0.029615 ,  0.006471, 0.015968 
  0.031061 ,  0.003898, 0.015749 
  0.032467 ,  0.001323, 0.015257 
  0.033833 ,  -0.001230, 0.014467 
  0.035156 ,  -0.003741, 0.013319 
  0.036436 ,  -0.006185, 0.011726 
  0.037672 ,  -0.008542, 0.009589 
  0.038860 ,  -0.010791, 0.006823 
  0.040002 ,  -0.012912, 0.003376 
  0.041095 ,  -0.014887, -0.000742 
  0.042138 ,  -0.016699, -0.005450 
  0.043131 ,  -0.018333, -0.010586 
  0.044072 ,  -0.019775, -0.015909 
  0.044961 ,  -0.021012, -0.021115 
  0.045796 ,  -0.022034, -0.025859 
  0.046577 ,  -0.022834, -0.029786 
  0.047303 ,  -0.023405, -0.032567 
  0.047974 ,  -0.023742, -0.033929 
  0.048590 ,  -0.023845, -0.033690 
  0.049148 ,  -0.023712, -0.031776 
  0.049651 ,  -0.023347, -0.028236 
  0.050096 ,  -0.022753, -0.023236 
  0.050484 ,  -0.021936, -0.017050 
  0.050815 ,  -0.020906, -0.010037 
  0.051088 ,  -0.019672, -0.002607 
  0.051304 ,  -0.018246, 0.004811 
  0.051463 ,  -0.016641, 0.011804 
  0.051564 ,  -0.014873, 0.018010 
  0.051608 ,  -0.012957, 0.023141 
  0.051596 ,  -0.010911, 0.026999 
  0.051527 ,  -0.008753, 0.029486 
  0.051403 ,  -0.006503, 0.030599 
  0.051223 ,  -0.004180, 0.030418 
  0.050988 ,  -0.001805, 0.029091 
  0.050700 ,  0.000602, 0.026812 
  0.050357 ,  0.003020, 0.023799 
  0.049963 ,  0.005429, 0.020272 
  0.049516 ,  0.007810, 0.016439 
  0.049019 ,  0.010142, 0.012482 
  0.048472 ,  0.012406, 0.008551 
  0.047876 ,  0.014586, 0.004761 
  0.047232 ,  0.016664, 0.001199 
  0.046541 ,  0.018624, -0.002075 
  0.045806 ,  0.020453, -0.005018 
  0.045026 ,  0.022137, -0.007599 
  0.044203 ,  0.023665, -0.009796 
  0.043339 ,  0.025028, -0.011589 
  0.042436 ,  0.026216, -0.012962 
  0.041493 ,  0.027224, -0.013906 
  0.040514 ,  0.028047, -0.014420 
  0.039499 ,  0.028682, -0.014515 
  0.038450 ,  0.029128, -0.014218 
  0.037369 ,  0.029385, -0.013574 
  0.036257 ,  0.029455, -0.012640 
  0.035117 ,  0.029342, -0.011487 
  0.033949 ,  0.029050, -0.010190 
  0.032755 ,  0.028586, -0.008825 
  0.031539 ,  0.027958, -0.007457 
  0.030300 ,  0.027175, -0.006137 
  0.029041 ,  0.026245, -0.004895 
  0.027764 ,  0.025180, -0.003743 
  0.026470 ,  0.023991, -0.002669 
  0.025162 ,  0.022689, -0.001651 
  0.023841 ,  0.021287, -0.000661 
  0.022509 ,  0.019798, 0.000328 
  0.021169 ,  0.018233, 0.001327 
  0.019821 ,  0.016605, 0.002330 
  0.018468 ,  0.014926, 0.003304 
  0.017112 ,  0.013208, 0.004192 
  0.015754 ,  0.011463, 0.004922 
  0.014396 ,  0.009702, 0.005409 
  0.013041 ,  0.007933, 0.005578 
  0.011689 ,  0.006167, 0.005370 
  0.010344 ,  0.004413, 0.004768 
  0.009006 ,  0.002677, 0.003798 
  0.007677 ,  0.000967, 0.002545 
  0.006360 ,  -0.000711, 0.001145 
  0.005055 ,  -0.002354, -0.000220 
  0.003765 ,  -0.003957, -0.001342 
  0.002491 ,  -0.005517, -0.002008 
  0.001235 ,  -0.007033, -0.002030 
  -0.000002 ,  -0.008503, -0.001276 
  -0.001218 ,  -0.009928, 0.000309 
  -0.002412 ,  -0.011306, 0.002681 
  -0.003582 ,  -0.012640, 0.005693 
  -0.004726 ,  -0.013930, 0.009093 
  -0.005844 ,  -0.015178, 0.012552 
  -0.006933 ,  -0.016387, 0.015688 
  -0.007994 ,  -0.017559, 0.018107 
  -0.009023 ,  -0.018696, 0.019451 
  -0.010021 ,  -0.019800, 0.019442 
  -0.010987 ,  -0.020872, 0.017921 
  -0.011918 ,  -0.021916, 0.014876 
  -0.012814 ,  -0.022931, 0.010453 
  -0.013674 ,  -0.023918, 0.004949 
  -0.014497 ,  -0.024878, -0.001211 
  -0.015283 ,  -0.025809, -0.007515 
  -0.016030 ,  -0.026711, -0.013422 
  -0.016738 ,  -0.027581, -0.018416 
  -0.017406 ,  -0.028415, -0.022069 
  -0.018033 ,  -0.029211, -0.024087 
  -0.018619 ,  -0.029963, -0.024347 
  -0.019163 ,  -0.030665, -0.022913 
  -0.019666 ,  -0.031311, -0.020026 
  -0.020126 ,  -0.031895, -0.016077 
  -0.020543 ,  -0.032407, -0.011560 
  -0.020917 ,  -0.032840, -0.007011 
  -0.021248 ,  -0.033184, -0.002943 
  -0.021536 ,  -0.033432, 0.000217 
  -0.021780 ,  -0.033572, 0.002176 
  -0.021981 ,  -0.033595, 0.002817 
  -0.022139 ,  -0.033492, 0.002203 
  -0.022253 ,  -0.033254, 0.000569 
  -0.022325 ,  -0.032871, -0.001710 
  -0.022354 ,  -0.032336, -0.004171 
  -0.022340 ,  -0.031641, -0.006327 
  -0.022284 ,  -0.030778, -0.007729 
  -0.022187 ,  -0.029743, -0.008025 
  -0.022048 ,  -0.028532, -0.007008 
  -0.021869 ,  -0.027140, -0.004643 
  -0.021649 ,  -0.025567, -0.001068 
  -0.021391 ,  -0.023812, 0.003416 
  -0.021093 ,  -0.021878, 0.008393 
  -0.020757 ,  -0.019768, 0.013374 
  -0.020384 ,  -0.017488, 0.017861 
  -0.019975 ,  -0.015045, 0.021408 
  -0.019530 ,  -0.012449, 0.023668 
  -0.019050 ,  -0.009711, 0.024433 
  -0.018537 ,  -0.006844, 0.023652 
  -0.017991 ,  -0.003864, 0.021432 
  -0.017414 ,  -0.000788, 0.018016 
  -0.016806 ,  0.002366, 0.013751 
  -0.016168 ,  0.005577, 0.009042 
  -0.015503 ,  0.008824, 0.004305 
  -0.014810 ,  0.012083, -0.000081 
  -0.014091 ,  0.015331, -0.003809 
  -0.013348 ,  0.018543, -0.006670 
  -0.012582 ,  0.021692, -0.008564 
  -0.011793 ,  0.024754, -0.009499 
  -0.010984 ,  0.027702, -0.009575 
  -0.010155 ,  0.030511, -0.008959 
  -0.009308 ,  0.033154, -0.007861 
  -0.008445 ,  0.035607, -0.006506 
  -0.007566 ,  0.037846, -0.005106 
  -0.006673 ,  0.039849, -0.003846 
  -0.005768 ,  0.041595, -0.002873 
  -0.004851 ,  0.043063, -0.002289 
  -0.003925 ,  0.044238, -0.002158 
  -0.002991 ,  0.045104, -0.002506 
  -0.002050 ,  0.045648, -0.003331 
  -0.001103 ,  0.045860, -0.004604 
  -0.000152 ,  0.045734, -0.006274 
  0.000801 ,  0.045264, -0.008265 
  0.001756 ,  0.044450, -0.010473 
  0.002710 ,  0.043294, -0.012765 
  0.003663 ,  0.041802, -0.014973 
  0.004613 ,  0.039980, -0.016900 
  0.005558 ,  0.037841, -0.018327 
  0.006498 ,  0.035400, -0.019027 
  0.007431 ,  0.032674, -0.018788 
  0.008356 ,  0.029684, -0.017437 
  0.009271 ,  0.026454, -0.014867 
  0.010175 ,  0.023009, -0.011059 
  0.011068 ,  0.019377, -0.006102 
  0.011947 ,  0.015591, -0.000198 
  0.012812 ,  0.011681, 0.006343 
  0.013661 ,  0.007683, 0.013122 
  0.014494 ,  0.003630, 0.019684 
  0.015309 ,  -0.000439, 0.025556 
  0.016105 ,  -0.004489, 0.030294 
  0.016882 ,  -0.008482, 0.033529 
  0.017637 ,  -0.012382, 0.035006 
  0.018371 ,  -0.016151, 0.034608 
  0.019083 ,  -0.019754, 0.032375 
  0.019770 ,  -0.023156, 0.028497 
  0.020434 ,  -0.026325, 0.023290 
  0.021073 ,  -0.029228, 0.017169 
  0.021686 ,  -0.031837, 0.010598 
  0.022272 ,  -0.034125, 0.004044 
  0.022831 ,  -0.036069, -0.002068 
  0.023363 ,  -0.037647, -0.007397 
  0.023866 ,  -0.038843, -0.011706 
  0.024341 ,  -0.039642, -0.014883 
  0.024786 ,  -0.040033, -0.016927 
  0.025201 ,  -0.040010, -0.017941 
  0.025587 ,  -0.039570, -0.018094 
  0.025942 ,  -0.038714, -0.017598 
  0.026266 ,  -0.037446, -0.016667 
  0.026560 ,  -0.035775, -0.015491 
  0.026822 ,  -0.033714, -0.014215 
  0.027053 ,  -0.031279, -0.012925 
  0.027253 ,  -0.028490, -0.011654 
  0.027421 ,  -0.025369, -0.010389 
  0.027558 ,  -0.021944, -0.009089 
  0.027664 ,  -0.018243, -0.007704 
  0.027738 ,  -0.014298, -0.006202 
  0.027781 ,  -0.010144, -0.004574 
  0.027793 ,  -0.005817, -0.002851 
  0.027774 ,  -0.001356, -0.001103 
  0.027724 ,  0.003200, 0.000573 
  0.027644 ,  0.007810, 0.002065 
  0.027535 ,  0.012433, 0.003262 
  0.027395 ,  0.017028, 0.004079 
  0.027227 ,  0.021552, 0.004464 
  0.027029 ,  0.025965, 0.004415 
  0.026804 ,  0.030226, 0.003977 
  0.026551 ,  0.034298, 0.003243 
  0.026270 ,  0.038141, 0.002332 
  0.025963 ,  0.041722, 0.001381 
  0.025630 ,  0.045006, 0.000523 
  0.025272 ,  0.047964, -0.000132 
  0.024889 ,  0.050567, -0.000506 
  0.024482 ,  0.052790, -0.000564 
  0.024052 ,  0.054613, -0.000307 
  0.023599 ,  0.056017, 0.000228 
  0.023124 ,  0.056987, 0.000987 
  0.022629 ,  0.057514, 0.001908 
  0.022114 ,  0.057589, 0.002937 
  0.021579 ,  0.057211, 0.004038 
  0.021026 ,  0.056379, 0.005196 
  0.020456 ,  0.055098, 0.006414 
  0.019869 ,  0.053377, 0.007705 
  0.019266 ,  0.051227, 0.009077 
  0.018649 ,  0.048664, 0.010517 
  0.018017 ,  0.045707, 0.011976 
  0.017373 ,  0.042377, 0.013360 
  0.016717 ,  0.038700, 0.014527 
  0.016050 ,  0.034703, 0.015296 
  0.015373 ,  0.030416, 0.015461 
  0.014686 ,  0.025871, 0.014820 
  0.013992 ,  0.021104, 0.013204 
  0.013290 ,  0.016148, 0.010506 
  0.012582 ,  0.011041, 0.006713 
  0.011869 ,  0.005822, 0.001922 
  0.011152 ,  0.000527, -0.003655 
  0.010431 ,  -0.004803, -0.009694 
  0.009707 ,  -0.010131, -0.015783 
  0.008983 ,  -0.015418, -0.021461 
  0.008257 ,  -0.020628, -0.026257 
  0.007532 ,  -0.025723, -0.029746 
  0.006808 ,  -0.030668, -0.031588 
  0.006087 ,  -0.035431, -0.031578 
  0.005368 ,  -0.039979, -0.029663 
  0.004653 ,  -0.044282, -0.025960 
  0.003943 ,  -0.048313, -0.020743 
  0.003238 ,  -0.052048, -0.014421 
  0.002539 ,  -0.055463, -0.007498 
  0.001847 ,  -0.058539, -0.000519 
  0.001164 ,  -0.061260, 0.005981 
  0.000488 ,  -0.063612, 0.011528 
  -0.000178 ,  -0.065583, 0.015759 
  -0.000834 ,  -0.067165, 0.018448 
  -0.001480 ,  -0.068355, 0.019524 
  -0.002115 ,  -0.069149, 0.019067 
  -0.002737 ,  -0.069550, 0.017294 
  -0.003348 ,  -0.069560, 0.014524 
  -0.003945 ,  -0.069186, 0.011138 
  -0.004530 ,  -0.068437, 0.007538 
  -0.005100 ,  -0.067326, 0.004101 
  -0.005656 ,  -0.065865, 0.001144 
  -0.006197 ,  -0.064071, -0.001104 
  -0.006723 ,  -0.061963, -0.002513 
  -0.007233 ,  -0.059559, -0.003057 
  -0.007727 ,  -0.056882, -0.002803 
  -0.008205 ,  -0.053954, -0.001891 
  -0.008667 ,  -0.050799, -0.000510 
  -0.009111 ,  -0.047441, 0.001131 
  -0.009539 ,  -0.043907, 0.002830 
  -0.009950 ,  -0.040222, 0.004412 
  -0.010343 ,  -0.036412, 0.005744 
  -0.010718 ,  -0.032503, 0.006745 
  -0.011076 ,  -0.028522, 0.007384 
  -0.011417 ,  -0.024494, 0.007674 
  -0.011740 ,  -0.020444, 0.007656 
  -0.012045 ,  -0.016396, 0.007390 
  -0.012332 ,  -0.012375, 0.006933 
  -0.012602 ,  -0.008401, 0.006331 
  -0.012854 ,  -0.004497, 0.005608 
  -0.013088 ,  -0.000683, 0.004759 
  -0.013306 ,  0.003024, 0.003756 
  -0.013506 ,  0.006606, 0.002551 
  -0.013689 ,  0.010048, 0.001089 
  -0.013855 ,  0.013336, -0.000677 
  -0.014005 ,  0.016458, -0.002777 
  -0.014138 ,  0.019404, -0.005202 
  -0.014256 ,  0.022164, -0.007902 
  -0.014357 ,  0.024733, -0.010775 
  -0.014443 ,  0.027104, -0.013675 
  -0.014514 ,  0.029273, -0.016411 
  -0.014571 ,  0.031240, -0.018768 
  -0.014613 ,  0.033003, -0.020525 
  -0.014641 ,  0.034563, -0.021475 
  -0.014656 ,  0.035922, -0.021450 
  -0.014657 ,  0.037084, -0.020345 
  -0.014646 ,  0.038055, -0.018134 
  -0.014622 ,  0.038838, -0.014878 
  -0.014587 ,  0.039442, -0.010733 
  -0.014541 ,  0.039875, -0.005938 
  -0.014484 ,  0.040144, -0.000799 
  -0.014416 ,  0.040258, 0.004336 
  -0.014339 ,  0.040228, 0.009112 
  -0.014253 ,  0.040064, 0.013196 
  -0.014158 ,  0.039775, 0.016316 
  -0.014055 ,  0.039372, 0.018287 
  -0.013944 ,  0.038866, 0.019032 
  -0.013826 ,  0.038267, 0.018590 
  -0.013701 ,  0.037586, 0.017112 
  -0.013570 ,  0.036832, 0.014846 
  -0.013434 ,  0.036016, 0.012106 
  -0.013293 ,  0.035147, 0.009238 
  -0.013148 ,  0.034233, 0.006576 
  -0.012999 ,  0.033284, 0.004408 
  -0.012846 ,  0.032307, 0.002939 
  -0.012690 ,  0.031308, 0.002269 
  -0.012533 ,  0.030296, 0.002381 
  -0.012373 ,  0.029274, 0.003150 
  -0.012212 ,  0.028249, 0.004356 
  -0.012051 ,  0.027224, 0.005720 
  -0.011889 ,  0.026204, 0.006938 
  -0.011727 ,  0.025191, 0.007726 
  -0.011566 ,  0.024186, 0.007852 
  -0.011406 ,  0.023192, 0.007174 
  -0.011247 ,  0.022209, 0.005651 
  -0.011091 ,  0.021238, 0.003350 
  -0.010937 ,  0.020277, 0.000438 
  -0.010786 ,  0.019325, -0.002848 
  -0.010638 ,  0.018382, -0.006225 
  -0.010493 ,  0.017445, -0.009409 
  -0.010352 ,  0.016511, -0.012147 
  -0.010216 ,  0.015579, -0.014247 
  -0.010084 ,  0.014645, -0.015601 
  -0.009957 ,  0.013706, -0.016186 
  -0.009835 ,  0.012759, -0.016066 
  -0.009719 ,  0.011801, -0.015365 
  -0.009608 ,  0.010828, -0.014249 
  -0.009503 ,  0.009839, -0.012888 
  -0.009404 ,  0.008829, -0.011432 
  -0.009311 ,  0.007797, -0.009989 
  -0.009225 ,  0.006739, -0.008605 
  -0.009146 ,  0.005655, -0.007270 
  -0.009073 ,  0.004543, -0.005925 
  -0.009007 ,  0.003401, -0.004482 
  -0.008947 ,  0.002229, -0.002853 
  -0.008895 ,  0.001026, -0.000975 
  -0.008850 ,  -0.000206, 0.001167 
  -0.008812 ,  -0.001466, 0.003520 
  -0.008781 ,  -0.002754, 0.005966 
  -0.008757 ,  -0.004066, 0.008331 
  -0.008739 ,  -0.005400, 0.010405 
  -0.008729 ,  -0.006752, 0.011976 
  -0.008726 ,  -0.008119, 0.012864 
  -0.008729 ,  -0.009496, 0.012958 
  -0.008740 ,  -0.010877, 0.012238 
  -0.008756 ,  -0.012259, 0.010797 
  -0.008780 ,  -0.013633, 0.008827 
  -0.008809 ,  -0.014995, 0.006612 
  -0.008844 ,  -0.016337, 0.004485 
  -0.008886 ,  -0.017653, 0.002786 
  -0.008933 ,  -0.018935, 0.001810 
  -0.008985 ,  -0.020177, 0.001761 
  -0.009043 ,  -0.021370, 0.002714 
  -0.009106 ,  -0.022508, 0.004590 
  -0.009173 ,  -0.023584, 0.007158 
  -0.009245 ,  -0.024590, 0.010054 
  -0.009321 ,  -0.025519, 0.012820 
  -0.009401 ,  -0.026366, 0.014961 
  -0.009484 ,  -0.027123, 0.016013 
  -0.009570 ,  -0.027785, 0.015600 
  -0.009660 ,  -0.028347, 0.013497 
  -0.009752 ,  -0.028805, 0.009664 
  -0.009846 ,  -0.029153, 0.004266 
  -0.009942 ,  -0.029390, -0.002338 
  -0.010039 ,  -0.029512, -0.009629 
  -0.010138 ,  -0.029517, -0.016977 
  -0.010237 ,  -0.029405, -0.023720 
  -0.010337 ,  -0.029175, -0.029227 
  -0.010436 ,  -0.028827, -0.032977 
  -0.010535 ,  -0.028364, -0.034614 
  -0.010634 ,  -0.027787, -0.033986 
  -0.010731 ,  -0.027100, -0.031159 
  -0.010827 ,  -0.026307, -0.026407 
  -0.010921 ,  -0.025411, -0.020173 
  -0.011013 ,  -0.024419, -0.013020 
  -0.011102 ,  -0.023336, -0.005563 
  -0.011188 ,  -0.022171, 0.001596 
  -0.011271 ,  -0.020929, 0.007936 
