   8m__12m 
  0.072183 ,  0.006375, 0.001772 
  0.072168 ,  0.009624, 0.009908 
  0.072069 ,  0.012745, 0.017599 
  0.071885 ,  0.015723, 0.024541 
  0.071618 ,  0.018544, 0.030512 
  0.071266 ,  0.021198, 0.035355 
  0.070829 ,  0.023673, 0.038972 
  0.070309 ,  0.025964, 0.041296 
  0.069705 ,  0.028066, 0.042274 
  0.069017 ,  0.029975, 0.041860 
  0.068247 ,  0.031693, 0.040010 
  0.067395 ,  0.033220, 0.036692 
  0.066462 ,  0.034563, 0.031914 
  0.065450 ,  0.035726, 0.025747 
  0.064358 ,  0.036719, 0.018353 
  0.063190 ,  0.037553, 0.010012 
  0.061945 ,  0.038240, 0.001120 
  0.060626 ,  0.038793, -0.007817 
  0.059234 ,  0.039229, -0.016219 
  0.057771 ,  0.039562, -0.023485 
  0.056240 ,  0.039811, -0.029060 
  0.054641 ,  0.039992, -0.032506 
  0.052978 ,  0.040124, -0.033573 
  0.051252 ,  0.040225, -0.032248 
  0.049467 ,  0.040312, -0.028778 
  0.047624 ,  0.040403, -0.023662 
  0.045726 ,  0.040514, -0.017605 
  0.043776 ,  0.040661, -0.011440 
  0.041777 ,  0.040857, -0.006025 
  0.039731 ,  0.041115, -0.002130 
  0.037642 ,  0.041446, -0.000323 
  0.035513 ,  0.041859, -0.000878 
  0.033346 ,  0.042361, -0.003724 
  0.031146 ,  0.042956, -0.008426 
  0.028916 ,  0.043648, -0.014230 
  0.026658 ,  0.044436, -0.020146 
  0.024377 ,  0.045319, -0.025074 
  0.022075 ,  0.046291, -0.027956 
  0.019757 ,  0.047347, -0.027923 
  0.017426 ,  0.048476, -0.024434 
  0.015086 ,  0.049667, -0.017372 
  0.012740 ,  0.050908, -0.007092 
  0.010392 ,  0.052183, 0.005598 
  0.008046 ,  0.053476, 0.019514 
  0.005706 ,  0.054767, 0.033229 
  0.003375 ,  0.056037, 0.045244 
  0.001057 ,  0.057265, 0.054178 
  -0.001244 ,  0.058430, 0.058941 
  -0.003524 ,  0.059511, 0.058892 
  -0.005780 ,  0.060484, 0.053921 
  -0.008008 ,  0.061327, 0.044488 
  -0.010204 ,  0.062020, 0.031568 
  -0.012364 ,  0.062540, 0.016545 
  -0.014486 ,  0.062867, 0.001041 
  -0.016564 ,  0.062983, -0.013279 
  -0.018597 ,  0.062869, -0.024920 
  -0.020580 ,  0.062511, -0.032734 
  -0.022510 ,  0.061893, -0.036068 
  -0.024383 ,  0.061003, -0.034838 
  -0.026197 ,  0.059832, -0.029530 
  -0.027948 ,  0.058372, -0.021136 
  -0.029633 ,  0.056618, -0.011009 
  -0.031249 ,  0.054568, -0.000690 
  -0.032793 ,  0.052222, 0.008301 
  -0.034263 ,  0.049581, 0.014662 
  -0.035655 ,  0.046653, 0.017477 
  -0.036967 ,  0.043443, 0.016329 
  -0.038197 ,  0.039963, 0.011350 
  -0.039343 ,  0.036225, 0.003195 
  -0.040401 ,  0.032244, -0.007052 
  -0.041370 ,  0.028036, -0.018021 
  -0.042249 ,  0.023620, -0.028241 
  -0.043034 ,  0.019017, -0.036328 
  -0.043726 ,  0.014247, -0.041158 
  -0.044321 ,  0.009335, -0.042007 
  -0.044819 ,  0.004303, -0.038634 
  -0.045219 ,  -0.000824, -0.031296 
  -0.045520 ,  -0.006020, -0.020714 
  -0.045720 ,  -0.011262, -0.007964 
  -0.045818 ,  -0.016522, 0.005651 
  -0.045816 ,  -0.021777, 0.018770 
  -0.045711 ,  -0.027002, 0.030126 
  -0.045504 ,  -0.032174, 0.038691 
  -0.045195 ,  -0.037270, 0.043773 
  -0.044783 ,  -0.042269, 0.045079 
  -0.044270 ,  -0.047150, 0.042715 
  -0.043655 ,  -0.051894, 0.037150 
  -0.042940 ,  -0.056484, 0.029134 
  -0.042125 ,  -0.060905, 0.019594 
  -0.041210 ,  -0.065142, 0.009521 
  -0.040198 ,  -0.069183, -0.000143 
  -0.039090 ,  -0.073018, -0.008591 
  -0.037886 ,  -0.076637, -0.015222 
  -0.036590 ,  -0.080034, -0.019674 
  -0.035202 ,  -0.083202, -0.021827 
  -0.033724 ,  -0.086137, -0.021782 
  -0.032159 ,  -0.088837, -0.019817 
  -0.030509 ,  -0.091300, -0.016339 
  -0.028777 ,  -0.093525, -0.011825 
  -0.026965 ,  -0.095513, -0.006772 
  -0.025076 ,  -0.097265, -0.001660 
  -0.023113 ,  -0.098783, 0.003082 
  -0.021078 ,  -0.100069, 0.007092 
  -0.018976 ,  -0.101126, 0.010088 
  -0.016810 ,  -0.101956, 0.011868 
  -0.014583 ,  -0.102561, 0.012314 
  -0.012298 ,  -0.102946, 0.011395 
  -0.009960 ,  -0.103110, 0.009168 
  -0.007573 ,  -0.103056, 0.005782 
  -0.005139 ,  -0.102785, 0.001474 
  -0.002664 ,  -0.102298, -0.003427 
  -0.000152 ,  -0.101593, -0.008523 
  0.002393 ,  -0.100671, -0.013363 
  0.004968 ,  -0.099529, -0.017480 
  0.007566 ,  -0.098165, -0.020435 
  0.010185 ,  -0.096576, -0.021860 
  0.012819 ,  -0.094759, -0.021508 
  0.015463 ,  -0.092708, -0.019289 
  0.018113 ,  -0.090420, -0.015298 
  0.020765 ,  -0.087890, -0.009814 
  0.023413 ,  -0.085113, -0.003288 
  0.026052 ,  -0.082083, 0.003701 
  0.028678 ,  -0.078798, 0.010507 
  0.031286 ,  -0.075252, 0.016484 
  0.033871 ,  -0.071442, 0.021065 
  0.036428 ,  -0.067366, 0.023829 
  0.038952 ,  -0.063023, 0.024554 
  0.041439 ,  -0.058412, 0.023245 
  0.043883 ,  -0.053536, 0.020134 
  0.046281 ,  -0.048396, 0.015647 
  0.048626 ,  -0.042999, 0.010351 
  0.050914 ,  -0.037352, 0.004880 
  0.053141 ,  -0.031464, -0.000153 
  0.055303 ,  -0.025347, -0.004229 
  0.057394 ,  -0.019015, -0.006995 
  0.059409 ,  -0.012485, -0.008303 
  0.061346 ,  -0.005776, -0.008221 
  0.063199 ,  0.001091, -0.007017 
  0.064964 ,  0.008090, -0.005111 
  0.066638 ,  0.015197, -0.003006 
  0.068215 ,  0.022381, -0.001207 
  0.069693 ,  0.029612, -0.000148 
  0.071068 ,  0.036857, -0.000119 
  0.072336 ,  0.044081, -0.001226 
  0.073493 ,  0.051247, -0.003373 
  0.074537 ,  0.058319, -0.006278 
  0.075464 ,  0.065258, -0.009511 
  0.076271 ,  0.072025, -0.012566 
  0.076956 ,  0.078580, -0.014929 
  0.077515 ,  0.084884, -0.016156 
  0.077947 ,  0.090897, -0.015943 
  0.078249 ,  0.096583, -0.014165 
  0.078418 ,  0.101904, -0.010898 
  0.078454 ,  0.106825, -0.006411 
  0.078354 ,  0.111312, -0.001127 
  0.078116 ,  0.115334, 0.004432 
  0.077740 ,  0.118862, 0.009716 
  0.077224 ,  0.121872, 0.014214 
  0.076568 ,  0.124341, 0.017523 
  0.075770 ,  0.126251, 0.019387 
  0.074830 ,  0.127585, 0.019725 
  0.073748 ,  0.128335, 0.018628 
  0.072524 ,  0.128492, 0.016335 
  0.071159 ,  0.128054, 0.013190 
  0.069651 ,  0.127024, 0.009587 
  0.068002 ,  0.125407, 0.005918 
  0.066214 ,  0.123214, 0.002517 
  0.064286 ,  0.120461, -0.000374 
  0.062220 ,  0.117167, -0.002625 
  0.060018 ,  0.113354, -0.004218 
  0.057681 ,  0.109051, -0.005235 
  0.055211 ,  0.104289, -0.005823 
  0.052611 ,  0.099101, -0.006158 
  0.049882 ,  0.093525, -0.006412 
  0.047028 ,  0.087602, -0.006714 
  0.044051 ,  0.081375, -0.007135 
  0.040954 ,  0.074887, -0.007674 
  0.037740 ,  0.068185, -0.008268 
  0.034413 ,  0.061317, -0.008805 
  0.030976 ,  0.054331, -0.009152 
  0.027433 ,  0.047275, -0.009182 
  0.023788 ,  0.040196, -0.008795 
  0.020045 ,  0.033144, -0.007942 
  0.016209 ,  0.026163, -0.006633 
  0.012284 ,  0.019299, -0.004932 
  0.008275 ,  0.012594, -0.002951 
  0.004186 ,  0.006091, -0.000826 
  0.000022 ,  -0.000175, 0.001295 
  -0.004210 ,  -0.006167, 0.003283 
  -0.008507 ,  -0.011854, 0.005036 
  -0.012863 ,  -0.017208, 0.006491 
  -0.017271 ,  -0.022204, 0.007626 
  -0.021727 ,  -0.026822, 0.008450 
  -0.026224 ,  -0.031045, 0.008995 
  -0.030758 ,  -0.034860, 0.009297 
  -0.035321 ,  -0.038259, 0.009385 
  -0.039908 ,  -0.041239, 0.009268 
  -0.044512 ,  -0.043798, 0.008936 
  -0.049128 ,  -0.045940, 0.008359 
  -0.053748 ,  -0.047672, 0.007499 
  -0.058368 ,  -0.049007, 0.006322 
  -0.062980 ,  -0.049957, 0.004815 
  -0.067578 ,  -0.050541, 0.003000 
  -0.072155 ,  -0.050779, 0.000939 
  -0.076705 ,  -0.050694, -0.001262 
  -0.081222 ,  -0.050310, -0.003463 
  -0.085700 ,  -0.049654, -0.005505 
  -0.090130 ,  -0.048755, -0.007230 
  -0.094509 ,  -0.047641, -0.008503 
  -0.098828 ,  -0.046343, -0.009232 
  -0.103082 ,  -0.044891, -0.009385 
  -0.107263 ,  -0.043316, -0.008994 
  -0.111367 ,  -0.041646, -0.008151 
  -0.115387 ,  -0.039910, -0.006992 
  -0.119317 ,  -0.038138, -0.005681 
  -0.123150 ,  -0.036355, -0.004380 
  -0.126881 ,  -0.034586, -0.003223 
  -0.130504 ,  -0.032854, -0.002300 
  -0.134014 ,  -0.031180, -0.001637 
  -0.137404 ,  -0.029582, -0.001201 
  -0.140670 ,  -0.028076, -0.000906 
  -0.143806 ,  -0.026676, -0.000631 
  -0.146807 ,  -0.025393, -0.000249 
  -0.149667 ,  -0.024234, 0.000349 
  -0.152383 ,  -0.023205, 0.001228 
  -0.154949 ,  -0.022309, 0.002390 
  -0.157362 ,  -0.021546, 0.003772 
  -0.159616 ,  -0.020914, 0.005248 
  -0.161708 ,  -0.020409, 0.006646 
  -0.163633 ,  -0.020022, 0.007779 
  -0.165389 ,  -0.019747, 0.008471 
  -0.166972 ,  -0.019572, 0.008594 
  -0.168378 ,  -0.019486, 0.008084 
  -0.169604 ,  -0.019476, 0.006965 
  -0.170648 ,  -0.019526, 0.005341 
  -0.171508 ,  -0.019624, 0.003387 
  -0.172180 ,  -0.019752, 0.001326 
  -0.172663 ,  -0.019895, -0.000609 
  -0.172955 ,  -0.020039, -0.002211 
  -0.173055 ,  -0.020168, -0.003327 
  -0.172960 ,  -0.020267, -0.003886 
  -0.172671 ,  -0.020323, -0.003911 
  -0.172186 ,  -0.020323, -0.003509 
  -0.171506 ,  -0.020256, -0.002858 
  -0.170628 ,  -0.020112, -0.002170 
  -0.169555 ,  -0.019882, -0.001656 
  -0.168285 ,  -0.019561, -0.001488 
  -0.166820 ,  -0.019142, -0.001762 
  -0.165161 ,  -0.018624, -0.002481 
  -0.163308 ,  -0.018005, -0.003550 
  -0.161263 ,  -0.017286, -0.004783 
  -0.159027 ,  -0.016470, -0.005935 
  -0.156603 ,  -0.015561, -0.006739 
  -0.153992 ,  -0.014566, -0.006949 
  -0.151198 ,  -0.013494, -0.006387 
  -0.148222 ,  -0.012353, -0.004971 
  -0.145068 ,  -0.011156, -0.002743 
  -0.141738 ,  -0.009914, 0.000137 
  -0.138238 ,  -0.008641, 0.003400 
  -0.134569 ,  -0.007352, 0.006702 
  -0.130736 ,  -0.006061, 0.009671 
  -0.126744 ,  -0.004783, 0.011953 
  -0.122596 ,  -0.003536, 0.013258 
  -0.118297 ,  -0.002334, 0.013400 
  -0.113852 ,  -0.001193, 0.012319 
  -0.109267 ,  -0.000128, 0.010090 
  -0.104546 ,  0.000847, 0.006907 
  -0.099695 ,  0.001717, 0.003062 
  -0.094720 ,  0.002470, -0.001098 
  -0.089626 ,  0.003095, -0.005209 
  -0.084420 ,  0.003582, -0.008929 
  -0.079108 ,  0.003922, -0.011976 
  -0.073696 ,  0.004109, -0.014144 
  -0.068190 ,  0.004137, -0.015318 
  -0.062598 ,  0.004003, -0.015465 
  -0.056926 ,  0.003706, -0.014624 
  -0.051181 ,  0.003247, -0.012889 
  -0.045371 ,  0.002627, -0.010390 
  -0.039502 ,  0.001852, -0.007275 
  -0.033581 ,  0.000927, -0.003706 
  -0.027616 ,  -0.000140, 0.000147 
  -0.021615 ,  -0.001337, 0.004101 
  -0.015585 ,  -0.002655, 0.007954 
  -0.009533 ,  -0.004080, 0.011478 
  -0.003468 ,  -0.005598, 0.014425 
  0.002604 ,  -0.007192, 0.016533 
  0.008675 ,  -0.008846, 0.017554 
  0.014736 ,  -0.010542, 0.017280 
  0.020781 ,  -0.012263, 0.015586 
  0.026801 ,  -0.013988, 0.012466 
  0.032789 ,  -0.015698, 0.008064 
  0.038737 ,  -0.017374, 0.002694 
  0.044637 ,  -0.018997, -0.003172 
  0.050483 ,  -0.020546, -0.008932 
  0.056266 ,  -0.022003, -0.013908 
  0.061980 ,  -0.023349, -0.017428 
  0.067616 ,  -0.024567, -0.018914 
  0.073167 ,  -0.025639, -0.017970 
  0.078627 ,  -0.026550, -0.014463 
  0.083988 ,  -0.027286, -0.008573 
  0.089243 ,  -0.027833, -0.000805 
  0.094386 ,  -0.028178, 0.008036 
  0.099410 ,  -0.028312, 0.016924 
  0.104308 ,  -0.028227, 0.024716 
  0.109074 ,  -0.027913, 0.030294 
  0.113702 ,  -0.027367, 0.032711 
  0.118186 ,  -0.026585, 0.031325 
  0.122520 ,  -0.025564, 0.025908 
  0.126698 ,  -0.024305, 0.016708 
  0.130715 ,  -0.022809, 0.004451 
  0.134566 ,  -0.021080, -0.009719 
  0.138246 ,  -0.019122, -0.024351 
  0.141750 ,  -0.016942, -0.037850 
  0.145073 ,  -0.014550, -0.048662 
  0.148211 ,  -0.011954, -0.055462 
  0.151160 ,  -0.009166, -0.057323 
  0.153916 ,  -0.006199, -0.053836 
  0.156477 ,  -0.003067, -0.045174 
  0.158837 ,  0.000216, -0.032085 
  0.160995 ,  0.003632, -0.015815 
  0.162947 ,  0.007164, 0.002034 
  0.164692 ,  0.010795, 0.019684 
  0.166226 ,  0.014505, 0.035383 
  0.167548 ,  0.018276, 0.047607 
  0.168657 ,  0.022087, 0.055224 
  0.169551 ,  0.025918, 0.057620 
  0.170228 ,  0.029748, 0.054746 
  0.170688 ,  0.033557, 0.047113 
  0.170931 ,  0.037324, 0.035705 
  0.170957 ,  0.041029, 0.021857 
  0.170764 ,  0.044652, 0.007084 
  0.170355 ,  0.048172, -0.007093 
  0.169729 ,  0.051570, -0.019313 
  0.168887 ,  0.054827, -0.028515 
  0.167831 ,  0.057925, -0.034022 
  0.166563 ,  0.060846, -0.035586 
  0.165083 ,  0.063575, -0.033375 
  0.163394 ,  0.066095, -0.027910 
  0.161499 ,  0.068393, -0.019980 
  0.159400 ,  0.070454, -0.010526 
  0.157100 ,  0.072266, -0.000537 
  0.154602 ,  0.073820, 0.009054 
  0.151910 ,  0.075105, 0.017444 
  0.149027 ,  0.076115, 0.024012 
  0.145958 ,  0.076841, 0.028336 
  0.142707 ,  0.077280, 0.030194 
  0.139277 ,  0.077428, 0.029546 
  0.135674 ,  0.077284, 0.026502 
  0.131903 ,  0.076848, 0.021304 
  0.127969 ,  0.076121, 0.014296 
  0.123877 ,  0.075106, 0.005912 
  0.119633 ,  0.073810, -0.003332 
  0.115242 ,  0.072237, -0.012850 
  0.110711 ,  0.070397, -0.021997 
  0.106045 ,  0.068299, -0.030095 
  0.101252 ,  0.065954, -0.036470 
  0.096337 ,  0.063375, -0.040509 
  0.091307 ,  0.060577, -0.041725 
  0.086169 ,  0.057574, -0.039827 
  0.080930 ,  0.054383, -0.034784 
  0.075596 ,  0.051022, -0.026868 
  0.070176 ,  0.047508, -0.016670 
  0.064676 ,  0.043862, -0.005074 
  0.059104 ,  0.040103, 0.006816 
  0.053468 ,  0.036252, 0.017779 
  0.047773 ,  0.032329, 0.026619 
  0.042030 ,  0.028355, 0.032314 
  0.036244 ,  0.024352, 0.034164 
  0.030424 ,  0.020341, 0.031904 
  0.024578 ,  0.016341, 0.025776 
  0.018713 ,  0.012373, 0.016528 
  0.012837 ,  0.008456, 0.005353 
  0.006958 ,  0.004609, -0.006240 
  0.001084 ,  0.000849, -0.016612 
  -0.004778 ,  -0.002807, -0.024207 
  -0.010619 ,  -0.006345, -0.027766 
  -0.016433 ,  -0.009750, -0.026519 
  -0.022211 ,  -0.013012, -0.020314 
  -0.027947 ,  -0.016118, -0.009669 
  -0.033631 ,  -0.019061, 0.004257 
  -0.039257 ,  -0.021834, 0.019799 
  -0.044818 ,  -0.024432, 0.034979 
  -0.050307 ,  -0.026853, 0.047764 
  -0.055716 ,  -0.029094, 0.056335 
  -0.061037 ,  -0.031158, 0.059340 
  -0.066266 ,  -0.033048, 0.056088 
  -0.071393 ,  -0.034767, 0.046665 
  -0.076414 ,  -0.036323, 0.031943 
  -0.081322 ,  -0.037725, 0.013487 
  -0.086110 ,  -0.038982, -0.006642 
  -0.090772 ,  -0.040105, -0.026144 
  -0.095302 ,  -0.041109, -0.042783 
  -0.099695 ,  -0.042006, -0.054681 
  -0.103946 ,  -0.042812, -0.060568 
  -0.108048 ,  -0.043544, -0.059950 
  -0.111997 ,  -0.044216, -0.053173 
  -0.115787 ,  -0.044847, -0.041373 
  -0.119415 ,  -0.045454, -0.026318 
  -0.122876 ,  -0.046053, -0.010159 
  -0.126165 ,  -0.046661, 0.004869 
  -0.129279 ,  -0.047295, 0.016749 
  -0.132214 ,  -0.047969, 0.023969 
  -0.134966 ,  -0.048698, 0.025719 
  -0.137533 ,  -0.049496, 0.022000 
  -0.139911 ,  -0.050373, 0.013614 
  -0.142098 ,  -0.051341, 0.002039 
  -0.144091 ,  -0.052406, -0.010788 
  -0.145888 ,  -0.053577, -0.022753 
  -0.147487 ,  -0.054857, -0.031871 
  -0.148887 ,  -0.056248, -0.036569 
  -0.150086 ,  -0.057750, -0.035915 
  -0.151084 ,  -0.059361, -0.029744 
  -0.151879 ,  -0.061075, -0.018688 
  -0.152471 ,  -0.062885, -0.004077 
  -0.152859 ,  -0.064782, 0.012242 
  -0.153045 ,  -0.066753, 0.028172 
  -0.153027 ,  -0.068784, 0.041657 
  -0.152807 ,  -0.070858, 0.050965 
  -0.152386 ,  -0.072956, 0.054930 
  -0.151764 ,  -0.075059, 0.053099 
  -0.150943 ,  -0.077144, 0.045792 
  -0.149925 ,  -0.079187, 0.034043 
  -0.148711 ,  -0.081163, 0.019447 
  -0.147304 ,  -0.083046, 0.003930 
  -0.145707 ,  -0.084810, -0.010518 
  -0.143920 ,  -0.086426, -0.022115 
  -0.141949 ,  -0.087868, -0.029527 
  -0.139796 ,  -0.089106, -0.032033 
  -0.137463 ,  -0.090115, -0.029604 
  -0.134955 ,  -0.090867, -0.022882 
  -0.132276 ,  -0.091337, -0.013067 
  -0.129430 ,  -0.091500, -0.001733 
  -0.126420 ,  -0.091333, 0.009407 
  -0.123252 ,  -0.090814, 0.018742 
  -0.119930 ,  -0.089925, 0.024982 
  -0.116458 ,  -0.088646, 0.027324 
  -0.112842 ,  -0.086965, 0.025537 
  -0.109087 ,  -0.084869, 0.019976 
  -0.105198 ,  -0.082348, 0.011494 
  -0.101181 ,  -0.079395, 0.001309 
  -0.097042 ,  -0.076009, -0.009193 
  -0.092786 ,  -0.072187, -0.018655 
  -0.088418 ,  -0.067933, -0.025938 
  -0.083946 ,  -0.063253, -0.030266 
  -0.079375 ,  -0.058157, -0.031314 
  -0.074712 ,  -0.052656, -0.029220 
  -0.069963 ,  -0.046767, -0.024537 
  -0.065134 ,  -0.040508, -0.018124 
  -0.060231 ,  -0.033901, -0.010998 
  -0.055263 ,  -0.026970, -0.004177 
  -0.050234 ,  -0.019742, 0.001468 
  -0.045152 ,  -0.012247, 0.005328 
  -0.040023 ,  -0.004515, 0.007126 
  -0.034855 ,  0.003418, 0.006926 
  -0.029653 ,  0.011519, 0.005094 
  -0.024425 ,  0.019750, 0.002212 
  -0.019178 ,  0.028072, -0.001035 
  -0.013918 ,  0.036448, -0.003974 
  -0.008652 ,  0.044837, -0.006059 
  -0.003387 ,  0.053199, -0.006946 
  0.001870 ,  0.061495, -0.006536 
  0.007114 ,  0.069684, -0.004965 
  0.012337 ,  0.077726, -0.002566 
  0.017532 ,  0.085583, 0.000212 
  0.022694 ,  0.093217, 0.002898 
  0.027816 ,  0.100591, 0.005085 
  0.032892 ,  0.107670, 0.006513 
  0.037915 ,  0.114421, 0.007112 
  0.042879 ,  0.120812, 0.007010 
  0.047779 ,  0.126813, 0.006508 
  0.052608 ,  0.132397, 0.006020 
  0.057361 ,  0.137539, 0.005985 
  0.062033 ,  0.142216, 0.006784 
  0.066617 ,  0.146408, 0.008652 
  0.071109 ,  0.150098, 0.011623 
  0.075503 ,  0.153270, 0.015503 
  0.079795 ,  0.155914, 0.019881 
  0.083979 ,  0.158018, 0.024178 
  0.088051 ,  0.159578, 0.027727 
  0.092007 ,  0.160588, 0.029870 
  0.095842 ,  0.161048, 0.030055 
  0.099552 ,  0.160959, 0.027927 
  0.103133 ,  0.160325, 0.023390 
  0.106582 ,  0.159153, 0.016629 
  0.109895 ,  0.157451, 0.008104 
  0.113068 ,  0.155231, -0.001510 
  0.116099 ,  0.152504, -0.011401 
  0.118985 ,  0.149288, -0.020718 
  0.121723 ,  0.145598, -0.028684 
  0.124311 ,  0.141455, -0.034682 
  0.126746 ,  0.136877, -0.038332 
  0.129026 ,  0.131887, -0.039522 
  0.131150 ,  0.126509, -0.038411 
  0.133116 ,  0.120767, -0.035389 
  0.134923 ,  0.114686, -0.031011 
  0.136569 ,  0.108294, -0.025910 
  0.138054 ,  0.101616, -0.020704 
  0.139377 ,  0.094680, -0.015916 
  0.140537 ,  0.087516, -0.011903 
  0.141534 ,  0.080151, -0.008826 
  0.142368 ,  0.072615, -0.006648 
  0.143040 ,  0.064936, -0.005155 
  0.143550 ,  0.057142, -0.004019 
  0.143897 ,  0.049263, -0.002860 
  0.144084 ,  0.041327, -0.001327 
  0.144111 ,  0.033362, 0.000840 
  0.143980 ,  0.025395, 0.003760 
  0.143691 ,  0.017453, 0.007389 
  0.143247 ,  0.009562, 0.011522 
  0.142648 ,  0.001748, 0.015828 
  0.141899 ,  -0.005966, 0.019899 
  0.140999 ,  -0.013555, 0.023321 
  0.139952 ,  -0.020998, 0.025734 
  0.138761 ,  -0.028272, 0.026894 
  0.137428 ,  -0.035359, 0.026712 
  0.135956 ,  -0.042240, 0.025267 
  0.134347 ,  -0.048896, 0.022797 
  0.132606 ,  -0.055312, 0.019659 
  0.130735 ,  -0.061474, 0.016278 
  0.128739 ,  -0.067368, 0.013081 
  0.126620 ,  -0.072983, 0.010427 
  0.124382 ,  -0.078308, 0.008556 
  0.122029 ,  -0.083336, 0.007550 
  0.119566 ,  -0.088058, 0.007321 
  0.116996 ,  -0.092471, 0.007623 
  0.114324 ,  -0.096569, 0.008091 
  0.111553 ,  -0.100350, 0.008294 
  0.108689 ,  -0.103815, 0.007808 
  0.105735 ,  -0.106962, 0.006280 
  0.102696 ,  -0.109795, 0.003485 
  0.099578 ,  -0.112316, -0.000629 
  0.096383 ,  -0.114531, -0.005926 
  0.093118 ,  -0.116445, -0.012090 
  0.089788 ,  -0.118064, -0.018659 
  0.086395 ,  -0.119398, -0.025075 
  0.082947 ,  -0.120453, -0.030755 
  0.079447 ,  -0.121241, -0.035156 
  0.075901 ,  -0.121772, -0.037845 
  0.072313 ,  -0.122055, -0.038541 
  0.068689 ,  -0.122103, -0.037155 
  0.065032 ,  -0.121925, -0.033790 
  0.061349 ,  -0.121535, -0.028726 
  0.057644 ,  -0.120943, -0.022385 
  0.053922 ,  -0.120161, -0.015278 
  0.050188 ,  -0.119199, -0.007948 
  0.046446 ,  -0.118068, -0.000911 
  0.042702 ,  -0.116778, 0.005396 
  0.038959 ,  -0.115338, 0.010649 
  0.035224 ,  -0.113758, 0.014656 
  0.031500 ,  -0.112044, 0.017361 
  0.027792 ,  -0.110203, 0.018829 
  0.024104 ,  -0.108242, 0.019217 
  0.020441 ,  -0.106164, 0.018742 
  0.016807 ,  -0.103974, 0.017645 
  0.013207 ,  -0.101674, 0.016158 
  0.009644 ,  -0.099265, 0.014480 
  0.006122 ,  -0.096748, 0.012767 
  0.002646 ,  -0.094121, 0.011122 
  -0.000780 ,  -0.091384, 0.009610 
  -0.004153 ,  -0.088534, 0.008262 
  -0.007470 ,  -0.085566, 0.007098 
  -0.010726 ,  -0.082478, 0.006133 
  -0.013918 ,  -0.079263, 0.005392 
  -0.017044 ,  -0.075918, 0.004909 
  -0.020099 ,  -0.072436, 0.004721 
  -0.023082 ,  -0.068811, 0.004861 
  -0.025988 ,  -0.065039, 0.005335 
  -0.028816 ,  -0.061113, 0.006115 
  -0.031562 ,  -0.057028, 0.007124 
  -0.034224 ,  -0.052781, 0.008231 
  -0.036800 ,  -0.048367, 0.009254 
  -0.039287 ,  -0.043783, 0.009979 
  -0.041684 ,  -0.039029, 0.010180 
  -0.043988 ,  -0.034103, 0.009652 
  -0.046198 ,  -0.029007, 0.008236 
  -0.048312 ,  -0.023743, 0.005856 
  -0.050328 ,  -0.018316, 0.002534 
  -0.052246 ,  -0.012731, -0.001595 
  -0.054064 ,  -0.006998, -0.006295 
  -0.055780 ,  -0.001125, -0.011238 
  -0.057394 ,  0.004875, -0.016046 
  -0.058906 ,  0.010988, -0.020324 
  -0.060314 ,  0.017197, -0.023710 
  -0.061618 ,  0.023486, -0.025916 
  -0.062817 ,  0.029834, -0.026766 
  -0.063912 ,  0.036219, -0.026214 
  -0.064902 ,  0.042618, -0.024353 
  -0.065787 ,  0.049007, -0.021405 
  -0.066567 ,  0.055358, -0.017688 
  -0.067243 ,  0.061644, -0.013581 
  -0.067815 ,  0.067837, -0.009470 
  -0.068284 ,  0.073907, -0.005706 
  -0.068650 ,  0.079826, -0.002555 
  -0.068913 ,  0.085562, -0.000170 
  -0.069076 ,  0.091087, 0.001424 
  -0.069138 ,  0.096370, 0.002329 
  -0.069101 ,  0.101383, 0.002755 
  -0.068966 ,  0.106098, 0.002982 
  -0.068735 ,  0.110488, 0.003316 
  -0.068408 ,  0.114527, 0.004044 
  -0.067988 ,  0.118193, 0.005385 
  -0.067475 ,  0.121462, 0.007457 
  -0.066872 ,  0.124317, 0.010253 
  -0.066180 ,  0.126740, 0.013638 
  -0.065402 ,  0.128717, 0.017360 
  -0.064538 ,  0.130235, 0.021084 
  -0.063591 ,  0.131287, 0.024425 
  -0.062563 ,  0.131868, 0.027000 
  -0.061456 ,  0.131974, 0.028471 
  -0.060273 ,  0.131606, 0.028589 
  -0.059015 ,  0.130769, 0.027221 
  -0.057684 ,  0.129469, 0.024366 
  -0.056284 ,  0.127718, 0.020155 
  -0.054816 ,  0.125527, 0.014837 
  -0.053284 ,  0.122913, 0.008750 
  -0.051688 ,  0.119895, 0.002284 
  -0.050032 ,  0.116495, -0.004155 
  -0.048319 ,  0.112736, -0.010187 
  -0.046550 ,  0.108644, -0.015491 
  -0.044729 ,  0.104246, -0.019824 
  -0.042858 ,  0.099572, -0.023038 
  -0.040939 ,  0.094653, -0.025084 
  -0.038976 ,  0.089519, -0.025996 
  -0.036970 ,  0.084203, -0.025882 
  -0.034924 ,  0.078737, -0.024901 
  -0.032842 ,  0.073153, -0.023238 
  -0.030725 ,  0.067483, -0.021081 
  -0.028576 ,  0.061758, -0.018605 
  -0.026397 ,  0.056009, -0.015957 
  -0.024192 ,  0.050265, -0.013241 
  -0.021963 ,  0.044554, -0.010525 
  -0.019713 ,  0.038900, -0.007831 
  -0.017443 ,  0.033329, -0.005154 
  -0.015157 ,  0.027862, -0.002459 
  -0.012857 ,  0.022517, 0.000295 
  -0.010545 ,  0.017313, 0.003152 
  -0.008223 ,  0.012264, 0.006137 
  -0.005895 ,  0.007381, 0.009248 
  -0.003563 ,  0.002674, 0.012440 
  -0.001229 ,  -0.001849, 0.015622 
  0.001106 ,  -0.006186, 0.018652 
  0.003438 ,  -0.010334, 0.021335 
  0.005765 ,  -0.014294, 0.023441 
  0.008086 ,  -0.018068, 0.024716 
  0.010397 ,  -0.021660, 0.024909 
  0.012698 ,  -0.025078, 0.023804 
  0.014985 ,  -0.028330, 0.021251 
  0.017257 ,  -0.031423, 0.017204 
  0.019513 ,  -0.034370, 0.011743 
  0.021749 ,  -0.037180, 0.005099 
  0.023964 ,  -0.039866, -0.002350 
  0.026157 ,  -0.042439, -0.010087 
  0.028325 ,  -0.044911, -0.017495 
  0.030467 ,  -0.047293, -0.023906 
  0.032582 ,  -0.049596, -0.028670 
  0.034666 ,  -0.051831, -0.031228 
  0.036720 ,  -0.054005, -0.031185 
  0.038740 ,  -0.056127, -0.028375 
  0.040727 ,  -0.058202, -0.022904 
  0.042678 ,  -0.060235, -0.015166 
  0.044592 ,  -0.062228, -0.005825 
  0.046467 ,  -0.064182, 0.004238 
  0.048303 ,  -0.066096, 0.014007 
  0.050097 ,  -0.067966, 0.022437 
  0.051849 ,  -0.069787, 0.028575 
  0.053558 ,  -0.071551, 0.031676 
  0.055222 ,  -0.073251, 0.031302 
  0.056840 ,  -0.074873, 0.027392 
  0.058411 ,  -0.076407, 0.020289 
  0.059934 ,  -0.077838, 0.010715 
  0.061408 ,  -0.079151, -0.000293 
  0.062832 ,  -0.080328, -0.011499 
  0.064204 ,  -0.081354, -0.021608 
  0.065525 ,  -0.082211, -0.029417 
  0.066793 ,  -0.082880, -0.033969 
  0.068008 ,  -0.083345, -0.034672 
  0.069168 ,  -0.083586, -0.031378 
  0.070272 ,  -0.083589, -0.024416 
  0.071321 ,  -0.083336, -0.014556 
  0.072312 ,  -0.082813, -0.002921 
  0.073246 ,  -0.082008, 0.009143 
  0.074122 ,  -0.080909, 0.020236 
  0.074938 ,  -0.079507, 0.029072 
  0.075695 ,  -0.077796, 0.034643 
  0.076392 ,  -0.075771, 0.036338 
  0.077028 ,  -0.073431, 0.034024 
  0.077602 ,  -0.070777, 0.028053 
  0.078114 ,  -0.067813, 0.019219 
  0.078563 ,  -0.064547, 0.008645 
  0.078949 ,  -0.060989, -0.002358 
  0.079272 ,  -0.057153, -0.012464 
  0.079530 ,  -0.053055, -0.020504 
  0.079724 ,  -0.048714, -0.025611 
  0.079852 ,  -0.044153, -0.027324 
  0.079914 ,  -0.039397, -0.025637 
  0.079911 ,  -0.034471, -0.020986 
  0.079841 ,  -0.029407, -0.014177 
  0.079703 ,  -0.024235, -0.006264 
  0.079499 ,  -0.018988, 0.001601 
  0.079226 ,  -0.013701, 0.008327 
  0.078886 ,  -0.008408, 0.013034 
  0.078477 ,  -0.003147, 0.015168 
  0.077998 ,  0.002048, 0.014559 
  0.077451 ,  0.007141, 0.011441 
  0.076835 ,  0.012095, 0.006397 
  0.076148 ,  0.016876, 0.000267 
  0.075391 ,  0.021451, -0.005983 
  0.074564 ,  0.025787, -0.011399 
  0.073667 ,  0.029856, -0.015180 
  0.072699 ,  0.033629, -0.016786 
  0.071660 ,  0.037082, -0.016009 
  0.070549 ,  0.040192, -0.012991 
  0.069368 ,  0.042940, -0.008191 
  0.068115 ,  0.045312, -0.002308 
  0.066790 ,  0.047293, 0.003823 
  0.065394 ,  0.048877, 0.009366 
  0.063927 ,  0.050057, 0.013598 
  0.062387 ,  0.050832, 0.016013 
  0.060777 ,  0.051206, 0.016387 
  0.059095 ,  0.051184, 0.014801 
  0.057341 ,  0.050777, 0.011613 
  0.055516 ,  0.049997, 0.007400 
  0.053621 ,  0.048861, 0.002856 
  0.051654 ,  0.047390, -0.001312 
  0.049617 ,  0.045605, -0.004494 
  0.047509 ,  0.043534, -0.006265 
  0.045332 ,  0.041204, -0.006442 
  0.043085 ,  0.038644, -0.005105 
  0.040769 ,  0.035887, -0.002574 
  0.038385 ,  0.032966, 0.000647 
  0.035932 ,  0.029915, 0.003957 
  0.033413 ,  0.026769, 0.006751 
  0.030826 ,  0.023564, 0.008518 
  0.028174 ,  0.020333, 0.008917 
  0.025456 ,  0.017113, 0.007828 
  0.022674 ,  0.013936, 0.005370 
  0.019828 ,  0.010835, 0.001874 
  0.016920 ,  0.007842, -0.002167 
  0.013951 ,  0.004986, -0.006174 
  0.010922 ,  0.002294, -0.009569 
  0.007833 ,  -0.000209, -0.011867 
  0.004686 ,  -0.002501, -0.012739 
  0.001483 ,  -0.004562, -0.012061 
  -0.001775 ,  -0.006376, -0.009929 
  -0.005087 ,  -0.007928, -0.006642 
  -0.008450 ,  -0.009209, -0.002651 
  -0.011865 ,  -0.010211, 0.001505 
  -0.015328 ,  -0.010930, 0.005275 
  -0.018838 ,  -0.011365, 0.008177 
  -0.022393 ,  -0.011518, 0.009859 
  -0.025991 ,  -0.011394, 0.010140 
  -0.029630 ,  -0.011002, 0.009028 
  -0.033308 ,  -0.010352, 0.006707 
  -0.037023 ,  -0.009457, 0.003502 
  -0.040773 ,  -0.008333, -0.000173 
  -0.044555 ,  -0.006998, -0.003882 
  -0.048366 ,  -0.005472, -0.007221 
  -0.052205 ,  -0.003775, -0.009874 
  -0.056068 ,  -0.001931, -0.011644 
  -0.059954 ,  0.000038, -0.012466 
  -0.063859 ,  0.002106, -0.012399 
  -0.067780 ,  0.004249, -0.011600 
  -0.071715 ,  0.006442, -0.010282 
  -0.075661 ,  0.008660, -0.008671 
  -0.079614 ,  0.010879, -0.006965 
  -0.083571 ,  0.013074, -0.005299 
  -0.087530 ,  0.015222, -0.003731 
  -0.091487 ,  0.017302, -0.002238 
  -0.095439 ,  0.019293, -0.000734 
  -0.099382 ,  0.021176, 0.000905 
  -0.103313 ,  0.022932, 0.002803 
  -0.107229 ,  0.024546, 0.005049 
  -0.111126 ,  0.026005, 0.007668 
  -0.115000 ,  0.027296, 0.010598 
  -0.118848 ,  0.028410, 0.013691 
  -0.122666 ,  0.029338, 0.016721 
  -0.126451 ,  0.030075, 0.019409 
  -0.130198 ,  0.030618, 0.021462 
  -0.133904 ,  0.030964, 0.022611 
  -0.137565 ,  0.031114, 0.022652 
  -0.141178 ,  0.031070, 0.021476 
  -0.144737 ,  0.030837, 0.019086 
  -0.148241 ,  0.030420, 0.015608 
  -0.151684 ,  0.029826, 0.011272 
  -0.155062 ,  0.029064, 0.006389 
  -0.158373 ,  0.028145, 0.001316 
  -0.161612 ,  0.027079, -0.003587 
  -0.164774 ,  0.025878, -0.007998 
  -0.167857 ,  0.024556, -0.011667 
  -0.170857 ,  0.023127, -0.014440 
  -0.173768 ,  0.021603, -0.016269 
  -0.176589 ,  0.020001, -0.017212 
  -0.179314 ,  0.018333, -0.017411 
  -0.181941 ,  0.016616, -0.017071 
  -0.184465 ,  0.014862, -0.016419 
  -0.186884 ,  0.013087, -0.015678 
  -0.189192 ,  0.011305, -0.015029 
  -0.191387 ,  0.009528, -0.014593 
  -0.193466 ,  0.007769, -0.014411 
  -0.195424 ,  0.006041, -0.014445 
  -0.197259 ,  0.004355, -0.014585 
  -0.198968 ,  0.002721, -0.014670 
  -0.200546 ,  0.001150, -0.014508 
  -0.201992 ,  -0.000352, -0.013905 
  -0.203302 ,  -0.001774, -0.012696 
  -0.204473 ,  -0.003111, -0.010762 
  -0.205503 ,  -0.004357, -0.008055 
  -0.206388 ,  -0.005506, -0.004600 
  -0.207128 ,  -0.006555, -0.000502 
  -0.207718 ,  -0.007500, 0.004065 
  -0.208157 ,  -0.008340, 0.008871 
  -0.208442 ,  -0.009072, 0.013650 
  -0.208572 ,  -0.009696, 0.018124 
  -0.208545 ,  -0.010213, 0.022025 
  -0.208359 ,  -0.010623, 0.025118 
  -0.208012 ,  -0.010929, 0.027219 
  -0.207504 ,  -0.011132, 0.028208 
  -0.206832 ,  -0.011235, 0.028042 
  -0.205996 ,  -0.011243, 0.026749 
  -0.204995 ,  -0.011160, 0.024429 
  -0.203828 ,  -0.010989, 0.021241 
  -0.202494 ,  -0.010736, 0.017390 
  -0.200994 ,  -0.010408, 0.013109 
  -0.199327 ,  -0.010009, 0.008639 
  -0.197492 ,  -0.009547, 0.004211 
  -0.195490 ,  -0.009028, 0.000028 
  -0.193322 ,  -0.008458, -0.003747 
  -0.190988 ,  -0.007847, -0.006996 
  -0.188488 ,  -0.007200, -0.009657 
  -0.185824 ,  -0.006527, -0.011711 
  -0.182996 ,  -0.005835, -0.013185 
  -0.180007 ,  -0.005132, -0.014133 
  -0.176856 ,  -0.004427, -0.014626 
  -0.173547 ,  -0.003728, -0.014742 
  -0.170081 ,  -0.003044, -0.014550 
  -0.166459 ,  -0.002383, -0.014105 
  -0.162685 ,  -0.001755, -0.013447 
  -0.158761 ,  -0.001167, -0.012598 
  -0.154689 ,  -0.000629, -0.011571 
  -0.150472 ,  -0.000148, -0.010378 
  -0.146113 ,  0.000267, -0.009037 
  -0.141616 ,  0.000609, -0.007586 
  -0.136983 ,  0.000870, -0.006082 
  -0.132219 ,  0.001043, -0.004604 
  -0.127327 ,  0.001121, -0.003251 
  -0.122312 ,  0.001098, -0.002123 
  -0.117176 ,  0.000969, -0.001316 
  -0.111925 ,  0.000728, -0.000896 
  -0.106563 ,  0.000371, -0.000888 
  -0.101095 ,  -0.000104, -0.001260 
  -0.095524 ,  -0.000701, -0.001917 
  -0.089858 ,  -0.001421, -0.002708 
  -0.084099 ,  -0.002265, -0.003431 
  -0.078254 ,  -0.003233, -0.003859 
  -0.072328 ,  -0.004323, -0.003767 
  -0.066327 ,  -0.005532, -0.002965 
  -0.060255 ,  -0.006858, -0.001329 
  -0.054119 ,  -0.008296, 0.001171 
  -0.047925 ,  -0.009839, 0.004454 
  -0.041678 ,  -0.011481, 0.008323 
  -0.035385 ,  -0.013214, 0.012474 
  -0.029052 ,  -0.015030, 0.016523 
  -0.022685 ,  -0.016917, 0.020038 
  -0.016290 ,  -0.018866, 0.022595 
  -0.009874 ,  -0.020864, 0.023819 
  -0.003443 ,  -0.022899, 0.023439 
  0.002996 ,  -0.024957, 0.021323 
  0.009438 ,  -0.027025, 0.017511 
  0.015874 ,  -0.029088, 0.012216 
  0.022298 ,  -0.031131, 0.005821 
  0.028705 ,  -0.033140, -0.001158 
  0.035087 ,  -0.035098, -0.008114 
  0.041437 ,  -0.036990, -0.014407 
  0.047750 ,  -0.038802, -0.019432 
  0.054017 ,  -0.040518, -0.022679 
  0.060233 ,  -0.042124, -0.023791 
  0.066391 ,  -0.043605, -0.022600 
  0.072485 ,  -0.044949, -0.019155 
  0.078507 ,  -0.046142, -0.013723 
  0.084452 ,  -0.047174, -0.006768 
  0.090313 ,  -0.048032, 0.001088 
  0.096083 ,  -0.048708, 0.009119 
  0.101757 ,  -0.049192, 0.016557 
  0.107328 ,  -0.049479, 0.022670 
  0.112790 ,  -0.049561, 0.026821 
  0.118137 ,  -0.049434, 0.028532 
  0.123364 ,  -0.049095, 0.027530 
  0.128464 ,  -0.048543, 0.023776 
  0.133432 ,  -0.047777, 0.017473 
  0.138263 ,  -0.046797, 0.009054 
  0.142952 ,  -0.045608, -0.000848 
  0.147492 ,  -0.044212, -0.011451 
  0.151880 ,  -0.042615, -0.021886 
  0.156110 ,  -0.040824, -0.031274 
  0.160178 ,  -0.038845, -0.038794 
  0.164079 ,  -0.036689, -0.043765 
  0.167809 ,  -0.034363, -0.045702 
  0.171364 ,  -0.031881, -0.044366 
  0.174741 ,  -0.029251, -0.039797 
  0.177935 ,  -0.026488, -0.032312 
  0.180943 ,  -0.023603, -0.022490 
  0.183761 ,  -0.020609, -0.011122 
  0.186388 ,  -0.017521, 0.000853 
  0.188820 ,  -0.014351, 0.012434 
  0.191055 ,  -0.011112, 0.022650 
  0.193090 ,  -0.007820, 0.030655 
  0.194923 ,  -0.004487, 0.035811 
  0.196553 ,  -0.001125, 0.037756 
  0.197978 ,  0.002251, 0.036445 
  0.199197 ,  0.005630, 0.032155 
  0.200209 ,  0.008999, 0.025465 
  0.201013 ,  0.012348, 0.017194 
  0.201609 ,  0.015666, 0.008315 
  0.201995 ,  0.018943, -0.000147 
  0.202174 ,  0.022169, -0.007230 
  0.202144 ,  0.025336, -0.012142 
  0.201906 ,  0.028436, -0.014350 
  0.201462 ,  0.031462, -0.013646 
  0.200812 ,  0.034407, -0.010170 
  0.199958 ,  0.037266, -0.004393 
  0.198901 ,  0.040032, 0.002930 
  0.197643 ,  0.042702, 0.010852 
  0.196186 ,  0.045271, 0.018344 
  0.194534 ,  0.047736, 0.024414 
  0.192687 ,  0.050093, 0.028229 
  0.190650 ,  0.052339, 0.029206 
  0.188426 ,  0.054471, 0.027089 
  0.186018 ,  0.056488, 0.021974 
  0.183429 ,  0.058386, 0.014299 
  0.180664 ,  0.060163, 0.004788 
  0.177727 ,  0.061818, -0.005631 
  0.174622 ,  0.063347, -0.015938 
  0.171354 ,  0.064750, -0.025139 
  0.167927 ,  0.066022, -0.032378 
  0.164346 ,  0.067163, -0.037030 
  0.160617 ,  0.068169, -0.038764 
  0.156746 ,  0.069038, -0.037569 
  0.152737 ,  0.069766, -0.033738 
  0.148596 ,  0.070352, -0.027821 
  0.144330 ,  0.070791, -0.020547 
  0.139945 ,  0.071082, -0.012725 
  0.135447 ,  0.071221, -0.005151 
  0.130842 ,  0.071204, 0.001489 
  0.126136 ,  0.071029, 0.006688 
  0.121338 ,  0.070694, 0.010161 
  0.116453 ,  0.070195, 0.011858 
  0.111488 ,  0.069531, 0.011946 
  0.106451 ,  0.068698, 0.010766 
  0.101348 ,  0.067697, 0.008766 
  0.096188 ,  0.066525, 0.006431 
  0.090976 ,  0.065183, 0.004214 
  0.085721 ,  0.063670, 0.002478 
  0.080430 ,  0.061987, 0.001457 
  0.075110 ,  0.060137, 0.001233 
  0.069769 ,  0.058120, 0.001749 
  0.064415 ,  0.055942, 0.002828 
  0.059055 ,  0.053604, 0.004220 
  0.053696 ,  0.051113, 0.005641 
  0.048346 ,  0.048473, 0.006830 
  0.043013 ,  0.045693, 0.007580 
  0.037704 ,  0.042778, 0.007773 
  0.032426 ,  0.039738, 0.007388 
  0.027188 ,  0.036580, 0.006497 
  0.021995 ,  0.033316, 0.005251 
  0.016856 ,  0.029954, 0.003845 
  0.011778 ,  0.026506, 0.002491 
  0.006767 ,  0.022984, 0.001385 
  0.001831 ,  0.019398, 0.000674 
  -0.003024 ,  0.015761, 0.000445 
  -0.007790 ,  0.012084, 0.000710 
  -0.012461 ,  0.008381, 0.001416 
  -0.017031 ,  0.004662, 0.002449 
  -0.021494 ,  0.000941, 0.003658 
  -0.025842 ,  -0.002772, 0.004874 
  -0.030071 ,  -0.006465, 0.005929 
  -0.034174 ,  -0.010128, 0.006676 
  -0.038146 ,  -0.013750, 0.007002 
  -0.041982 ,  -0.017321, 0.006832 
  -0.045675 ,  -0.020834, 0.006132 
  -0.049222 ,  -0.024279, 0.004909 
  -0.052618 ,  -0.027650, 0.003205 
  -0.055857 ,  -0.030941, 0.001091 
  -0.058935 ,  -0.034146, -0.001340 
  -0.061850 ,  -0.037261, -0.003972 
  -0.064595 ,  -0.040282, -0.006675 
  -0.067169 ,  -0.043206, -0.009306 
  -0.069568 ,  -0.046032, -0.011714 
  -0.071788 ,  -0.048759, -0.013745 
  -0.073827 ,  -0.051387, -0.015254 
  -0.075683 ,  -0.053915, -0.016115 
  -0.077352 ,  -0.056345, -0.016238 
  -0.078833 ,  -0.058677, -0.015576 
  -0.080125 ,  -0.060914, -0.014145 
  -0.081226 ,  -0.063058, -0.012025 
  -0.082134 ,  -0.065109, -0.009364 
  -0.082850 ,  -0.067070, -0.006367 
  -0.083371 ,  -0.068942, -0.003285 
  -0.083699 ,  -0.070727, -0.000383 
  -0.083833 ,  -0.072426, 0.002079 
  -0.083773 ,  -0.074038, 0.003886 
  -0.083521 ,  -0.075564, 0.004888 
  -0.083076 ,  -0.077001, 0.005029 
  -0.082440 ,  -0.078348, 0.004354 
  -0.081614 ,  -0.079603, 0.003008 
  -0.080601 ,  -0.080760, 0.001225 
  -0.079402 ,  -0.081815, -0.000698 
  -0.078019 ,  -0.082762, -0.002439 
  -0.076456 ,  -0.083593, -0.003685 
  -0.074714 ,  -0.084301, -0.004175 
  -0.072797 ,  -0.084877, -0.003733 
  -0.070708 ,  -0.085310, -0.002288 
  -0.068452 ,  -0.085589, 0.000111 
  -0.066031 ,  -0.085703, 0.003305 
  -0.063450 ,  -0.085641, 0.007038 
  -0.060713 ,  -0.085389, 0.010988 
  -0.057825 ,  -0.084934, 0.014806 
  -0.054790 ,  -0.084264, 0.018152 
  -0.051614 ,  -0.083366, 0.020731 
  -0.048302 ,  -0.082227, 0.022327 
  -0.044859 ,  -0.080836, 0.022815 
  -0.041291 ,  -0.079181, 0.022170 
  -0.037603 ,  -0.077251, 0.020464 
  -0.033803 ,  -0.075039, 0.017844 
  -0.029895 ,  -0.072535, 0.014516 
  -0.025886 ,  -0.069735, 0.010715 
  -0.021783 ,  -0.066633, 0.006676 
  -0.017592 ,  -0.063226, 0.002618 
  -0.013320 ,  -0.059516, -0.001276 
  -0.008974 ,  -0.055503, -0.004868 
  -0.004561 ,  -0.051192, -0.008062 
  -0.000087 ,  -0.046590, -0.010807 
  0.004439 ,  -0.041706, -0.013083 
  0.009011 ,  -0.036552, -0.014894 
  0.013622 ,  -0.031144, -0.016260 
  0.018263 ,  -0.025497, -0.017209 
  0.022929 ,  -0.019632, -0.017774 
  0.027610 ,  -0.013571, -0.017992 
  0.032300 ,  -0.007339, -0.017906 
  0.036992 ,  -0.000962, -0.017563 
  0.041677 ,  0.005529, -0.017018 
  0.046348 ,  0.012105, -0.016326 
  0.050999 ,  0.018733, -0.015545 
  0.055621 ,  0.025379, -0.014718 
  0.060207 ,  0.032007, -0.013873 
  0.064749 ,  0.038583, -0.013012 
  0.069241 ,  0.045069, -0.012101 
  0.073676 ,  0.051428, -0.011079 
  0.078046 ,  0.057624, -0.009852 
  0.082344 ,  0.063620, -0.008314 
  0.086563 ,  0.069382, -0.006359 
  0.090697 ,  0.074874, -0.003900 
  0.094739 ,  0.080063, -0.000894 
  0.098682 ,  0.084918, 0.002645 
  0.102520 ,  0.089409, 0.006635 
  0.106248 ,  0.093509, 0.010919 
  0.109858 ,  0.097194, 0.015282 
  0.113345 ,  0.100441, 0.019459 
  0.116704 ,  0.103231, 0.023169 
  0.119928 ,  0.105550, 0.026143 
  0.123013 ,  0.107383, 0.028154 
  0.125954 ,  0.108722, 0.029047 
  0.128745 ,  0.109562, 0.028757 
  0.131383 ,  0.109900, 0.027315 
  0.133862 ,  0.109738, 0.024846 
  0.136178 ,  0.109080, 0.021551 
  0.138329 ,  0.107936, 0.017680 
  0.140309 ,  0.106317, 0.013504 
  0.142116 ,  0.104237, 0.009277 
  0.143746 ,  0.101716, 0.005212 
  0.145196 ,  0.098774, 0.001456 
  0.146465 ,  0.095434, -0.001909 
  0.147549 ,  0.091724, -0.004875 
  0.148446 ,  0.087670, -0.007480 
  0.149155 ,  0.083305, -0.009798 
  0.149674 ,  0.078658, -0.011902 
  0.150002 ,  0.073763, -0.013847 
  0.150138 ,  0.068655, -0.015647 
  0.150081 ,  0.063368, -0.017265 
  0.149831 ,  0.057937, -0.018619 
  0.149387 ,  0.052396, -0.019595 
  0.148751 ,  0.046782, -0.020064 
  0.147922 ,  0.041128, -0.019915 
  0.146901 ,  0.035467, -0.019081 
  0.145689 ,  0.029831, -0.017556 
  0.144288 ,  0.024252, -0.015408 
  0.142698 ,  0.018759, -0.012779 
  0.140923 ,  0.013380, -0.009869 
  0.138964 ,  0.008139, -0.006909 
  0.136823 ,  0.003060, -0.004132 
  0.134503 ,  -0.001835, -0.001735 
  0.132008 ,  -0.006527, 0.000150 
  0.129340 ,  -0.011001, 0.001473 
  0.126503 ,  -0.015241, 0.002275 
  0.123500 ,  -0.019236, 0.002678 
  0.120335 ,  -0.022977, 0.002860 
  0.117013 ,  -0.026455, 0.003022 
  0.113538 ,  -0.029668, 0.003348 
  0.109914 ,  -0.032610, 0.003966 
  0.106147 ,  -0.035283, 0.004923 
  0.102241 ,  -0.037686, 0.006170 
  0.098202 ,  -0.039823, 0.007565 
  0.094035 ,  -0.041698, 0.008895 
  0.089745 ,  -0.043317, 0.009917 
  0.085339 ,  -0.044687, 0.010403 
  0.080822 ,  -0.045815, 0.010185 
  0.076201 ,  -0.046711, 0.009203 
  0.071481 ,  -0.047385, 0.007525 
  0.066669 ,  -0.047845, 0.005354 
  0.061772 ,  -0.048103, 0.003010 
  0.056795 ,  -0.048168, 0.000889 
  0.051747 ,  -0.048053, -0.000602 
  0.046633 ,  -0.047766, -0.001103 
  0.041461 ,  -0.047318, -0.000377 
  0.036237 ,  -0.046719, 0.001643 
  0.030969 ,  -0.045979, 0.004819 
  0.025663 ,  -0.045105, 0.008804 
  0.020327 ,  -0.044108, 0.013077 
  0.014968 ,  -0.042995, 0.016998 
  0.009592 ,  -0.041773, 0.019890 
  0.004208 ,  -0.040449, 0.021137 
  -0.001177 ,  -0.039030, 0.020275 
  -0.006557 ,  -0.037521, 0.017070 
  -0.011924 ,  -0.035928, 0.011573 
  -0.017272 ,  -0.034257, 0.004131 
  -0.022593 ,  -0.032512, -0.004635 
  -0.027879 ,  -0.030698, -0.013893 
  -0.033125 ,  -0.028820, -0.022693 
  -0.038323 ,  -0.026882, -0.030084 
  -0.043467 ,  -0.024889, -0.035232 
  -0.048549 ,  -0.022847, -0.037524 
  -0.053563 ,  -0.020759, -0.036651 
  -0.058504 ,  -0.018634, -0.032656 
  -0.063363 ,  -0.016475, -0.025929 
  -0.068136 ,  -0.014289, -0.017169 
  -0.072816 ,  -0.012085, -0.007300 
  -0.077397 ,  -0.009869, 0.002634 
  -0.081874 ,  -0.007649, 0.011599 
  -0.086240 ,  -0.005436, 0.018683 
  -0.090491 ,  -0.003237, 0.023207 
  -0.094621 ,  -0.001064, 0.024790 
  -0.098625 ,  0.001074, 0.023390 
  -0.102499 ,  0.003164, 0.019295 
  -0.106237 ,  0.005196, 0.013077 
  -0.109836 ,  0.007157, 0.005516 
  -0.113290 ,  0.009036, -0.002498 
  -0.116597 ,  0.010820, -0.010069 
  -0.119753 ,  0.012498, -0.016391 
  -0.122753 ,  0.014056, -0.020835 
  -0.125595 ,  0.015483, -0.022998 
  -0.128275 ,  0.016768, -0.022733 
  -0.130792 ,  0.017901, -0.020141 
  -0.133142 ,  0.018870, -0.015542 
  -0.135323 ,  0.019668, -0.009422 
  -0.137333 ,  0.020285, -0.002372 
  -0.139170 ,  0.020716, 0.004977 
  -0.140833 ,  0.020953, 0.012016 
  -0.142321 ,  0.020994, 0.018206 
  -0.143632 ,  0.020835, 0.023118 
  -0.144767 ,  0.020475, 0.026448 
  -0.145724 ,  0.019914, 0.028032 
  -0.146503 ,  0.019154, 0.027838 
  -0.147105 ,  0.018200, 0.025959 
  -0.147530 ,  0.017057, 0.022594 
  -0.147779 ,  0.015732, 0.018035 
  -0.147851 ,  0.014234, 0.012642 
  -0.147750 ,  0.012574, 0.006823 
  -0.147475 ,  0.010764, 0.001011 
  -0.147029 ,  0.008816, -0.004362 
  -0.146413 ,  0.006747, -0.008898 
  -0.145630 ,  0.004571, -0.012263 
  -0.144683 ,  0.002307, -0.014219 
  -0.143573 ,  -0.000028, -0.014654 
  -0.142303 ,  -0.002415, -0.013599 
  -0.140877 ,  -0.004836, -0.011238 
  -0.139299 ,  -0.007271, -0.007898 
  -0.137570 ,  -0.009700, -0.004023 
  -0.135696 ,  -0.012104, -0.000133 
  -0.133680 ,  -0.014464, 0.003238 
  -0.131527 ,  -0.016762, 0.005603 
  -0.129240 ,  -0.018979, 0.006586 
  -0.126825 ,  -0.021098, 0.005978 
  -0.124285 ,  -0.023105, 0.003772 
  -0.121626 ,  -0.024983, 0.000173 
  -0.118853 ,  -0.026721, -0.004418 
  -0.115971 ,  -0.028306, -0.009450 
  -0.112986 ,  -0.029728, -0.014294 
  -0.109902 ,  -0.030978, -0.018321 
  -0.106725 ,  -0.032051, -0.020993 
  -0.103461 ,  -0.032941, -0.021937 
  -0.100116 ,  -0.033645, -0.021002 
  -0.096696 ,  -0.034163, -0.018284 
  -0.093206 ,  -0.034495, -0.014112 
  -0.089653 ,  -0.034644, -0.009006 
  -0.086043 ,  -0.034614, -0.003599 
  -0.082381 ,  -0.034410, 0.001455 
  -0.078675 ,  -0.034041, 0.005580 
  -0.074931 ,  -0.033515, 0.008366 
  -0.071154 ,  -0.032841, 0.009634 
  -0.067352 ,  -0.032031, 0.009459 
  -0.063530 ,  -0.031098, 0.008160 
  -0.059695 ,  -0.030053, 0.006246 
  -0.055853 ,  -0.028909, 0.004333 
  -0.052010 ,  -0.027681, 0.003032 
  -0.048173 ,  -0.026382, 0.002846 
  -0.044349 ,  -0.025025, 0.004072 
  -0.040542 ,  -0.023624, 0.006740 
  -0.036759 ,  -0.022192, 0.010586 
  -0.033007 ,  -0.020742, 0.015081 
  -0.029292 ,  -0.019285, 0.019502 
  -0.025618 ,  -0.017832, 0.023038 
  -0.021993 ,  -0.016392, 0.024920 
  -0.018421 ,  -0.014974, 0.024551 
  -0.014909 ,  -0.013586, 0.021617 
  -0.011461 ,  -0.012234, 0.016158 
  -0.008084 ,  -0.010922, 0.008597 
  -0.004782 ,  -0.009654, -0.000301 
  -0.001560 ,  -0.008431, -0.009512 
  0.001576 ,  -0.007255, -0.017892 
  0.004622 ,  -0.006125, -0.024328 
  0.007574 ,  -0.005037, -0.027906 
  0.010426 ,  -0.003990, -0.028047 
  0.013174 ,  -0.002978, -0.024610 
  0.015816 ,  -0.001995, -0.017929 
  0.018346 ,  -0.001036, -0.008790 
  0.020761 ,  -0.000094, 0.001662 
  0.023057 ,  0.000841, 0.012061 
  0.025232 ,  0.001776, 0.021005 
  0.027282 ,  0.002720, 0.027239 
  0.029204 ,  0.003682, 0.029826 
  0.030995 ,  0.004671, 0.028284 
  0.032654 ,  0.005696, 0.022653 
  0.034178 ,  0.006764, 0.013497 
  0.035565 ,  0.007885, 0.001838 
  0.036813 ,  0.009065, -0.010978 
  0.037921 ,  0.010311, -0.023451 
  0.038888 ,  0.011629, -0.034125 
  0.039712 ,  0.013023, -0.041770 
  0.040392 ,  0.014498, -0.045540 
  0.040929 ,  0.016054, -0.045067 
  0.041321 ,  0.017694, -0.040504 
  0.041568 ,  0.019417, -0.032480 
  0.041671 ,  0.021222, -0.022011 
  0.041630 ,  0.023106, -0.010348 
  0.041446 ,  0.025065, 0.001193 
  0.041119 ,  0.027093, 0.011405 
  0.040650 ,  0.029184, 0.019338 
  0.040040 ,  0.031329, 0.024411 
  0.039292 ,  0.033520, 0.026461 
  0.038406 ,  0.035747, 0.025734 
  0.037384 ,  0.037998, 0.022818 
  0.036229 ,  0.040261, 0.018534 
  0.034944 ,  0.042524, 0.013797 
  0.033529 ,  0.044774, 0.009473 
  0.031989 ,  0.046996, 0.006258 
  0.030325 ,  0.049177, 0.004579 
  0.028542 ,  0.051303, 0.004554 
  0.026642 ,  0.053360, 0.005993 
  0.024629 ,  0.055332, 0.008452 
  0.022506 ,  0.057207, 0.011319 
  0.020278 ,  0.058971, 0.013925 
  0.017947 ,  0.060611, 0.015658 
  0.015518 ,  0.062114, 0.016059 
  0.012996 ,  0.063468, 0.014892 
  0.010385 ,  0.064663, 0.012178 
  0.007689 ,  0.065688, 0.008178 
  0.004912 ,  0.066533, 0.003350 
  0.002060 ,  0.067192, -0.001735 
  -0.000863 ,  0.067655, -0.006483 
  -0.003851 ,  0.067918, -0.010370 
  -0.006900 ,  0.067974, -0.013023 
  -0.010005 ,  0.067821, -0.014270 
  -0.013161 ,  0.067454, -0.014155 
  -0.016362 ,  0.066872, -0.012927 
  -0.019602 ,  0.066073, -0.010984 
  -0.022878 ,  0.065059, -0.008805 
  -0.026183 ,  0.063829, -0.006865 
  -0.029511 ,  0.062385, -0.005561 
  -0.032858 ,  0.060731, -0.005144 
  -0.036218 ,  0.058869, -0.005684 
  -0.039586 ,  0.056805, -0.007061 
  -0.042956 ,  0.054541, -0.008989 
  -0.046322 ,  0.052085, -0.011065 
  -0.049680 ,  0.049441, -0.012837 
  -0.053024 ,  0.046617, -0.013875 
  -0.056348 ,  0.043620, -0.013847 
  -0.059647 ,  0.040455, -0.012563 
  -0.062916 ,  0.037132, -0.010014 
  -0.066150 ,  0.033658, -0.006372 
  -0.069343 ,  0.030040, -0.001963 
  -0.072490 ,  0.026289, 0.002772 
  -0.075588 ,  0.022411, 0.007348 
  -0.078629 ,  0.018417, 0.011293 
  -0.081611 ,  0.014315, 0.014219 
  -0.084527 ,  0.010114, 0.015866 
  -0.087374 ,  0.005825, 0.016131 
  -0.090147 ,  0.001456, 0.015079 
  -0.092841 ,  -0.002981, 0.012923 
  -0.095453 ,  -0.007477, 0.009990 
  -0.097978 ,  -0.012021, 0.006673 
  -0.100412 ,  -0.016603, 0.003376 
  -0.102752 ,  -0.021209, 0.000466 
  -0.104994 ,  -0.025830, -0.001772 
  -0.107133 ,  -0.030453, -0.003161 
  -0.109168 ,  -0.035066, -0.003641 
  -0.111094 ,  -0.039655, -0.003270 
  -0.112909 ,  -0.044208, -0.002196 
  -0.114609 ,  -0.048712, -0.000635 
  -0.116193 ,  -0.053151, 0.001170 
  -0.117657 ,  -0.057513, 0.002974 
  -0.118999 ,  -0.061783, 0.004566 
  -0.120218 ,  -0.065945, 0.005783 
  -0.121310 ,  -0.069986, 0.006523 
  -0.122275 ,  -0.073889, 0.006745 
  -0.123110 ,  -0.077641, 0.006464 
  -0.123815 ,  -0.081225, 0.005736 
  -0.124388 ,  -0.084628, 0.004643 
  -0.124827 ,  -0.087833, 0.003286 
  -0.125133 ,  -0.090828, 0.001763 
  -0.125304 ,  -0.093597, 0.000171 
  -0.125341 ,  -0.096128, -0.001404 
  -0.125242 ,  -0.098409, -0.002887 
  -0.125007 ,  -0.100426, -0.004210 
  -0.124638 ,  -0.102169, -0.005319 
  -0.124133 ,  -0.103628, -0.006164 
  -0.123494 ,  -0.104794, -0.006710 
  -0.122721 ,  -0.105660, -0.006936 
  -0.121815 ,  -0.106219, -0.006839 
  -0.120777 ,  -0.106467, -0.006441 
  -0.119609 ,  -0.106401, -0.005786 
  -0.118311 ,  -0.106017, -0.004949 
  -0.116885 ,  -0.105318, -0.004021 
  -0.115333 ,  -0.104303, -0.003109 
  -0.113656 ,  -0.102977, -0.002321 
  -0.111858 ,  -0.101344, -0.001755 
  -0.109939 ,  -0.099411, -0.001484 
  -0.107902 ,  -0.097187, -0.001543 
  -0.105750 ,  -0.094681, -0.001927 
  -0.103486 ,  -0.091906, -0.002583 
  -0.101111 ,  -0.088873, -0.003417 
  -0.098629 ,  -0.085598, -0.004304 
  -0.096044 ,  -0.082096, -0.005098 
  -0.093357 ,  -0.078385, -0.005656 
  -0.090573 ,  -0.074482, -0.005850 
  -0.087694 ,  -0.070406, -0.005582 
  -0.084725 ,  -0.066176, -0.004802 
  -0.081668 ,  -0.061813, -0.003511 
  -0.078528 ,  -0.057337, -0.001760 
  -0.075308 ,  -0.052768, 0.000352 
  -0.072011 ,  -0.048127, 0.002689 
  -0.068643 ,  -0.043435, 0.005094 
  -0.065206 ,  -0.038712, 0.007401 
  -0.061705 ,  -0.033976, 0.009456 
  -0.058144 ,  -0.029248, 0.011123 
  -0.054527 ,  -0.024544, 0.012301 
  -0.050858 ,  -0.019882, 0.012930 
  -0.047141 ,  -0.015278, 0.012990 
  -0.043381 ,  -0.010745, 0.012502 
  -0.039581 ,  -0.006298, 0.011526 
  -0.035747 ,  -0.001947, 0.010151 
  -0.031882 ,  0.002297, 0.008486 
  -0.027990 ,  0.006426, 0.006652 
  -0.024077 ,  0.010432, 0.004770 
  -0.020145 ,  0.014312, 0.002951 
  -0.016201 ,  0.018061, 0.001289 
  -0.012246 ,  0.021678, -0.000153 
  -0.008287 ,  0.025162, -0.001344 
  -0.004326 ,  0.028515, -0.002290 
  -0.000369 ,  0.031739, -0.003033 
  0.003581 ,  0.034838, -0.003647 
  0.007520 ,  0.037817, -0.004228 
  0.011443 ,  0.040684, -0.004879 
  0.015347 ,  0.043444, -0.005696 
  0.019229 ,  0.046107, -0.006747 
  0.023083 ,  0.048681, -0.008056 
  0.026907 ,  0.051174, -0.009590 
  0.030696 ,  0.053597, -0.011249 
  0.034448 ,  0.055959, -0.012873 
  0.038159 ,  0.058270, -0.014249 
  0.041825 ,  0.060539, -0.015133 
  0.045443 ,  0.062775, -0.015280 
  0.049010 ,  0.064986, -0.014480 
  0.052522 ,  0.067181, -0.012590 
  0.055978 ,  0.069366, -0.009569 
  0.059374 ,  0.071547, -0.005499 
  0.062707 ,  0.073729, -0.000592 
  0.065974 ,  0.075915, 0.004818 
  0.069174 ,  0.078109, 0.010298 
  0.072303 ,  0.080312, 0.015359 
  0.075359 ,  0.082523, 0.019509 
  0.078341 ,  0.084740, 0.022307 
  0.081246 ,  0.086961, 0.023421 
  0.084072 ,  0.089182, 0.022675 
  0.086818 ,  0.091395, 0.020074 
  0.089481 ,  0.093595, 0.015815 
  0.092060 ,  0.095773, 0.010271 
  0.094555 ,  0.097919, 0.003954 
  0.096963 ,  0.100022, -0.002544 
  0.099283 ,  0.102069, -0.008616 
  0.101514 ,  0.104049, -0.013711 
  0.103656 ,  0.105947, -0.017394 
  0.105708 ,  0.107749, -0.019396 
  0.107668 ,  0.109438, -0.019642 
  0.109537 ,  0.111001, -0.018245 
  0.111314 ,  0.112419, -0.015488 
  0.112999 ,  0.113678, -0.011777 
  0.114591 ,  0.114761, -0.007579 
  0.116091 ,  0.115651, -0.003359 
  0.117498 ,  0.116332, 0.000479 
  0.118813 ,  0.116788, 0.003643 
  0.120036 ,  0.117004, 0.005975 
  0.121168 ,  0.116965, 0.007465 
  0.122208 ,  0.116656, 0.008225 
  0.123158 ,  0.116064, 0.008455 
  0.124019 ,  0.115177, 0.008395 
  0.124790 ,  0.113983, 0.008274 
  0.125474 ,  0.112470, 0.008261 
  0.126070 ,  0.110629, 0.008436 
  0.126580 ,  0.108453, 0.008777 
  0.127006 ,  0.105933, 0.009165 
  0.127348 ,  0.103064, 0.009417 
  0.127608 ,  0.099840, 0.009325 
  0.127787 ,  0.096259, 0.008704 
  0.127887 ,  0.092318, 0.007439 
  0.127909 ,  0.088018, 0.005520 
  0.127855 ,  0.083358, 0.003055 
  0.127726 ,  0.078341, 0.000264 
  0.127524 ,  0.072970, -0.002550 
  0.127252 ,  0.067250, -0.005045 
  0.126910 ,  0.061189, -0.006905 
  0.126500 ,  0.054793, -0.007893 
  0.126026 ,  0.048072, -0.007900 
  0.125487 ,  0.041038, -0.006978 
  0.124887 ,  0.033701, -0.005341 
  0.124228 ,  0.026077, -0.003346 
  0.123511 ,  0.018179, -0.001437 
  0.122738 ,  0.010026, -0.000081 
  0.121912 ,  0.001634, 0.000308 
  0.121034 ,  -0.006977, -0.000552 
  0.120107 ,  -0.015786, -0.002756 
  0.119133 ,  -0.024770, -0.006177 
  0.118113 ,  -0.033907, -0.010469 
  0.117050 ,  -0.043169, -0.015098 
  0.115946 ,  -0.052532, -0.019413 
  0.114804 ,  -0.061967, -0.022729 
  0.113624 ,  -0.071445, -0.024426 
  0.112409 ,  -0.080936, -0.024049 
  0.111161 ,  -0.090407, -0.021371 
  0.109882 ,  -0.099827, -0.016451 
  0.108574 ,  -0.109162, -0.009627 
  0.107240 ,  -0.118376, -0.001490 
  0.105880 ,  -0.127434, 0.007190 
  0.104496 ,  -0.136300, 0.015560 
  0.103091 ,  -0.144937, 0.022797 
  0.101667 ,  -0.153308, 0.028210 
  0.100225 ,  -0.161374, 0.031334 
  0.098766 ,  -0.169099, 0.031985 
  0.097293 ,  -0.176444, 0.030276 
  0.095807 ,  -0.183373, 0.026596 
  0.094310 ,  -0.189848, 0.021544 
  0.092804 ,  -0.195833, 0.015840 
  0.091289 ,  -0.201293, 0.010219 
  0.089767 ,  -0.206193, 0.005326 
  0.088239 ,  -0.210503, 0.001628 
  0.086708 ,  -0.214190, -0.000644 
  0.085174 ,  -0.217226, -0.001513 
  0.083638 ,  -0.219584, -0.001240 
  0.082102 ,  -0.221240, -0.000265 
  0.080567 ,  -0.222173, 0.000873 
  0.079033 ,  -0.222364, 0.001633 
  0.077503 ,  -0.221796, 0.001563 
  0.075976 ,  -0.220460, 0.000379 
  0.074453 ,  -0.218345, -0.001990 
  0.072937 ,  -0.215447, -0.005388 
  0.071426 ,  -0.211765, -0.009459 
  0.069923 ,  -0.207302, -0.013704 
  0.068427 ,  -0.202066, -0.017561 
  0.066940 ,  -0.196066, -0.020496 
  0.065462 ,  -0.189319, -0.022089 
  0.063993 ,  -0.181844, -0.022097 
  0.062535 ,  -0.173665, -0.020497 
  0.061087 ,  -0.164809, -0.017486 
  0.059650 ,  -0.155309, -0.013451 
  0.058224 ,  -0.145199, -0.008909 
  0.056809 ,  -0.134519, -0.004425 
  0.055407 ,  -0.123311, -0.000527 
  0.054016 ,  -0.111622, 0.002373 
  0.052638 ,  -0.099500, 0.004040 
  0.051272 ,  -0.086996, 0.004445 
  0.049919 ,  -0.074165, 0.003765 
  0.048579 ,  -0.061063, 0.002347 
  0.047251 ,  -0.047746, 0.000648 
  0.045936 ,  -0.034274, -0.000840 
  0.044634 ,  -0.020707, -0.001674 
  0.043344 ,  -0.007104, -0.001530 
  0.042067 ,  0.006474, -0.000253 
  0.040803 ,  0.019967, 0.002118 
  0.039552 ,  0.033316, 0.005355 
  0.038313 ,  0.046464, 0.009080 
  0.037086 ,  0.059353, 0.012820 
  0.035872 ,  0.071929, 0.016084 
  0.034670 ,  0.084141, 0.018431 
  0.033480 ,  0.095938, 0.019537 
  0.032302 ,  0.107274, 0.019239 
  0.031136 ,  0.118105, 0.017555 
  0.029981 ,  0.128393, 0.014675 
  0.028838 ,  0.138100, 0.010927 
  0.027707 ,  0.147195, 0.006727 
  0.026586 ,  0.155649, 0.002517 
  0.025477 ,  0.163440, -0.001298 
  0.024379 ,  0.170547, -0.004404 
  0.023291 ,  0.176955, -0.006610 
  0.022215 ,  0.182654, -0.007868 
  0.021149 ,  0.187637, -0.008259 
  0.020094 ,  0.191901, -0.007969 
  0.019049 ,  0.195450, -0.007251 
  0.018015 ,  0.198288, -0.006370 
  0.016992 ,  0.200426, -0.005567 
  0.015979 ,  0.201876, -0.005016 
  0.014976 ,  0.202656, -0.004806 
  0.013984 ,  0.202784, -0.004933 
  0.013003 ,  0.202285, -0.005313 
  0.012033 ,  0.201181, -0.005806 
  0.011073 ,  0.199502, -0.006247 
  0.010125 ,  0.197276, -0.006478 
  0.009187 ,  0.194534, -0.006379 
  0.008261 ,  0.191308, -0.005887 
  0.007346 ,  0.187630, -0.005007 
  0.006443 ,  0.183535, -0.003802 
  0.005552 ,  0.179056, -0.002388 
  0.004674 ,  0.174226, -0.000904 
  0.003807 ,  0.169080, 0.000503 
  0.002954 ,  0.163649, 0.001705 
  0.002114 ,  0.157966, 0.002605 
  0.001287 ,  0.152062, 0.003149 
  0.000475 ,  0.145966, 0.003322 
  -0.000324 ,  0.139708, 0.003143 
  -0.001107 ,  0.133312, 0.002656 
  -0.001875 ,  0.126806, 0.001915 
  -0.002628 ,  0.120210, 0.000979 
  -0.003365 ,  0.113549, -0.000094 
  -0.004084 ,  0.106840, -0.001248 
  -0.004787 ,  0.100102, -0.002420 
  -0.005472 ,  0.093350, -0.003536 
  -0.006139 ,  0.086599, -0.004502 
  -0.006787 ,  0.079861, -0.005206 
  -0.007416 ,  0.073148, -0.005517 
  -0.008025 ,  0.066468, -0.005304 
  -0.008613 ,  0.059829, -0.004450 
  -0.009181 ,  0.053238, -0.002884 
  -0.009727 ,  0.046701, -0.000599 
  -0.010251 ,  0.040223, 0.002321 
  -0.010752 ,  0.033807, 0.005697 
  -0.011231 ,  0.027456, 0.009256 
  -0.011685 ,  0.021174, 0.012653 
  -0.012116 ,  0.014962, 0.015508 
  -0.012521 ,  0.008824, 0.017456 
  -0.012902 ,  0.002760, 0.018197 
  -0.013256 ,  -0.003225, 0.017550 
  -0.013585 ,  -0.009131, 0.015490 
  -0.013887 ,  -0.014954, 0.012168 
  -0.014162 ,  -0.020690, 0.007904 
  -0.014409 ,  -0.026338, 0.003156 
  -0.014629 ,  -0.031891, -0.001535 
  -0.014821 ,  -0.037347, -0.005625 
  -0.014984 ,  -0.042700, -0.008639 
  -0.015119 ,  -0.047943, -0.010251 
  -0.015224 ,  -0.053073, -0.010339 
  -0.015301 ,  -0.058081, -0.009015 
  -0.015348 ,  -0.062961, -0.006621 
  -0.015366 ,  -0.067707, -0.003684 
  -0.015355 ,  -0.072310, -0.000842 
  -0.015314 ,  -0.076763, 0.001248 
  -0.015244 ,  -0.081059, 0.002018 
  -0.015144 ,  -0.085190, 0.001086 
  -0.015016 ,  -0.089149, -0.001669 
  -0.014858 ,  -0.092929, -0.006069 
  -0.014672 ,  -0.096523, -0.011645 
  -0.014457 ,  -0.099925, -0.017682 
  -0.014214 ,  -0.103129, -0.023317 
  -0.013943 ,  -0.106131, -0.027654 
  -0.013645 ,  -0.108925, -0.029893 
  -0.013320 ,  -0.111509, -0.029457 
  -0.012970 ,  -0.113880, -0.026086 
  -0.012593 ,  -0.116035, -0.019887 
  -0.012192 ,  -0.117975, -0.011341 
  -0.011767 ,  -0.119698, -0.001248 
  -0.011319 ,  -0.121206, 0.009375 
  -0.010848 ,  -0.122501, 0.019419 
  -0.010356 ,  -0.123584, 0.027840 
  -0.009844 ,  -0.124459, 0.033796 
  -0.009313 ,  -0.125130, 0.036757 
  -0.008763 ,  -0.125601, 0.036581 
  -0.008196 ,  -0.125878, 0.033520 
  -0.007614 ,  -0.125965, 0.028176 
  -0.007018 ,  -0.125868, 0.021405 
  -0.006408 ,  -0.125593, 0.014184 
  -0.005787 ,  -0.125146, 0.007464 
  -0.005156 ,  -0.124532, 0.002025 
  -0.004516 ,  -0.123757, -0.001638 
  -0.003869 ,  -0.122826, -0.003376 
  -0.003217 ,  -0.121744, -0.003400 
  -0.002561 ,  -0.120515, -0.002230 
  -0.001904 ,  -0.119142, -0.000595 
  -0.001246 ,  -0.117628, 0.000704 
  -0.000590 ,  -0.115975, 0.000935 
  0.000063 ,  -0.114185, -0.000421 
  0.000710 ,  -0.112257, -0.003573 
  0.001350 ,  -0.110190, -0.008364 
  0.001981 ,  -0.107984, -0.014284 
  0.002600 ,  -0.105636, -0.020539 
  0.003206 ,  -0.103142, -0.026168 
  0.003796 ,  -0.100499, -0.030199 
  0.004369 ,  -0.097701, -0.031806 
  0.004923 ,  -0.094744, -0.030456 
  0.005455 ,  -0.091621, -0.026008 
  0.005964 ,  -0.088327, -0.018763 
  0.006446 ,  -0.084856, -0.009436 
  0.006901 ,  -0.081201, 0.000929 
  0.007326 ,  -0.077356, 0.011098 
  0.007719 ,  -0.073316, 0.019825 
  0.008078 ,  -0.069074, 0.026030 
  0.008400 ,  -0.064628, 0.028959 
  0.008685 ,  -0.059973, 0.028301 
  0.008929 ,  -0.055107, 0.024241 
  0.009131 ,  -0.050028, 0.017435 
  0.009288 ,  -0.044738, 0.008920 
  0.009399 ,  -0.039237, -0.000032 
  0.009462 ,  -0.033529, -0.008101 
  0.009475 ,  -0.027621, -0.014109 
  0.009437 ,  -0.021518, -0.017195 
  0.009344 ,  -0.015231, -0.016940 
  0.009196 ,  -0.008770, -0.013427 
  0.008992 ,  -0.002150, -0.007227 
  0.008728 ,  0.004614, 0.000686 
  0.008405 ,  0.011505, 0.009080 
  0.008019 ,  0.018502, 0.016653 
  0.007571 ,  0.025584, 0.022222 
  0.007058 ,  0.032728, 0.024899 
  0.006480 ,  0.039909, 0.024222 
  0.005835 ,  0.047099, 0.020223 
  0.005122 ,  0.054272, 0.013416 
  0.004340 ,  0.061398, 0.004723 
  0.003488 ,  0.068447, -0.004669 
  0.002566 ,  0.075389, -0.013480 
  0.001572 ,  0.082192, -0.020527 
  0.000507 ,  0.088826, -0.024895 
  -0.000631 ,  0.095259, -0.026066 
  -0.001842 ,  0.101462, -0.023985 
  -0.003126 ,  0.107405, -0.019064 
  -0.004483 ,  0.113058, -0.012104 
  -0.005914 ,  0.118395, -0.004174 
  -0.007418 ,  0.123389, 0.003553 
  -0.008995 ,  0.128016, 0.009976 
  -0.010644 ,  0.132254, 0.014228 
  -0.012367 ,  0.136084, 0.015790 
  -0.014161 ,  0.139487, 0.014567 
  -0.016026 ,  0.142449, 0.010879 
  -0.017962 ,  0.144957, 0.005403 
  -0.019968 ,  0.147002, -0.000938 
  -0.022042 ,  0.148577, -0.007126 
  -0.024184 ,  0.149679, -0.012202 
  -0.026392 ,  0.150307, -0.015411 
  -0.028664 ,  0.150462, -0.016307 
  -0.031000 ,  0.150150, -0.014810 
  -0.033398 ,  0.149378, -0.011205 
  -0.035855 ,  0.148157, -0.006082 
  -0.038371 ,  0.146499, -0.000237 
  -0.040942 ,  0.144420, 0.005463 
  -0.043567 ,  0.141937, 0.010214 
  -0.046244 ,  0.139069, 0.013400 
  -0.048970 ,  0.135836, 0.014681 
  -0.051743 ,  0.132261, 0.014040 
  -0.054560 ,  0.128368, 0.011764 
  -0.057419 ,  0.124181, 0.008399 
  -0.060316 ,  0.119724, 0.004639 
  -0.063249 ,  0.115023, 0.001219 
  -0.066215 ,  0.110104, -0.001215 
  -0.069210 ,  0.104991, -0.002213 
  -0.072232 ,  0.099710, -0.001588 
  -0.075277 ,  0.094285, 0.000548 
  -0.078341 ,  0.088739, 0.003805 
  -0.081422 ,  0.083095, 0.007575 
  -0.084516 ,  0.077373, 0.011130 
  -0.087619 ,  0.071593, 0.013733 
  -0.090727 ,  0.065773, 0.014756 
  -0.093837 ,  0.059931, 0.013780 
  -0.096945 ,  0.054080, 0.010657 
  -0.100047 ,  0.048234, 0.005544 
  -0.103139 ,  0.042405, -0.001117 
  -0.106217 ,  0.036603, -0.008657 
  -0.109277 ,  0.030835, -0.016268 
  -0.112315 ,  0.025108, -0.023109 
  -0.115327 ,  0.019429, -0.028415 
  -0.118309 ,  0.013799, -0.031593 
  -0.121256 ,  0.008224, -0.032292 
  -0.124165 ,  0.002704, -0.030441 
  -0.127032 ,  -0.002760, -0.026241 
  -0.129851 ,  -0.008168, -0.020135 
  -0.132620 ,  -0.013518, -0.012741 
  -0.135333 ,  -0.018812, -0.004765 
  -0.137988 ,  -0.024049, 0.003082 
  -0.140579 ,  -0.029229, 0.010164 
  -0.143103 ,  -0.034352, 0.015989 
  -0.145555 ,  -0.039416, 0.020242 
  -0.147932 ,  -0.044421, 0.022802 
  -0.150230 ,  -0.049361, 0.023726 
  -0.152444 ,  -0.054234, 0.023218 
  -0.154571 ,  -0.059035, 0.021577 
  -0.156608 ,  -0.063756, 0.019148 
  -0.158550 ,  -0.068389, 0.016268 
  -0.160393 ,  -0.072926, 0.013231 
  -0.162135 ,  -0.077354, 0.010259 
  -0.163772 ,  -0.081663, 0.007491 
  -0.165300 ,  -0.085838, 0.004989 
  -0.166716 ,  -0.089865, 0.002753 
  -0.168017 ,  -0.093726, 0.000744 
  -0.169200 ,  -0.097406, -0.001094 
  -0.170262 ,  -0.100885, -0.002810 
  -0.171200 ,  -0.104146, -0.004434 
  -0.172012 ,  -0.107169, -0.005965 
  -0.172695 ,  -0.109935, -0.007376 
  -0.173246 ,  -0.112424, -0.008620 
  -0.173663 ,  -0.114618, -0.009636 
  -0.173945 ,  -0.116497, -0.010370 
  -0.174088 ,  -0.118044, -0.010776 
  -0.174092 ,  -0.119243, -0.010831 
  -0.173954 ,  -0.120078, -0.010535 
  -0.173673 ,  -0.120535, -0.009910 
  -0.173248 ,  -0.120602, -0.008996 
  -0.172677 ,  -0.120271, -0.007848 
  -0.171960 ,  -0.119534, -0.006526 
  -0.171095 ,  -0.118386, -0.005089 
  -0.170082 ,  -0.116824, -0.003598 
  -0.168920 ,  -0.114851, -0.002106 
  -0.167609 ,  -0.112469, -0.000661 
  -0.166149 ,  -0.109685, 0.000692 
  -0.164540 ,  -0.106510, 0.001917 
  -0.162782 ,  -0.102956, 0.002985 
  -0.160875 ,  -0.099039, 0.003879 
  -0.158820 ,  -0.094779, 0.004595 
  -0.156618 ,  -0.090196, 0.005144 
  -0.154270 ,  -0.085316, 0.005555 
  -0.151776 ,  -0.080167, 0.005872 
  -0.149139 ,  -0.074776, 0.006143 
  -0.146359 ,  -0.069176, 0.006416 
  -0.143438 ,  -0.063401, 0.006721 
  -0.140378 ,  -0.057485, 0.007061 
  -0.137182 ,  -0.051464, 0.007400 
  -0.133851 ,  -0.045376, 0.007657 
  -0.130387 ,  -0.039257, 0.007714 
  -0.126794 ,  -0.033146, 0.007423 
  -0.123074 ,  -0.027080, 0.006632 
  -0.119230 ,  -0.021096, 0.005214 
  -0.115265 ,  -0.015230, 0.003098 
  -0.111182 ,  -0.009517, 0.000299 
  -0.106985 ,  -0.003989, -0.003062 
  -0.102676 ,  0.001322, -0.006745 
  -0.098261 ,  0.006387, -0.010412 
  -0.093742 ,  0.011180, -0.013646 
  -0.089124 ,  0.015678, -0.016005 
  -0.084410 ,  0.019860, -0.017082 
  -0.079606 ,  0.023709, -0.016568 
  -0.074715 ,  0.027210, -0.014315 
  -0.069742 ,  0.030353, -0.010380 
  -0.064691 ,  0.033132, -0.005047 
  -0.059568 ,  0.035542, 0.001186 
  -0.054377 ,  0.037583, 0.007644 
  -0.049123 ,  0.039260, 0.013555 
  -0.043810 ,  0.040579, 0.018141 
  -0.038446 ,  0.041550, 0.020727 
  -0.033033 ,  0.042187, 0.020845 
  -0.027578 ,  0.042505, 0.018313 
  -0.022086 ,  0.042524, 0.013291 
  -0.016563 ,  0.042265, 0.006281 
  -0.011013 ,  0.041752, -0.001913 
  -0.005443 ,  0.041009, -0.010274 
  0.000143 ,  0.040063, -0.017695 
  0.005738 ,  0.038943, -0.023129 
  0.011336 ,  0.037677, -0.025730 
  0.016933 ,  0.036295, -0.024987 
  0.022523 ,  0.034825, -0.020809 
  0.028100 ,  0.033297, -0.013559 
  0.033658 ,  0.031740, -0.004029 
  0.039191 ,  0.030182, 0.006646 
  0.044695 ,  0.028648, 0.017129 
  0.050164 ,  0.027165, 0.026053 
  0.055591 ,  0.025756, 0.032203 
  0.060972 ,  0.024442, 0.034687 
  0.066301 ,  0.023242, 0.033062 
  0.071572 ,  0.022175, 0.027410 
  0.076781 ,  0.021254, 0.018337 
  0.081922 ,  0.020492, 0.006900 
  0.086990 ,  0.019898, -0.005519 
  0.091979 ,  0.019478, -0.017403 
  0.096885 ,  0.019238, -0.027296 
  0.101703 ,  0.019178, -0.033997 
  0.106427 ,  0.019297, -0.036728 
  0.111054 ,  0.019593, -0.035231 
  0.115579 ,  0.020058, -0.029806 
  0.119996 ,  0.020686, -0.021262 
  0.124303 ,  0.021465, -0.010800 
  0.128493 ,  0.022385, 0.000153 
  0.132565 ,  0.023432, 0.010147 
  0.136513 ,  0.024591, 0.017913 
  0.140333 ,  0.025847, 0.022533 
  0.144023 ,  0.027182, 0.023563 
  0.147578 ,  0.028581, 0.021089 
  0.150996 ,  0.030025, 0.015693 
  0.154273 ,  0.031496, 0.008366 
  0.157406 ,  0.032978, 0.000347 
  0.160392 ,  0.034454, -0.007062 
  0.163230 ,  0.035907, -0.012690 
  0.165915 ,  0.037321, -0.015669 
  0.168447 ,  0.038684, -0.015554 
  0.170823 ,  0.039980, -0.012385 
  0.173041 ,  0.041199, -0.006665 
  0.175099 ,  0.042330, 0.000722 
  0.176997 ,  0.043365, 0.008651 
  0.178732 ,  0.044295, 0.015930 
  0.180304 ,  0.045116, 0.021483 
  0.181711 ,  0.045823, 0.024508 
  0.182954 ,  0.046414, 0.024587 
  0.184031 ,  0.046888, 0.021745 
  0.184943 ,  0.047246, 0.016428 
  0.185688 ,  0.047489, 0.009429 
  0.186268 ,  0.047621, 0.001748 
  0.186683 ,  0.047647, -0.005559 
  0.186933 ,  0.047571, -0.011554 
  0.187018 ,  0.047399, -0.015550 
  0.186941 ,  0.047139, -0.017216 
  0.186701 ,  0.046798, -0.016613 
  0.186300 ,  0.046383, -0.014169 
  0.185740 ,  0.045902, -0.010595 
  0.185022 ,  0.045361, -0.006756 
  0.184149 ,  0.044768, -0.003515 
  0.183121 ,  0.044129, -0.001589 
  0.181942 ,  0.043450, -0.001418 
  0.180614 ,  0.042737, -0.003090 
  0.179139 ,  0.041992, -0.006322 
  0.177520 ,  0.041219, -0.010501 
  0.175761 ,  0.040420, -0.014783 
  0.173863 ,  0.039595, -0.018232 
  0.171831 ,  0.038744, -0.019977 
  0.169667 ,  0.037864, -0.019357 
  0.167375 ,  0.036951, -0.016042 
  0.164959 ,  0.036002, -0.010102 
  0.162422 ,  0.035010, -0.002009 
  0.159769 ,  0.033968, 0.007414 
  0.157004 ,  0.032867, 0.017108 
  0.154130 ,  0.031698, 0.025923 
  0.151152 ,  0.030452, 0.032781 
  0.148074 ,  0.029117, 0.036833 
  0.144900 ,  0.027682, 0.037577 
  0.141636 ,  0.026135, 0.034932 
  0.138286 ,  0.024465, 0.029241 
  0.134854 ,  0.022660, 0.021224 
  0.131345 ,  0.020708, 0.011865 
  0.127764 ,  0.018599, 0.002274 
  0.124117 ,  0.016322, -0.006472 
  0.120407 ,  0.013868, -0.013480 
  0.116640 ,  0.011230, -0.018154 
  0.112821 ,  0.008399, -0.020263 
  0.108956 ,  0.005370, -0.019953 
  0.105048 ,  0.002141, -0.017702 
  0.101103 ,  -0.001291, -0.014220 
  0.097126 ,  -0.004927, -0.010323 
  0.093123 ,  -0.008763, -0.006797 
  0.089098 ,  -0.012795, -0.004271 
  0.085057 ,  -0.017018, -0.003116 
  0.081004 ,  -0.021422, -0.003399 
  0.076944 ,  -0.025997, -0.004885 
  0.072883 ,  -0.030729, -0.007089 
  0.068825 ,  -0.035603, -0.009370 
  0.064776 ,  -0.040601, -0.011053 
  0.060739 ,  -0.045704, -0.011552 
  0.056721 ,  -0.050890, -0.010478 
  0.052725 ,  -0.056136, -0.007713 
  0.048756 ,  -0.061416, -0.003442 
  0.044819 ,  -0.066705, 0.001875 
  0.040918 ,  -0.071973, 0.007562 
  0.037058 ,  -0.077193, 0.012840 
  0.033242 ,  -0.082334, 0.016943 
  0.029476 ,  -0.087365, 0.019246 
  0.025762 ,  -0.092257, 0.019363 
  0.022106 ,  -0.096977, 0.017212 
  0.018510 ,  -0.101495, 0.013036 
  0.014979 ,  -0.105781, 0.007369 
  0.011515 ,  -0.109803, 0.000962 
  0.008124 ,  -0.113532, -0.005330 
  0.004807 ,  -0.116941, -0.010668 
  0.001568 ,  -0.120002, -0.014352 
  -0.001590 ,  -0.122689, -0.015922 
  -0.004664 ,  -0.124980, -0.015218 
  -0.007652 ,  -0.126850, -0.012397 
  -0.010551 ,  -0.128282, -0.007902 
  -0.013358 ,  -0.129256, -0.002388 
  -0.016071 ,  -0.129757, 0.003375 
  -0.018688 ,  -0.129772, 0.008627 
  -0.021208 ,  -0.129291, 0.012722 
  -0.023628 ,  -0.128305, 0.015218 
  -0.025947 ,  -0.126810, 0.015934 
  -0.028163 ,  -0.124802, 0.014959 
  -0.030276 ,  -0.122281, 0.012624 
  -0.032283 ,  -0.119251, 0.009432 
  -0.034185 ,  -0.115716, 0.005966 
  -0.035980 ,  -0.111686, 0.002792 
  -0.037668 ,  -0.107170, 0.000358 
  -0.039248 ,  -0.102182, -0.001070 
  -0.040720 ,  -0.096737, -0.001451 
  -0.042084 ,  -0.090854, -0.000970 
  -0.043341 ,  -0.084554, 0.000008 
  -0.044489 ,  -0.077857, 0.000998 
  -0.045531 ,  -0.070790, 0.001489 
  -0.046465 ,  -0.063378, 0.001036 
  -0.047293 ,  -0.055650, -0.000657 
  -0.048017 ,  -0.047634, -0.003683 
  -0.048636 ,  -0.039363, -0.007900 
  -0.049152 ,  -0.030869, -0.012946 
  -0.049566 ,  -0.022186, -0.018282 
  -0.049881 ,  -0.013347, -0.023269 
  -0.050096 ,  -0.004389, -0.027252 
  -0.050215 ,  0.004652, -0.029654 
  -0.050238 ,  0.013740, -0.030054 
  -0.050169 ,  0.022838, -0.028247 
  -0.050008 ,  0.031907, -0.024267 
  -0.049759 ,  0.040912, -0.018381 
  -0.049423 ,  0.049814, -0.011050 
  -0.049004 ,  0.058577, -0.002868 
  -0.048503 ,  0.067165, 0.005513 
  -0.047923 ,  0.075539, 0.013466 
  -0.047267 ,  0.083667, 0.020454 
  -0.046538 ,  0.091512, 0.026086 
  -0.045739 ,  0.099041, 0.030138 
  -0.044873 ,  0.106221, 0.032559 
  -0.043943 ,  0.113022, 0.033443 
  -0.042952 ,  0.119412, 0.032995 
  -0.041902 ,  0.125365, 0.031477 
  -0.040799 ,  0.130851, 0.029161 
  -0.039644 ,  0.135848, 0.026285 
  -0.038441 ,  0.140331, 0.023026 
  -0.037194 ,  0.144279, 0.019493 
  -0.035906 ,  0.147673, 0.015729 
  -0.034580 ,  0.150497, 0.011735 
  -0.033221 ,  0.152737, 0.007496 
  -0.031830 ,  0.154379, 0.003014 
  -0.030413 ,  0.155416, -0.001671 
  -0.028971 ,  0.155840, -0.006465 
  -0.027510 ,  0.155648, -0.011219 
  -0.026032 ,  0.154839, -0.015741 
  -0.024541 ,  0.153415, -0.019820 
  -0.023040 ,  0.151380, -0.023253 
  -0.021533 ,  0.148743, -0.025878 
  -0.020023 ,  0.145514, -0.027594 
  -0.018514 ,  0.141707, -0.028379 
  -0.017008 ,  0.137339, -0.028286 
  -0.015509 ,  0.132430, -0.027437 
  -0.014021 ,  0.127003, -0.025995 
  -0.012546 ,  0.121083, -0.024139 
  -0.011088 ,  0.114698, -0.022030 
  -0.009649 ,  0.107879, -0.019790 
  -0.008233 ,  0.100660, -0.017484 
  -0.006842 ,  0.093076, -0.015114 
  -0.005480 ,  0.085165, -0.012634 
  -0.004148 ,  0.076967, -0.009962 
  -0.002850 ,  0.068524, -0.007013 
  -0.001588 ,  0.059878, -0.003723 
  -0.000365 ,  0.051074, -0.000073 
  0.000817 ,  0.042157, 0.003899 
  0.001957 ,  0.033173, 0.008097 
  0.003051 ,  0.024169, 0.012375 
  0.004097 ,  0.015191, 0.016564 
  0.005095 ,  0.006285, 0.020495 
  0.006041 ,  -0.002503, 0.024033 
  0.006934 ,  -0.011127, 0.027093 
  0.007774 ,  -0.019543, 0.029654 
  0.008557 ,  -0.027710, 0.031752 
  0.009284 ,  -0.035586, 0.033462 
  0.009952 ,  -0.043133, 0.034864 
  0.010560 ,  -0.050314, 0.036003 
  0.011109 ,  -0.057095, 0.036852 
  0.011596 ,  -0.063445, 0.037283 
  0.012021 ,  -0.069337, 0.037055 
  0.012384 ,  -0.074746, 0.035825 
  0.012683 ,  -0.079649, 0.033186 
  0.012920 ,  -0.084031, 0.028728 
  0.013093 ,  -0.087875, 0.022106 
  0.013202 ,  -0.091173, 0.013127 
  0.013247 ,  -0.093919, 0.001821 
  0.013230 ,  -0.096108, -0.011509 
  0.013149 ,  -0.097744, -0.026265 
  0.013005 ,  -0.098831, -0.041570 
  0.012799 ,  -0.099379, -0.056329 
  0.012532 ,  -0.099399, -0.069323 
  0.012204 ,  -0.098909, -0.079339 
  0.011816 ,  -0.097927, -0.085300 
  0.011368 ,  -0.096477, -0.086407 
  0.010863 ,  -0.094584, -0.082247 
  0.010302 ,  -0.092277, -0.072866 
  0.009684 ,  -0.089586, -0.058792 
  0.009013 ,  -0.086544, -0.041007 
