   28m__32m 
  0.048177 ,  0.066589, 0.022249 
  0.047993 ,  0.073206, 0.034630 
  0.047785 ,  0.079614, 0.043497 
  0.047556 ,  0.085751, 0.048226 
  0.047303 ,  0.091559, 0.048672 
  0.047029 ,  0.096980, 0.045169 
  0.046731 ,  0.101959, 0.038468 
  0.046410 ,  0.106443, 0.029618 
  0.046067 ,  0.110382, 0.019823 
  0.045701 ,  0.113732, 0.010274 
  0.045312 ,  0.116451, 0.001997 
  0.044900 ,  0.118503, -0.004272 
  0.044465 ,  0.119859, -0.008166 
  0.044007 ,  0.120492, -0.009707 
  0.043526 ,  0.120385, -0.009275 
  0.043021 ,  0.119524, -0.007522 
  0.042494 ,  0.117905, -0.005255 
  0.041944 ,  0.115528, -0.003294 
  0.041370 ,  0.112401, -0.002343 
  0.040773 ,  0.108538, -0.002876 
  0.040153 ,  0.103960, -0.005064 
  0.039509 ,  0.098694, -0.008749 
  0.038842 ,  0.092774, -0.013468 
  0.038152 ,  0.086240, -0.018527 
  0.037438 ,  0.079137, -0.023099 
  0.036701 ,  0.071515, -0.026352 
  0.035940 ,  0.063428, -0.027573 
  0.035155 ,  0.054937, -0.026273 
  0.034347 ,  0.046102, -0.022262 
  0.033515 ,  0.036991, -0.015685 
  0.032660 ,  0.027671, -0.007011 
  0.031781 ,  0.018210, 0.003018 
  0.030877 ,  0.008680, 0.013481 
  0.029950 ,  -0.000850, 0.023380 
  0.028999 ,  -0.010308, 0.031764 
  0.028024 ,  -0.019626, 0.037830 
  0.027025 ,  -0.028738, 0.041017 
  0.026002 ,  -0.037577, 0.041060 
  0.024955 ,  -0.046083, 0.038009 
  0.023883 ,  -0.054198, 0.032214 
  0.022787 ,  -0.061868, 0.024272 
  0.021667 ,  -0.069043, 0.014957 
  0.020522 ,  -0.075679, 0.005127 
  0.019354 ,  -0.081739, -0.004365 
  0.018160 ,  -0.087189, -0.012763 
  0.016943 ,  -0.092002, -0.019469 
  0.015700 ,  -0.096157, -0.024095 
  0.014434 ,  -0.099641, -0.026485 
  0.013143 ,  -0.102445, -0.026710 
  0.011827 ,  -0.104568, -0.025041 
  0.010487 ,  -0.106013, -0.021909 
  0.009122 ,  -0.106793, -0.017843 
  0.007733 ,  -0.106921, -0.013415 
  0.006319 ,  -0.106422, -0.009173 
  0.004881 ,  -0.105321, -0.005591 
  0.003419 ,  -0.103650, -0.003022 
  0.001932 ,  -0.101446, -0.001667 
  0.000421 ,  -0.098748, -0.001561 
  -0.001114 ,  -0.095599, -0.002576 
  -0.002673 ,  -0.092046, -0.004433 
  -0.004256 ,  -0.088136, -0.006742 
  -0.005863 ,  -0.083920, -0.009039 
  -0.007493 ,  -0.079448, -0.010842 
  -0.009147 ,  -0.074772, -0.011707 
  -0.010824 ,  -0.069944, -0.011282 
  -0.012524 ,  -0.065013, -0.009355 
  -0.014247 ,  -0.060030, -0.005888 
  -0.015992 ,  -0.055043, -0.001031 
  -0.017760 ,  -0.050097, 0.004877 
  -0.019549 ,  -0.045235, 0.011340 
  -0.021360 ,  -0.040499, 0.017750 
  -0.023193 ,  -0.035924, 0.023455 
  -0.025046 ,  -0.031544, 0.027833 
  -0.026920 ,  -0.027389, 0.030371 
  -0.028814 ,  -0.023484, 0.030732 
  -0.030728 ,  -0.019850, 0.028813 
  -0.032660 ,  -0.016504, 0.024763 
  -0.034611 ,  -0.013458, 0.018986 
  -0.036581 ,  -0.010722, 0.012100 
  -0.038567 ,  -0.008298, 0.004866 
  -0.040571 ,  -0.006187, -0.001895 
  -0.042591 ,  -0.004384, -0.007416 
  -0.044626 ,  -0.002883, -0.011078 
  -0.046676 ,  -0.001671, -0.012500 
  -0.048740 ,  -0.000734, -0.011602 
  -0.050818 ,  -0.000054, -0.008623 
  -0.052907 ,  0.000387, -0.004104 
  -0.055009 ,  0.000614, 0.001175 
  -0.057121 ,  0.000648, 0.006290 
  -0.059243 ,  0.000517, 0.010299 
  -0.061374 ,  0.000247, 0.012368 
  -0.063512 ,  -0.000136, 0.011892 
  -0.065657 ,  -0.000603, 0.008590 
  -0.067808 ,  -0.001127, 0.002564 
  -0.069964 ,  -0.001680, -0.005703 
  -0.072123 ,  -0.002237, -0.015384 
  -0.074284 ,  -0.002771, -0.025404 
  -0.076446 ,  -0.003259, -0.034567 
  -0.078608 ,  -0.003679, -0.041708 
  -0.080769 ,  -0.004008, -0.045834 
  -0.082926 ,  -0.004229, -0.046264 
  -0.085080 ,  -0.004326, -0.042716 
  -0.087228 ,  -0.004283, -0.035355 
  -0.089369 ,  -0.004088, -0.024783 
  -0.091501 ,  -0.003733, -0.011968 
  -0.093623 ,  -0.003210, 0.001859 
  -0.095734 ,  -0.002514, 0.015357 
  -0.097831 ,  -0.001643, 0.027226 
  -0.099914 ,  -0.000596, 0.036360 
  -0.101981 ,  0.000623, 0.041975 
  -0.104029 ,  0.002011, 0.043687 
  -0.106058 ,  0.003562, 0.041551 
  -0.108066 ,  0.005268, 0.036034 
  -0.110050 ,  0.007119, 0.027950 
  -0.112010 ,  0.009104, 0.018346 
  -0.113943 ,  0.011211, 0.008369 
  -0.115847 ,  0.013427, -0.000869 
  -0.117722 ,  0.015737, -0.008424 
  -0.119564 ,  0.018127, -0.013615 
  -0.121372 ,  0.020582, -0.016088 
  -0.123144 ,  0.023086, -0.015831 
  -0.124879 ,  0.025623, -0.013150 
  -0.126574 ,  0.028178, -0.008608 
  -0.128228 ,  0.030736, -0.002933 
  -0.129838 ,  0.033281, 0.003078 
  -0.131403 ,  0.035799, 0.008663 
  -0.132921 ,  0.038276, 0.013175 
  -0.134389 ,  0.040698, 0.016147 
  -0.135807 ,  0.043052, 0.017324 
  -0.137172 ,  0.045327, 0.016664 
  -0.138481 ,  0.047511, 0.014320 
  -0.139734 ,  0.049594, 0.010594 
  -0.140929 ,  0.051566, 0.005883 
  -0.142063 ,  0.053418, 0.000627 
  -0.143134 ,  0.055142, -0.004740 
  -0.144141 ,  0.056730, -0.009834 
  -0.145082 ,  0.058176, -0.014336 
  -0.145956 ,  0.059474, -0.018010 
  -0.146760 ,  0.060618, -0.020694 
  -0.147492 ,  0.061603, -0.022293 
  -0.148151 ,  0.062425, -0.022768 
  -0.148736 ,  0.063080, -0.022125 
  -0.149244 ,  0.063564, -0.020408 
  -0.149674 ,  0.063875, -0.017701 
  -0.150025 ,  0.064009, -0.014131 
  -0.150294 ,  0.063964, -0.009873 
  -0.150481 ,  0.063739, -0.005159 
  -0.150584 ,  0.063332, -0.000269 
  -0.150601 ,  0.062741, 0.004475 
  -0.150531 ,  0.061966, 0.008730 
  -0.150374 ,  0.061006, 0.012166 
  -0.150127 ,  0.059862, 0.014500 
  -0.149790 ,  0.058534, 0.015535 
  -0.149362 ,  0.057023, 0.015190 
  -0.148841 ,  0.055332, 0.013525 
  -0.148226 ,  0.053461, 0.010741 
  -0.147517 ,  0.051416, 0.007173 
  -0.146713 ,  0.049199, 0.003249 
  -0.145813 ,  0.046815, -0.000551 
  -0.144816 ,  0.044271, -0.003761 
  -0.143723 ,  0.041573, -0.005984 
  -0.142531 ,  0.038728, -0.006951 
  -0.141242 ,  0.035746, -0.006555 
  -0.139854 ,  0.032636, -0.004870 
  -0.138367 ,  0.029410, -0.002146 
  -0.136781 ,  0.026078, 0.001230 
  -0.135097 ,  0.022654, 0.004781 
  -0.133314 ,  0.019151, 0.008011 
  -0.131431 ,  0.015585, 0.010472 
  -0.129451 ,  0.011971, 0.011832 
  -0.127372 ,  0.008324, 0.011916 
  -0.125195 ,  0.004663, 0.010736 
  -0.122920 ,  0.001004, 0.008479 
  -0.120549 ,  -0.002636, 0.005485 
  -0.118082 ,  -0.006238, 0.002184 
  -0.115519 ,  -0.009784, -0.000966 
  -0.112862 ,  -0.013258, -0.003551 
  -0.110112 ,  -0.016641, -0.005270 
  -0.107269 ,  -0.019919, -0.005976 
  -0.104335 ,  -0.023073, -0.005697 
  -0.101312 ,  -0.026091, -0.004633 
  -0.098200 ,  -0.028958, -0.003115 
  -0.095001 ,  -0.031662, -0.001548 
  -0.091716 ,  -0.034193, -0.000342 
  -0.088349 ,  -0.036541, 0.000163 
  -0.084899 ,  -0.038699, -0.000241 
  -0.081370 ,  -0.040663, -0.001586 
  -0.077762 ,  -0.042428, -0.003719 
  -0.074079 ,  -0.043995, -0.006316 
  -0.070323 ,  -0.045364, -0.008931 
  -0.066495 ,  -0.046539, -0.011066 
  -0.062599 ,  -0.047525, -0.012251 
  -0.058636 ,  -0.048331, -0.012125 
  -0.054609 ,  -0.048966, -0.010504 
  -0.050522 ,  -0.049442, -0.007424 
  -0.046376 ,  -0.049774, -0.003147 
  -0.042175 ,  -0.049977, 0.001864 
  -0.037921 ,  -0.050067, 0.007004 
  -0.033618 ,  -0.050063, 0.011607 
  -0.029268 ,  -0.049984, 0.015044 
  -0.024876 ,  -0.049850, 0.016819 
  -0.020443 ,  -0.049682, 0.016640 
  -0.015974 ,  -0.049501, 0.014473 
  -0.011472 ,  -0.049326, 0.010552 
  -0.006940 ,  -0.049178, 0.005354 
  -0.002382 ,  -0.049076, -0.000472 
  0.002199 ,  -0.049039, -0.006187 
  0.006799 ,  -0.049081, -0.011073 
  0.011414 ,  -0.049219, -0.014535 
  0.016040 ,  -0.049465, -0.016183 
  0.020674 ,  -0.049830, -0.015893 
  0.025312 ,  -0.050321, -0.013817 
  0.029950 ,  -0.050943, -0.010358 
  0.034585 ,  -0.051699, -0.006104 
  0.039211 ,  -0.052587, -0.001733 
  0.043826 ,  -0.053604, 0.002095 
  0.048424 ,  -0.054741, 0.004847 
  0.053004 ,  -0.055989, 0.006200 
  0.057559 ,  -0.057333, 0.006096 
  0.062086 ,  -0.058755, 0.004751 
  0.066582 ,  -0.060236, 0.002620 
  0.071042 ,  -0.061753, 0.000322 
  0.075462 ,  -0.063280, -0.001468 
  0.079838 ,  -0.064788, -0.002139 
  0.084166 ,  -0.066247, -0.001254 
  0.088442 ,  -0.067626, 0.001360 
  0.092663 ,  -0.068890, 0.005558 
  0.096823 ,  -0.070005, 0.010883 
  0.100921 ,  -0.070936, 0.016613 
  0.104950 ,  -0.071647, 0.021860 
  0.108909 ,  -0.072105, 0.025701 
  0.112792 ,  -0.072275, 0.027323 
  0.116596 ,  -0.072123, 0.026154 
  0.120319 ,  -0.071620, 0.021976 
  0.123955 ,  -0.070735, 0.014982 
  0.127501 ,  -0.069444, 0.005775 
  0.130955 ,  -0.067721, -0.004691 
  0.134312 ,  -0.065549, -0.015228 
  0.137570 ,  -0.062910, -0.024573 
  0.140724 ,  -0.059794, -0.031563 
  0.143773 ,  -0.056192, -0.035303 
  0.146712 ,  -0.052102, -0.035308 
  0.149540 ,  -0.047525, -0.031582 
  0.152253 ,  -0.042469, -0.024642 
  0.154848 ,  -0.036946, -0.015456 
  0.157323 ,  -0.030972, -0.005319 
  0.159676 ,  -0.024569, 0.004316 
  0.161903 ,  -0.017764, 0.012050 
  0.164004 ,  -0.010588, 0.016734 
  0.165974 ,  -0.003076, 0.017646 
  0.167814 ,  0.004732, 0.014609 
  0.169520 ,  0.012792, 0.008030 
  0.171091 ,  0.021057, -0.001138 
  0.172525 ,  0.029479, -0.011513 
  0.173821 ,  0.038003, -0.021471 
  0.174978 ,  0.046576, -0.029371 
  0.175994 ,  0.055143, -0.033783 
  0.176869 ,  0.063646, -0.033706 
  0.177601 ,  0.072029, -0.028714 
  0.178189 ,  0.080234, -0.019044 
  0.178634 ,  0.088206, -0.005578 
  0.178935 ,  0.095891, 0.010255 
  0.179091 ,  0.103235, 0.026656 
  0.179103 ,  0.110189, 0.041687 
  0.178970 ,  0.116704, 0.053529 
  0.178693 ,  0.122737, 0.060717 
  0.178272 ,  0.128249, 0.062339 
  0.177708 ,  0.133202, 0.058155 
  0.177001 ,  0.137566, 0.048627 
  0.176152 ,  0.141314, 0.034859 
  0.175163 ,  0.144424, 0.018446 
  0.174034 ,  0.146880, 0.001258 
  0.172767 ,  0.148671, -0.014804 
  0.171363 ,  0.149791, -0.028057 
  0.169825 ,  0.150239, -0.037249 
  0.168153 ,  0.150020, -0.041709 
  0.166350 ,  0.149143, -0.041410 
  0.164419 ,  0.147623, -0.036945 
  0.162360 ,  0.145478, -0.029413 
  0.160178 ,  0.142732, -0.020242 
  0.157874 ,  0.139411, -0.010970 
  0.155451 ,  0.135547, -0.003011 
  0.152913 ,  0.131172, 0.002539 
  0.150261 ,  0.126323, 0.005053 
  0.147501 ,  0.121038, 0.004446 
  0.144633 ,  0.115357, 0.001162 
  0.141663 ,  0.109320, -0.003920 
  0.138594 ,  0.102969, -0.009637 
  0.135429 ,  0.096346, -0.014741 
  0.132173 ,  0.089492, -0.018103 
  0.128829 ,  0.082448, -0.018893 
  0.125401 ,  0.075252, -0.016709 
  0.121894 ,  0.067943, -0.011646 
  0.118312 ,  0.060556, -0.004270 
  0.114659 ,  0.053125, 0.004464 
  0.110939 ,  0.045680, 0.013366 
  0.107158 ,  0.038249, 0.021198 
  0.103320 ,  0.030858, 0.026861 
  0.099429 ,  0.023528, 0.029568 
  0.095491 ,  0.016279, 0.028959 
  0.091510 ,  0.009127, 0.025158 
  0.087491 ,  0.002084, 0.018750 
  0.083440 ,  -0.004839, 0.010688 
  0.079361 ,  -0.011636, 0.002146 
  0.075259 ,  -0.018301, -0.005657 
  0.071140 ,  -0.024831, -0.011646 
  0.067008 ,  -0.031227, -0.015044 
  0.062869 ,  -0.037489, -0.015484 
  0.058727 ,  -0.043620, -0.013059 
  0.054589 ,  -0.049622, -0.008294 
  0.050460 ,  -0.055501, -0.002059 
  0.046343 ,  -0.061258, 0.004573 
  0.042246 ,  -0.066900, 0.010499 
  0.038172 ,  -0.072427, 0.014747 
  0.034127 ,  -0.077843, 0.016633 
  0.030117 ,  -0.083148, 0.015854 
  0.026146 ,  -0.088341, 0.012528 
  0.022219 ,  -0.093420, 0.007165 
  0.018341 ,  -0.098378, 0.000579 
  0.014517 ,  -0.103209, -0.006247 
  0.010753 ,  -0.107903, -0.012315 
  0.007052 ,  -0.112446, -0.016773 
  0.003420 ,  -0.116824, -0.019038 
  -0.000139 ,  -0.121018, -0.018885 
  -0.003620 ,  -0.125008, -0.016467 
  -0.007019 ,  -0.128771, -0.012284 
  -0.010331 ,  -0.132281, -0.007090 
  -0.013552 ,  -0.135511, -0.001765 
  -0.016679 ,  -0.138432, 0.002830 
  -0.019706 ,  -0.141013, 0.005989 
  -0.022631 ,  -0.143223, 0.007277 
  -0.025449 ,  -0.145029, 0.006589 
  -0.028156 ,  -0.146401, 0.004165 
  -0.030750 ,  -0.147305, 0.000537 
  -0.033226 ,  -0.147711, -0.003560 
  -0.035583 ,  -0.147590, -0.007317 
  -0.037816 ,  -0.146914, -0.009983 
  -0.039923 ,  -0.145658, -0.010992 
  -0.041901 ,  -0.143801, -0.010056 
  -0.043748 ,  -0.141324, -0.007208 
  -0.045460 ,  -0.138213, -0.002800 
  -0.047037 ,  -0.134457, 0.002561 
  -0.048476 ,  -0.130051, 0.008104 
  -0.049776 ,  -0.124996, 0.013024 
  -0.050934 ,  -0.119296, 0.016609 
  -0.051949 ,  -0.112962, 0.018348 
  -0.052820 ,  -0.106011, 0.018014 
  -0.053546 ,  -0.098465, 0.015690 
  -0.054127 ,  -0.090354, 0.011757 
  -0.054560 ,  -0.081710, 0.006822 
  -0.054847 ,  -0.072575, 0.001625 
  -0.054987 ,  -0.062992, -0.003087 
  -0.054979 ,  -0.053014, -0.006668 
  -0.054824 ,  -0.042695, -0.008681 
  -0.054523 ,  -0.032095, -0.008952 
  -0.054076 ,  -0.021277, -0.007594 
  -0.053483 ,  -0.010309, -0.004973 
  -0.052746 ,  0.000741, -0.001647 
  -0.051867 ,  0.011799, 0.001737 
  -0.050845 ,  0.022794, 0.004549 
  -0.049684 ,  0.033651, 0.006279 
  -0.048384 ,  0.044297, 0.006615 
  -0.046948 ,  0.054659, 0.005490 
  -0.045379 ,  0.064666, 0.003081 
  -0.043677 ,  0.074249, -0.000223 
  -0.041847 ,  0.083343, -0.003895 
  -0.039891 ,  0.091885, -0.007363 
  -0.037812 ,  0.099818, -0.010104 
  -0.035614 ,  0.107091, -0.011725 
  -0.033298 ,  0.113655, -0.012027 
  -0.030870 ,  0.119472, -0.011030 
  -0.028332 ,  0.124507, -0.008952 
  -0.025689 ,  0.128734, -0.006171 
  -0.022945 ,  0.132133, -0.003150 
  -0.020104 ,  0.134693, -0.000352 
  -0.017170 ,  0.136409, 0.001839 
  -0.014148 ,  0.137286, 0.003180 
  -0.011043 ,  0.137334, 0.003603 
  -0.007859 ,  0.136572, 0.003221 
  -0.004601 ,  0.135026, 0.002292 
  -0.001275 ,  0.132729, 0.001166 
  0.002115 ,  0.129721, 0.000208 
  0.005563 ,  0.126048, -0.000270 
  0.009063 ,  0.121760, -0.000079 
  0.012611 ,  0.116914, 0.000816 
  0.016201 ,  0.111570, 0.002284 
  0.019826 ,  0.105792, 0.004053 
  0.023481 ,  0.099647, 0.005761 
  0.027161 ,  0.093203, 0.007030 
  0.030859 ,  0.086531, 0.007538 
  0.034570 ,  0.079701, 0.007087 
  0.038287 ,  0.072782, 0.005650 
  0.042004 ,  0.065843, 0.003387 
  0.045715 ,  0.058950, 0.000624 
  0.049415 ,  0.052168, -0.002198 
  0.053097 ,  0.045557, -0.004591 
  0.056754 ,  0.039172, -0.006113 
  0.060381 ,  0.033065, -0.006445 
  0.063972 ,  0.027283, -0.005453 
  0.067521 ,  0.021865, -0.003225 
  0.071021 ,  0.016845, -0.000066 
  0.074466 ,  0.012252, 0.003548 
  0.077851 ,  0.008106, 0.007033 
  0.081169 ,  0.004422, 0.009799 
  0.084415 ,  0.001206, 0.011343 
  0.087583 ,  -0.001539, 0.011336 
  0.090666 ,  -0.003822, 0.009685 
  0.093660 ,  -0.005653, 0.006550 
  0.096559 ,  -0.007052, 0.002332 
  0.099357 ,  -0.008043, -0.002388 
  0.102049 ,  -0.008654, -0.006942 
  0.104630 ,  -0.008922, -0.010677 
  0.107095 ,  -0.008883, -0.013059 
  0.109438 ,  -0.008581, -0.013766 
  0.111655 ,  -0.008059, -0.012736 
  0.113741 ,  -0.007365, -0.010183 
  0.115692 ,  -0.006547, -0.006562 
  0.117502 ,  -0.005654, -0.002499 
  0.119169 ,  -0.004736, 0.001316 
  0.120688 ,  -0.003839, 0.004238 
  0.122054 ,  -0.003012, 0.005776 
  0.123265 ,  -0.002299, 0.005677 
  0.124317 ,  -0.001741, 0.003971 
  0.125207 ,  -0.001376, 0.000968 
  0.125930 ,  -0.001240, -0.002788 
  0.126486 ,  -0.001361, -0.006609 
  0.126870 ,  -0.001766, -0.009772 
  0.127081 ,  -0.002473, -0.011644 
  0.127116 ,  -0.003497, -0.011783 
  0.126974 ,  -0.004847, -0.010023 
  0.126651 ,  -0.006526, -0.006502 
  0.126148 ,  -0.008531, -0.001654 
  0.125462 ,  -0.010853, 0.003862 
  0.124593 ,  -0.013479, 0.009256 
  0.123539 ,  -0.016388, 0.013733 
  0.122300 ,  -0.019557, 0.016615 
  0.120876 ,  -0.022957, 0.017454 
  0.119267 ,  -0.026554, 0.016102 
  0.117472 ,  -0.030311, 0.012737 
  0.115493 ,  -0.034188, 0.007841 
  0.113329 ,  -0.038142, 0.002126 
  0.110982 ,  -0.042128, -0.003574 
  0.108452 ,  -0.046101, -0.008430 
  0.105742 ,  -0.050014, -0.011742 
  0.102853 ,  -0.053819, -0.013045 
  0.099786 ,  -0.057472, -0.012179 
  0.096544 ,  -0.060927, -0.009303 
  0.093130 ,  -0.064141, -0.004869 
  0.089545 ,  -0.067075, 0.000452 
  0.085792 ,  -0.069692, 0.005884 
  0.081875 ,  -0.071958, 0.010661 
  0.077798 ,  -0.073845, 0.014147 
  0.073562 ,  -0.075326, 0.015926 
  0.069173 ,  -0.076384, 0.015861 
  0.064635 ,  -0.077002, 0.014096 
  0.059950 ,  -0.077172, 0.011023 
  0.055125 ,  -0.076889, 0.007200 
  0.050163 ,  -0.076155, 0.003251 
  0.045069 ,  -0.074977, -0.000245 
  0.039849 ,  -0.073367, -0.002854 
  0.034507 ,  -0.071342, -0.004353 
  0.029049 ,  -0.068924, -0.004769 
  0.023480 ,  -0.066140, -0.004356 
  0.017807 ,  -0.063020, -0.003548 
  0.012035 ,  -0.059599, -0.002865 
  0.006169 ,  -0.055913, -0.002810 
  0.000217 ,  -0.052004, -0.003772 
  -0.005815 ,  -0.047912, -0.005936 
  -0.011921 ,  -0.043681, -0.009240 
  -0.018095 ,  -0.039356, -0.013368 
  -0.024329 ,  -0.034981, -0.017790 
  -0.030617 ,  -0.030600, -0.021843 
  -0.036951 ,  -0.026256, -0.024833 
  -0.043326 ,  -0.021989, -0.026150 
  -0.049733 ,  -0.017839, -0.025372 
  -0.056166 ,  -0.013842, -0.022346 
  -0.062617 ,  -0.010030, -0.017215 
  -0.069080 ,  -0.006434, -0.010418 
  -0.075546 ,  -0.003078, -0.002625 
  -0.082008 ,  0.000017, 0.005353 
  -0.088460 ,  0.002835, 0.012684 
  -0.094893 ,  0.005365, 0.018630 
  -0.101300 ,  0.007600, 0.022660 
  -0.107674 ,  0.009540, 0.024521 
  -0.114007 ,  0.011188, 0.024265 
  -0.120293 ,  0.012552, 0.022237 
  -0.126523 ,  0.013645, 0.019005 
  -0.132690 ,  0.014485, 0.015267 
  -0.138787 ,  0.015094, 0.011734 
  -0.144808 ,  0.015498, 0.009011 
  -0.150744 ,  0.015723, 0.007500 
  -0.156589 ,  0.015803, 0.007342 
  -0.162336 ,  0.015770, 0.008393 
  -0.167977 ,  0.015661, 0.010259 
  -0.173507 ,  0.015511, 0.012365 
  -0.178919 ,  0.015357, 0.014059 
  -0.184206 ,  0.015238, 0.014725 
  -0.189361 ,  0.015188, 0.013892 
  -0.194379 ,  0.015243, 0.011323 
  -0.199253 ,  0.015436, 0.007060 
  -0.203978 ,  0.015799, 0.001428 
  -0.208548 ,  0.016358, -0.005010 
  -0.212956 ,  0.017138, -0.011535 
  -0.217199 ,  0.018160, -0.017382 
  -0.221270 ,  0.019440, -0.021856 
  -0.225165 ,  0.020989, -0.024440 
  -0.228879 ,  0.022816, -0.024873 
  -0.232407 ,  0.024921, -0.023193 
  -0.235744 ,  0.027302, -0.019726 
  -0.238888 ,  0.029951, -0.015039 
  -0.241833 ,  0.032853, -0.009851 
  -0.244576 ,  0.035992, -0.004925 
  -0.247114 ,  0.039344, -0.000952 
  -0.249444 ,  0.042880, 0.001550 
  -0.251562 ,  0.046571, 0.002310 
  -0.253466 ,  0.050378, 0.001335 
  -0.255153 ,  0.054265, -0.001095 
  -0.256621 ,  0.058187, -0.004483 
  -0.257869 ,  0.062102, -0.008196 
  -0.258894 ,  0.065962, -0.011564 
  -0.259695 ,  0.069719, -0.013989 
  -0.260272 ,  0.073327, -0.015027 
  -0.260623 ,  0.076735, -0.014453 
  -0.260747 ,  0.079898, -0.012284 
  -0.260645 ,  0.082768, -0.008762 
  -0.260316 ,  0.085301, -0.004309 
  -0.259761 ,  0.087455, 0.000555 
  -0.258980 ,  0.089191, 0.005295 
  -0.257974 ,  0.090474, 0.009447 
  -0.256744 ,  0.091273, 0.012690 
  -0.255291 ,  0.091561, 0.014880 
  -0.253617 ,  0.091317, 0.016065 
  -0.251724 ,  0.090523, 0.016454 
  -0.249614 ,  0.089169, 0.016369 
  -0.247290 ,  0.087250, 0.016168 
  -0.244753 ,  0.084766, 0.016174 
  -0.242008 ,  0.081723, 0.016608 
  -0.239057 ,  0.078133, 0.017540 
  -0.235903 ,  0.074014, 0.018876 
  -0.232551 ,  0.069390, 0.020366 
  -0.229004 ,  0.064289, 0.021648 
  -0.225267 ,  0.058744, 0.022313 
  -0.221343 ,  0.052795, 0.021974 
  -0.217238 ,  0.046483, 0.020341 
  -0.212955 ,  0.039854, 0.017270 
  -0.208502 ,  0.032959, 0.012805 
  -0.203881 ,  0.025848, 0.007171 
  -0.199100 ,  0.018576, 0.000750 
  -0.194163 ,  0.011199, -0.005969 
  -0.189076 ,  0.003773, -0.012466 
  -0.183846 ,  -0.003646, -0.018255 
  -0.178478 ,  -0.011002, -0.022955 
  -0.172979 ,  -0.018239, -0.026338 
  -0.167356 ,  -0.025304, -0.028348 
  -0.161614 ,  -0.032147, -0.029095 
  -0.155761 ,  -0.038718, -0.028824 
  -0.149803 ,  -0.044974, -0.027853 
  -0.143748 ,  -0.050872, -0.026517 
  -0.137602 ,  -0.056376, -0.025096 
  -0.131373 ,  -0.061453, -0.023769 
  -0.125068 ,  -0.066075, -0.022578 
  -0.118694 ,  -0.070221, -0.021430 
  -0.112259 ,  -0.073872, -0.020115 
  -0.105770 ,  -0.077016, -0.018358 
  -0.099235 ,  -0.079648, -0.015876 
  -0.092661 ,  -0.081766, -0.012444 
  -0.086056 ,  -0.083374, -0.007954 
  -0.079428 ,  -0.084481, -0.002456 
  -0.072783 ,  -0.085102, 0.003835 
  -0.066131 ,  -0.085255, 0.010548 
  -0.059477 ,  -0.084964, 0.017202 
  -0.052831 ,  -0.084256, 0.023265 
  -0.046198 ,  -0.083162, 0.028235 
  -0.039588 ,  -0.081714, 0.031705 
  -0.033007 ,  -0.079951, 0.033425 
  -0.026463 ,  -0.077910, 0.033339 
  -0.019962 ,  -0.075631, 0.031593 
  -0.013513 ,  -0.073155, 0.028507 
  -0.007123 ,  -0.070525, 0.024527 
  -0.000798 ,  -0.067781, 0.020157 
  0.005455 ,  -0.064965, 0.015876 
  0.011629 ,  -0.062117, 0.012076 
  0.017717 ,  -0.059275, 0.008996 
  0.023712 ,  -0.056476, 0.006700 
  0.029609 ,  -0.053754, 0.005078 
  0.035400 ,  -0.051139, 0.003874 
  0.041080 ,  -0.048661, 0.002749 
  0.046644 ,  -0.046343, 0.001350 
  0.052084 ,  -0.044207, -0.000616 
  0.057396 ,  -0.042269, -0.003311 
  0.062574 ,  -0.040543, -0.006730 
  0.067613 ,  -0.039037, -0.010685 
  0.072508 ,  -0.037756, -0.014822 
  0.077255 ,  -0.036700, -0.018677 
  0.081848 ,  -0.035867, -0.021746 
  0.086284 ,  -0.035248, -0.023575 
  0.090558 ,  -0.034833, -0.023835 
  0.094666 ,  -0.034606, -0.022397 
  0.098606 ,  -0.034549, -0.019363 
  0.102372 ,  -0.034641, -0.015067 
  0.105963 ,  -0.034859, -0.010041 
  0.109376 ,  -0.035176, -0.004939 
  0.112607 ,  -0.035564, -0.000445 
  0.115654 ,  -0.035993, 0.002835 
  0.118516 ,  -0.036433, 0.004471 
  0.121189 ,  -0.036851, 0.004284 
  0.123674 ,  -0.037216, 0.002388 
  0.125968 ,  -0.037497, -0.000817 
  0.128070 ,  -0.037660, -0.004693 
  0.129979 ,  -0.037677, -0.008455 
  0.131695 ,  -0.037518, -0.011290 
  0.133218 ,  -0.037156, -0.012483 
  0.134547 ,  -0.036564, -0.011544 
  0.135683 ,  -0.035719, -0.008294 
  0.136626 ,  -0.034601, -0.002920 
  0.137376 ,  -0.033191, 0.004028 
  0.137936 ,  -0.031475, 0.011699 
  0.138306 ,  -0.029440, 0.019046 
  0.138488 ,  -0.027078, 0.024973 
  0.138482 ,  -0.024383, 0.028495 
  0.138293 ,  -0.021353, 0.028894 
  0.137921 ,  -0.017990, 0.025844 
  0.137369 ,  -0.014299, 0.019486 
  0.136640 ,  -0.010288, 0.010445 
  0.135737 ,  -0.005969, -0.000232 
  0.134663 ,  -0.001356, -0.011189 
  0.133421 ,  0.003533, -0.020938 
  0.132015 ,  0.008678, -0.028050 
  0.130450 ,  0.014055, -0.031364 
  0.128728 ,  0.019640, -0.030158 
  0.126854 ,  0.025403, -0.024276 
  0.124832 ,  0.031317, -0.014180 
  0.122668 ,  0.037349, -0.000924 
  0.120365 ,  0.043467, 0.013957 
  0.117930 ,  0.049637, 0.028622 
  0.115366 ,  0.055825, 0.041156 
  0.112679 ,  0.061996, 0.049817 
  0.109875 ,  0.068113, 0.053265 
  0.106959 ,  0.074143, 0.050761 
  0.103937 ,  0.080049, 0.042279 
  0.100815 ,  0.085796, 0.028538 
  0.097597 ,  0.091352, 0.010939 
  0.094291 ,  0.096682, -0.008600 
  0.090903 ,  0.101755, -0.027863 
  0.087438 ,  0.106540, -0.044618 
  0.083904 ,  0.111008, -0.056891 
  0.080305 ,  0.115131, -0.063223 
  0.076649 ,  0.118884, -0.062861 
  0.072942 ,  0.122243, -0.055864 
  0.069191 ,  0.125187, -0.043100 
  0.065402 ,  0.127695, -0.026144 
  0.061581 ,  0.129751, -0.007082 
  0.057735 ,  0.131339, 0.011756 
  0.053871 ,  0.132446, 0.028091 
  0.049994 ,  0.133062, 0.039988 
  0.046113 ,  0.133179, 0.046105 
  0.042232 ,  0.132791, 0.045861 
  0.038359 ,  0.131895, 0.039506 
  0.034499 ,  0.130489, 0.028084 
  0.030660 ,  0.128576, 0.013280 
  0.026847 ,  0.126159, -0.002806 
  0.023067 ,  0.123244, -0.017948 
  0.019326 ,  0.119840, -0.030093 
  0.015629 ,  0.115956, -0.037642 
  0.011983 ,  0.111607, -0.039658 
  0.008394 ,  0.106805, -0.035990 
  0.004866 ,  0.101570, -0.027283 
  0.001407 ,  0.095919, -0.014879 
  -0.001979 ,  0.089873, -0.000621 
  -0.005287 ,  0.083455, 0.013408 
  -0.008510 ,  0.076690, 0.025188 
  -0.011645 ,  0.069603, 0.033043 
  -0.014686 ,  0.062222, 0.035884 
  -0.017629 ,  0.054577, 0.033355 
  -0.020469 ,  0.046697, 0.025892 
  -0.023201 ,  0.038615, 0.014650 
  -0.025822 ,  0.030363, 0.001342 
  -0.028328 ,  0.021975, -0.012009 
  -0.030714 ,  0.013485, -0.023361 
  -0.032977 ,  0.004928, -0.030946 
  -0.035114 ,  -0.003659, -0.033525 
  -0.037121 ,  -0.012241, -0.030572 
  -0.038996 ,  -0.020783, -0.022350 
  -0.040735 ,  -0.029247, -0.009882 
  -0.042337 ,  -0.037598, 0.005193 
  -0.043798 ,  -0.045802, 0.020841 
  -0.045117 ,  -0.053823, 0.034922 
  -0.046292 ,  -0.061628, 0.045484 
  -0.047320 ,  -0.069183, 0.051036 
  -0.048201 ,  -0.076458, 0.050754 
  -0.048934 ,  -0.083423, 0.044593 
  -0.049516 ,  -0.090049, 0.033288 
  -0.049949 ,  -0.096310, 0.018251 
  -0.050230 ,  -0.102182, 0.001370 
  -0.050360 ,  -0.107642, -0.015254 
  -0.050338 ,  -0.112670, -0.029590 
  -0.050165 ,  -0.117249, -0.039961 
  -0.049842 ,  -0.121365, -0.045253 
  -0.049367 ,  -0.125005, -0.045059 
  -0.048744 ,  -0.128161, -0.039714 
  -0.047972 ,  -0.130825, -0.030224 
  -0.047052 ,  -0.132996, -0.018107 
  -0.045987 ,  -0.134671, -0.005170 
  -0.044777 ,  -0.135854, 0.006759 
  -0.043426 ,  -0.136551, 0.016078 
  -0.041934 ,  -0.136769, 0.021626 
  -0.040304 ,  -0.136519, 0.022828 
  -0.038539 ,  -0.135815, 0.019743 
  -0.036641 ,  -0.134673, 0.013030 
  -0.034613 ,  -0.133111, 0.003819 
  -0.032459 ,  -0.131150, -0.006471 
  -0.030180 ,  -0.128812, -0.016354 
  -0.027782 ,  -0.126122, -0.024489 
  -0.025267 ,  -0.123104, -0.029867 
  -0.022639 ,  -0.119785, -0.031935 
  -0.019902 ,  -0.116193, -0.030640 
  -0.017060 ,  -0.112356, -0.026403 
  -0.014117 ,  -0.108302, -0.020011 
  -0.011077 ,  -0.104060, -0.012472 
  -0.007946 ,  -0.099657, -0.004832 
  -0.004726 ,  -0.095122, 0.001991 
  -0.001424 ,  -0.090482, 0.007353 
  0.001957 ,  -0.085761, 0.010961 
  0.005410 ,  -0.080985, 0.012899 
  0.008933 ,  -0.076176, 0.013579 
  0.012518 ,  -0.071354, 0.013636 
  0.016162 ,  -0.066540, 0.013794 
  0.019859 ,  -0.061750, 0.014708 
  0.023604 ,  -0.056998, 0.016832 
  0.027392 ,  -0.052296, 0.020321 
  0.031216 ,  -0.047655, 0.024983 
  0.035073 ,  -0.043082, 0.030301 
  0.038956 ,  -0.038582, 0.035507 
  0.042860 ,  -0.034157, 0.039707 
  0.046780 ,  -0.029807, 0.042027 
  0.050710 ,  -0.025530, 0.041759 
  0.054645 ,  -0.021323, 0.038489 
  0.058580 ,  -0.017179, 0.032175 
  0.062508 ,  -0.013091, 0.023165 
  0.066426 ,  -0.009049, 0.012161 
  0.070326 ,  -0.005042, 0.000123 
  0.074205 ,  -0.001060, -0.011866 
  0.078057 ,  0.002910, -0.022755 
  0.081876 ,  0.006881, -0.031665 
  0.085658 ,  0.010864, -0.038011 
  0.089398 ,  0.014872, -0.041567 
  0.093090 ,  0.018917, -0.042480 
  0.096730 ,  0.023010, -0.041216 
  0.100313 ,  0.027160, -0.038469 
  0.103835 ,  0.031375, -0.035029 
  0.107290 ,  0.035662, -0.031638 
  0.110675 ,  0.040025, -0.028868 
  0.113985 ,  0.044467, -0.027024 
  0.117215 ,  0.048986, -0.026101 
  0.120362 ,  0.053581, -0.025797 
  0.123422 ,  0.058245, -0.025579 
  0.126392 ,  0.062971, -0.024786 
  0.129266 ,  0.067747, -0.022768 
  0.132042 ,  0.072558, -0.019010 
  0.134717 ,  0.077389, -0.013243 
  0.137286 ,  0.082219, -0.005518 
  0.139748 ,  0.087025, 0.003784 
  0.142100 ,  0.091784, 0.013986 
  0.144338 ,  0.096467, 0.024212 
  0.146460 ,  0.101046, 0.033504 
  0.148463 ,  0.105489, 0.040972 
  0.150346 ,  0.109764, 0.045919 
  0.152107 ,  0.113837, 0.047954 
  0.153743 ,  0.117673, 0.047044 
  0.155253 ,  0.121238, 0.043518 
  0.156635 ,  0.124497, 0.038013 
  0.157889 ,  0.127413, 0.031373 
  0.159012 ,  0.129955, 0.024514 
  0.160005 ,  0.132089, 0.018280 
  0.160866 ,  0.133784, 0.013316 
  0.161595 ,  0.135012, 0.009970 
  0.162190 ,  0.135744, 0.008249 
  0.162653 ,  0.135959, 0.007826 
  0.162984 ,  0.135634, 0.008111 
  0.163181 ,  0.134754, 0.008356 
  0.163246 ,  0.133304, 0.007794 
  0.163179 ,  0.131276, 0.005776 
  0.162980 ,  0.128664, 0.001896 
  0.162651 ,  0.125467, -0.003928 
  0.162193 ,  0.121691, -0.011426 
  0.161606 ,  0.117342, -0.019997 
  0.160892 ,  0.112436, -0.028794 
  0.160053 ,  0.106989, -0.036839 
  0.159090 ,  0.101024, -0.043172 
  0.158005 ,  0.094568, -0.046989 
  0.156800 ,  0.087653, -0.047765 
  0.155477 ,  0.080314, -0.045332 
  0.154038 ,  0.072590, -0.039906 
  0.152486 ,  0.064523, -0.032062 
  0.150822 ,  0.056161, -0.022646 
  0.149051 ,  0.047551, -0.012661 
  0.147173 ,  0.038745, -0.003127 
  0.145193 ,  0.029795, 0.005057 
  0.143113 ,  0.020757, 0.011232 
  0.140937 ,  0.011685, 0.015049 
  0.138666 ,  0.002636, 0.016506 
  0.136305 ,  -0.006335, 0.015918 
  0.133858 ,  -0.015172, 0.013851 
  0.131326 ,  -0.023821, 0.011018 
  0.128714 ,  -0.032229, 0.008162 
  0.126026 ,  -0.040345, 0.005940 
  0.123264 ,  -0.048121, 0.004823 
  0.120433 ,  -0.055512, 0.005043 
  0.117537 ,  -0.062475, 0.006563 
  0.114578 ,  -0.068973, 0.009110 
  0.111562 ,  -0.074971, 0.012233 
  0.108490 ,  -0.080438, 0.015386 
  0.105369 ,  -0.085350, 0.018026 
  0.102200 ,  -0.089685, 0.019704 
  0.098989 ,  -0.093428, 0.020134 
  0.095739 ,  -0.096569, 0.019229 
  0.092454 ,  -0.099100, 0.017108 
  0.089138 ,  -0.101022, 0.014063 
  0.085794 ,  -0.102340, 0.010502 
  0.082427 ,  -0.103061, 0.006875 
  0.079039 ,  -0.103200, 0.003596 
  0.075636 ,  -0.102777, 0.000976 
  0.072221 ,  -0.101812, -0.000821 
  0.068797 ,  -0.100335, -0.001796 
  0.065368 ,  -0.098374, -0.002109 
  0.061938 ,  -0.095963, -0.002033 
  0.058509 ,  -0.093141, -0.001908 
  0.055087 ,  -0.089945, -0.002068 
  0.051673 ,  -0.086417, -0.002786 
  0.048272 ,  -0.082601, -0.004222 
  0.044886 ,  -0.078541, -0.006401 
  0.041519 ,  -0.074282, -0.009202 
  0.038174 ,  -0.069870, -0.012386 
  0.034853 ,  -0.065349, -0.015627 
  0.031560 ,  -0.060764, -0.018568 
  0.028297 ,  -0.056158, -0.020868 
  0.025068 ,  -0.051575, -0.022251 
  0.021874 ,  -0.047053, -0.022536 
  0.018718 ,  -0.042632, -0.021654 
  0.015603 ,  -0.038346, -0.019646 
  0.012530 ,  -0.034228, -0.016643 
  0.009502 ,  -0.030307, -0.012843 
  0.006521 ,  -0.026611, -0.008479 
  0.003589 ,  -0.023160, -0.003791 
  0.000707 ,  -0.019975, 0.000991 
  -0.002123 ,  -0.017071, 0.005658 
  -0.004899 ,  -0.014458, 0.010024 
  -0.007620 ,  -0.012145, 0.013911 
  -0.010285 ,  -0.010135, 0.017148 
  -0.012893 ,  -0.008428, 0.019559 
  -0.015442 ,  -0.007021, 0.020969 
  -0.017932 ,  -0.005907, 0.021215 
  -0.020361 ,  -0.005075, 0.020171 
  -0.022730 ,  -0.004511, 0.017783 
  -0.025038 ,  -0.004200, 0.014097 
  -0.027285 ,  -0.004122, 0.009294 
  -0.029470 ,  -0.004256, 0.003700 
  -0.031592 ,  -0.004580, -0.002219 
  -0.033653 ,  -0.005068, -0.007888 
  -0.035652 ,  -0.005694, -0.012677 
  -0.037590 ,  -0.006431, -0.015977 
  -0.039466 ,  -0.007252, -0.017282 
  -0.041282 ,  -0.008128, -0.016273 
  -0.043037 ,  -0.009032, -0.012884 
  -0.044733 ,  -0.009935, -0.007339 
  -0.046370 ,  -0.010812, -0.000156 
  -0.047950 ,  -0.011637, 0.007899 
  -0.049472 ,  -0.012384, 0.015887 
  -0.050939 ,  -0.013032, 0.022812 
  -0.052351 ,  -0.013560, 0.027750 
  -0.053710 ,  -0.013948, 0.029974 
  -0.055017 ,  -0.014180, 0.029067 
  -0.056273 ,  -0.014243, 0.024989 
  -0.057481 ,  -0.014123, 0.018102 
  -0.058641 ,  -0.013813, 0.009135 
  -0.059755 ,  -0.013307, -0.000903 
  -0.060825 ,  -0.012600, -0.010852 
  -0.061852 ,  -0.011693, -0.019557 
  -0.062839 ,  -0.010588, -0.026030 
  -0.063788 ,  -0.009290, -0.029584 
  -0.064700 ,  -0.007806, -0.029935 
  -0.065576 ,  -0.006146, -0.027243 
  -0.066421 ,  -0.004324, -0.022090 
  -0.067234 ,  -0.002353, -0.015396 
  -0.068019 ,  -0.000251, -0.008284 
  -0.068777 ,  0.001964, -0.001910 
  -0.069510 ,  0.004272, 0.002706 
  -0.070221 ,  0.006650, 0.004844 
  -0.070912 ,  0.009077, 0.004190 
  -0.071584 ,  0.011528, 0.000895 
  -0.072240 ,  0.013980, -0.004446 
  -0.072882 ,  0.016408, -0.010873 
  -0.073512 ,  0.018787, -0.017203 
  -0.074132 ,  0.021094, -0.022210 
  -0.074744 ,  0.023304, -0.024807 
  -0.075350 ,  0.025396, -0.024215 
  -0.075952 ,  0.027346, -0.020096 
  -0.076552 ,  0.029134, -0.012607 
  -0.077152 ,  0.030742, -0.002400 
  -0.077753 ,  0.032152, 0.009466 
  -0.078358 ,  0.033349, 0.021663 
  -0.078969 ,  0.034320, 0.032775 
  -0.079586 ,  0.035054, 0.041497 
  -0.080211 ,  0.035542, 0.046816 
  -0.080847 ,  0.035779, 0.048147 
  -0.081495 ,  0.035761, 0.045415 
  -0.082155 ,  0.035488, 0.039058 
  -0.082829 ,  0.034963, 0.029962 
  -0.083520 ,  0.034189, 0.019324 
  -0.084227 ,  0.033175, 0.008484 
  -0.084952 ,  0.031931, -0.001269 
  -0.085695 ,  0.030469, -0.008879 
  -0.086459 ,  0.028806, -0.013662 
  -0.087243 ,  0.026958, -0.015400 
  -0.088048 ,  0.024947, -0.014345 
  -0.088876 ,  0.022794, -0.011177 
  -0.089725 ,  0.020522, -0.006877 
  -0.090598 ,  0.018158, -0.002575 
  -0.091494 ,  0.015728, 0.000634 
  -0.092414 ,  0.013261, 0.001860 
  -0.093357 ,  0.010785, 0.000555 
  -0.094324 ,  0.008330, -0.003401 
  -0.095315 ,  0.005927, -0.009681 
  -0.096329 ,  0.003605, -0.017554 
  -0.097367 ,  0.001394, -0.025997 
  -0.098427 ,  -0.000676, -0.033837 
  -0.099509 ,  -0.002578, -0.039923 
  -0.100614 ,  -0.004283, -0.043290 
  -0.101739 ,  -0.005766, -0.043293 
  -0.102885 ,  -0.007002, -0.039701 
  -0.104050 ,  -0.007970, -0.032722 
  -0.105233 ,  -0.008649, -0.022974 
  -0.106434 ,  -0.009022, -0.011401 
  -0.107651 ,  -0.009073, 0.000861 
  -0.108883 ,  -0.008792, 0.012628 
  -0.110129 ,  -0.008167, 0.022824 
  -0.111387 ,  -0.007195, 0.030608 
  -0.112655 ,  -0.005873, 0.035466 
  -0.113933 ,  -0.004201, 0.037254 
  -0.115217 ,  -0.002183, 0.036192 
  -0.116508 ,  0.000171, 0.032802 
  -0.117802 ,  0.002850, 0.027818 
  -0.119098 ,  0.005841, 0.022064 
  -0.120393 ,  0.009123, 0.016344 
  -0.121687 ,  0.012675, 0.011328 
  -0.122976 ,  0.016473, 0.007477 
  -0.124259 ,  0.020488, 0.005008 
  -0.125533 ,  0.024689, 0.003884 
  -0.126797 ,  0.029042, 0.003858 
  -0.128047 ,  0.033513, 0.004536 
  -0.129281 ,  0.038061, 0.005458 
  -0.130498 ,  0.042649, 0.006179 
  -0.131694 ,  0.047234, 0.006342 
  -0.132868 ,  0.051774, 0.005732 
  -0.134016 ,  0.056225, 0.004292 
  -0.135136 ,  0.060544, 0.002122 
  -0.136227 ,  0.064687, -0.000556 
  -0.137284 ,  0.068611, -0.003448 
  -0.138307 ,  0.072272, -0.006248 
  -0.139292 ,  0.075630, -0.008694 
  -0.140236 ,  0.078644, -0.010613 
  -0.141138 ,  0.081276, -0.011945 
  -0.141995 ,  0.083490, -0.012749 
  -0.142805 ,  0.085253, -0.013178 
  -0.143564 ,  0.086535, -0.013447 
  -0.144271 ,  0.087308, -0.013780 
  -0.144923 ,  0.087550, -0.014361 
  -0.145518 ,  0.087240, -0.015290 
  -0.146054 ,  0.086363, -0.016558 
  -0.146528 ,  0.084907, -0.018032 
  -0.146939 ,  0.082865, -0.019473 
  -0.147283 ,  0.080236, -0.020567 
  -0.147560 ,  0.077020, -0.020969 
  -0.147766 ,  0.073224, -0.020361 
  -0.147901 ,  0.068860, -0.018503 
  -0.147962 ,  0.063943, -0.015275 
  -0.147948 ,  0.058494, -0.010705 
  -0.147857 ,  0.052536, -0.004978 
  -0.147686 ,  0.046100, 0.001580 
  -0.147436 ,  0.039217, 0.008540 
  -0.147103 ,  0.031923, 0.015408 
  -0.146688 ,  0.024259, 0.021690 
  -0.146188 ,  0.016267, 0.026942 
  -0.145602 ,  0.007993, 0.030818 
  -0.144931 ,  -0.000514, 0.033104 
  -0.144171 ,  -0.009206, 0.033733 
  -0.143324 ,  -0.018031, 0.032782 
  -0.142387 ,  -0.026935, 0.030449 
  -0.141361 ,  -0.035865, 0.027023 
  -0.140245 ,  -0.044768, 0.022836 
  -0.139038 ,  -0.053590, 0.018223 
  -0.137740 ,  -0.062277, 0.013484 
  -0.136352 ,  -0.070778, 0.008852 
  -0.134873 ,  -0.079042, 0.004481 
  -0.133303 ,  -0.087020, 0.000441 
  -0.131642 ,  -0.094666, -0.003263 
  -0.129891 ,  -0.101936, -0.006674 
  -0.128051 ,  -0.108789, -0.009852 
  -0.126121 ,  -0.115186, -0.012847 
  -0.124103 ,  -0.121094, -0.015672 
  -0.121997 ,  -0.126482, -0.018289 
  -0.119805 ,  -0.131323, -0.020609 
  -0.117527 ,  -0.135595, -0.022493 
  -0.115165 ,  -0.139278, -0.023775 
  -0.112719 ,  -0.142360, -0.024288 
  -0.110193 ,  -0.144828, -0.023891 
  -0.107586 ,  -0.146679, -0.022501 
  -0.104900 ,  -0.147910, -0.020109 
  -0.102138 ,  -0.148524, -0.016797 
  -0.099301 ,  -0.148528, -0.012737 
  -0.096392 ,  -0.147931, -0.008175 
  -0.093412 ,  -0.146748, -0.003409 
  -0.090364 ,  -0.144997, 0.001239 
  -0.087249 ,  -0.142698, 0.005466 
  -0.084071 ,  -0.139874, 0.009016 
  -0.080831 ,  -0.136551, 0.011709 
  -0.077533 ,  -0.132758, 0.013459 
  -0.074180 ,  -0.128524, 0.014280 
  -0.070773 ,  -0.123882, 0.014274 
  -0.067316 ,  -0.118864, 0.013612 
  -0.063811 ,  -0.113504, 0.012508 
  -0.060262 ,  -0.107837, 0.011177 
  -0.056672 ,  -0.101897, 0.009809 
  -0.053044 ,  -0.095719, 0.008538 
  -0.049381 ,  -0.089337, 0.007426 
  -0.045687 ,  -0.082784, 0.006460 
  -0.041964 ,  -0.076093, 0.005560 
  -0.038216 ,  -0.069296, 0.004603 
  -0.034447 ,  -0.062422, 0.003455 
  -0.030660 ,  -0.055500, 0.002003 
  -0.026858 ,  -0.048557, 0.000191 
  -0.023045 ,  -0.041618, -0.001958 
  -0.019224 ,  -0.034706, -0.004329 
  -0.015400 ,  -0.027842, -0.006719 
  -0.011575 ,  -0.021045, -0.008861 
  -0.007753 ,  -0.014332, -0.010455 
  -0.003939 ,  -0.007718, -0.011221 
  -0.000134 ,  -0.001217, -0.010938 
  0.003657 ,  0.005161, -0.009498 
  0.007430 ,  0.011406, -0.006933 
  0.011182 ,  0.017509, -0.003431 
  0.014909 ,  0.023464, 0.000674 
  0.018609 ,  0.029267, 0.004933 
  0.022276 ,  0.034913, 0.008831 
  0.025909 ,  0.040398, 0.011859 
  0.029504 ,  0.045721, 0.013580 
  0.033056 ,  0.050880, 0.013700 
  0.036564 ,  0.055874, 0.012116 
  0.040023 ,  0.060702, 0.008948 
  0.043430 ,  0.065363, 0.004534 
  0.046783 ,  0.069856, -0.000602 
  0.050078 ,  0.074180, -0.005812 
  0.053312 ,  0.078333, -0.010408 
  0.056483 ,  0.082314, -0.013756 
  0.059587 ,  0.086121, -0.015369 
  0.062622 ,  0.089750, -0.014978 
  0.065585 ,  0.093198, -0.012587 
  0.068474 ,  0.096461, -0.008479 
  0.071285 ,  0.099535, -0.003188 
  0.074017 ,  0.102414, 0.002562 
  0.076668 ,  0.105092, 0.007958 
  0.079235 ,  0.107562, 0.012208 
  0.081716 ,  0.109819, 0.014657 
  0.084109 ,  0.111856, 0.014886 
  0.086413 ,  0.113664, 0.012780 
  0.088625 ,  0.115238, 0.008562 
  0.090744 ,  0.116570, 0.002765 
  0.092769 ,  0.117653, -0.003824 
  0.094699 ,  0.118481, -0.010275 
  0.096531 ,  0.119049, -0.015637 
  0.098265 ,  0.119351, -0.019081 
  0.099900 ,  0.119383, -0.020016 
  0.101435 ,  0.119143, -0.018188 
  0.102869 ,  0.118629, -0.013723 
  0.104202 ,  0.117839, -0.007126 
  0.105434 ,  0.116775, 0.000781 
  0.106563 ,  0.115440, 0.008963 
  0.107590 ,  0.113835, 0.016311 
  0.108515 ,  0.111968, 0.021799 
  0.109338 ,  0.109845, 0.024620 
  0.110059 ,  0.107475, 0.024315 
  0.110678 ,  0.104867, 0.020832 
  0.111196 ,  0.102032, 0.014548 
  0.111614 ,  0.098985, 0.006224 
  0.111932 ,  0.095738, -0.003096 
  0.112150 ,  0.092307, -0.012223 
  0.112271 ,  0.088709, -0.019982 
  0.112295 ,  0.084959, -0.025373 
  0.112223 ,  0.081077, -0.027701 
  0.112057 ,  0.077080, -0.026676 
  0.111798 ,  0.072986, -0.022441 
  0.111447 ,  0.068813, -0.015554 
  0.111008 ,  0.064580, -0.006906 
  0.110480 ,  0.060304, 0.002407 
  0.109867 ,  0.056002, 0.011232 
  0.109169 ,  0.051690, 0.018522 
  0.108391 ,  0.047381, 0.023466 
  0.107532 ,  0.043091, 0.025598 
  0.106597 ,  0.038830, 0.024846 
  0.105587 ,  0.034609, 0.021522 
  0.104505 ,  0.030435, 0.016263 
  0.103353 ,  0.026317, 0.009927 
  0.102134 ,  0.022257, 0.003454 
  0.100851 ,  0.018259, -0.002269 
  0.099507 ,  0.014323, -0.006536 
  0.098104 ,  0.010446, -0.008917 
  0.096645 ,  0.006626, -0.009310 
  0.095135 ,  0.002857, -0.007930 
  0.093574 ,  -0.000870, -0.005268 
  0.091968 ,  -0.004562, -0.001989 
  0.090318 ,  -0.008230, 0.001174 
  0.088628 ,  -0.011887, 0.003549 
  0.086902 ,  -0.015545, 0.004630 
  0.085142 ,  -0.019218, 0.004152 
  0.083352 ,  -0.022919, 0.002133 
  0.081536 ,  -0.026664, -0.001139 
  0.079696 ,  -0.030465, -0.005160 
  0.077836 ,  -0.034336, -0.009294 
  0.075959 ,  -0.038291, -0.012881 
  0.074069 ,  -0.042341, -0.015342 
  0.072169 ,  -0.046497, -0.016275 
  0.070262 ,  -0.050766, -0.015515 
  0.068353 ,  -0.055155, -0.013156 
  0.066443 ,  -0.059668, -0.009537 
  0.064537 ,  -0.064308, -0.005179 
  0.062638 ,  -0.069071, -0.000706 
  0.060748 ,  -0.073955, 0.003262 
  0.058873 ,  -0.078952, 0.006201 
  0.057013 ,  -0.084051, 0.007766 
  0.055173 ,  -0.089239, 0.007840 
  0.053356 ,  -0.094497, 0.006548 
  0.051565 ,  -0.099806, 0.004230 
  0.049802 ,  -0.105141, 0.001381 
  0.048071 ,  -0.110475, -0.001429 
  0.046375 ,  -0.115779, -0.003653 
  0.044716 ,  -0.121019, -0.004847 
  0.043098 ,  -0.126160, -0.004748 
  0.041522 ,  -0.131165, -0.003305 
  0.039992 ,  -0.135993, -0.000684 
  0.038509 ,  -0.140604, 0.002759 
  0.037077 ,  -0.144956, 0.006543 
  0.035698 ,  -0.149005, 0.010137 
  0.034373 ,  -0.152709, 0.013047 
  0.033105 ,  -0.156024, 0.014889 
  0.031897 ,  -0.158909, 0.015448 
  0.030749 ,  -0.161321, 0.014701 
  0.029664 ,  -0.163222, 0.012819 
  0.028644 ,  -0.164575, 0.010122 
  0.027690 ,  -0.165345, 0.007031 
  0.026804 ,  -0.165501, 0.003987 
  0.025987 ,  -0.165014, 0.001382 
  0.025240 ,  -0.163861, -0.000503 
  0.024565 ,  -0.162023, -0.001542 
  0.023962 ,  -0.159484, -0.001775 
  0.023433 ,  -0.156234, -0.001397 
  0.022978 ,  -0.152269, -0.000712 
  0.022599 ,  -0.147589, -0.000084 
  0.022295 ,  -0.142200, 0.000141 
  0.022067 ,  -0.136114, -0.000313 
  0.021916 ,  -0.129348, -0.001593 
  0.021841 ,  -0.121926, -0.003697 
  0.021843 ,  -0.113875, -0.006466 
  0.021922 ,  -0.105229, -0.009611 
  0.022078 ,  -0.096026, -0.012756 
  0.022310 ,  -0.086311, -0.015499 
  0.022618 ,  -0.076132, -0.017469 
  0.023001 ,  -0.065539, -0.018389 
  0.023459 ,  -0.054589, -0.018109 
  0.023992 ,  -0.043342, -0.016629 
  0.024597 ,  -0.031858, -0.014096 
  0.025275 ,  -0.020201, -0.010775 
  0.026025 ,  -0.008438, -0.007006 
  0.026844 ,  0.003367, -0.003155 
  0.027732 ,  0.015146, 0.000441 
  0.028687 ,  0.026831, 0.003517 
  0.029709 ,  0.038358, 0.005908 
  0.030794 ,  0.049662, 0.007564 
  0.031942 ,  0.060680, 0.008535 
  0.033150 ,  0.071351, 0.008950 
  0.034418 ,  0.081619, 0.008983 
  0.035742 ,  0.091430, 0.008811 
  0.037121 ,  0.100735, 0.008579 
  0.038553 ,  0.109487, 0.008380 
  0.040034 ,  0.117646, 0.008240 
  0.041564 ,  0.125176, 0.008125 
  0.043139 ,  0.132048, 0.007959 
  0.044757 ,  0.138236, 0.007655 
  0.046416 ,  0.143721, 0.007139 
  0.048113 ,  0.148489, 0.006379 
  0.049845 ,  0.152532, 0.005405 
  0.051609 ,  0.155849, 0.004306 
  0.053403 ,  0.158443, 0.003222 
  0.055224 ,  0.160323, 0.002315 
  0.057068 ,  0.161502, 0.001739 
  0.058934 ,  0.161999, 0.001600 
  0.060817 ,  0.161839, 0.001932 
  0.062716 ,  0.161049, 0.002671 
  0.064626 ,  0.159660, 0.003658 
  0.066545 ,  0.157709, 0.004654 
  0.068470 ,  0.155232, 0.005374 
  0.070398 ,  0.152272, 0.005531 
  0.072325 ,  0.148869, 0.004891 
  0.074248 ,  0.145069, 0.003315 
  0.076165 ,  0.140917, 0.000795 
  0.078072 ,  0.136457, -0.002524 
  0.079965 ,  0.131736, -0.006360 
  0.081843 ,  0.126799, -0.010318 
  0.083701 ,  0.121689, -0.013941 
  0.085536 ,  0.116450, -0.016779 
  0.087346 ,  0.111121, -0.018448 
  0.089127 ,  0.105742, -0.018696 
  0.090876 ,  0.100348, -0.017443 
  0.092591 ,  0.094972, -0.014801 
  0.094268 ,  0.089646, -0.011065 
  0.095904 ,  0.084394, -0.006678 
  0.097497 ,  0.079241, -0.002165 
  0.099042 ,  0.074206, 0.001932 
  0.100539 ,  0.069306, 0.005138 
  0.101984 ,  0.064552, 0.007111 
  0.103373 ,  0.059954, 0.007692 
  0.104706 ,  0.055516, 0.006931 
  0.105978 ,  0.051241, 0.005074 
  0.107187 ,  0.047128, 0.002528 
  0.108331 ,  0.043172, -0.000200 
  0.109408 ,  0.039367, -0.002585 
  0.110415 ,  0.035702, -0.004157 
  0.111350 ,  0.032166, -0.004584 
  0.112211 ,  0.028747, -0.003714 
  0.112996 ,  0.025428, -0.001606 
  0.113702 ,  0.022194, 0.001484 
  0.114327 ,  0.019029, 0.005133 
  0.114871 ,  0.015913, 0.008820 
  0.115331 ,  0.012831, 0.012005 
  0.115706 ,  0.009765, 0.014205 
  0.115993 ,  0.006698, 0.015073 
  0.116192 ,  0.003615, 0.014447 
  0.116301 ,  0.000502, 0.012375 
  0.116320 ,  -0.002655, 0.009112 
  0.116245 ,  -0.005867, 0.005078 
  0.116078 ,  -0.009143, 0.000798 
  0.115816 ,  -0.012491, -0.003172 
  0.115459 ,  -0.015915, -0.006330 
  0.115007 ,  -0.019418, -0.008297 
  0.114457 ,  -0.023000, -0.008869 
  0.113811 ,  -0.026660, -0.008049 
  0.113068 ,  -0.030392, -0.006036 
  0.112226 ,  -0.034190, -0.003196 
  0.111287 ,  -0.038045, -0.000006 
  0.110249 ,  -0.041945, 0.003021 
  0.109113 ,  -0.045877, 0.005409 
  0.107880 ,  -0.049826, 0.006787 
  0.106548 ,  -0.053775, 0.006941 
  0.105119 ,  -0.057705, 0.005842 
  0.103593 ,  -0.061597, 0.003644 
  0.101971 ,  -0.065431, 0.000659 
  0.100252 ,  -0.069186, -0.002697 
  0.098439 ,  -0.072840, -0.005961 
  0.096531 ,  -0.076373, -0.008695 
  0.094530 ,  -0.079761, -0.010546 
  0.092436 ,  -0.082986, -0.011294 
  0.090252 ,  -0.086026, -0.010877 
  0.087977 ,  -0.088862, -0.009395 
  0.085614 ,  -0.091477, -0.007087 
  0.083164 ,  -0.093854, -0.004292 
  0.080628 ,  -0.095979, -0.001397 
  0.078008 ,  -0.097837, 0.001223 
  0.075306 ,  -0.099417, 0.003256 
  0.072523 ,  -0.100712, 0.004492 
  0.069662 ,  -0.101713, 0.004850 
  0.066724 ,  -0.102417, 0.004380 
  0.063712 ,  -0.102820, 0.003246 
  0.060627 ,  -0.102923, 0.001694 
  0.057471 ,  -0.102727, 0.000010 
  0.054248 ,  -0.102237, -0.001523 
  0.050959 ,  -0.101460, -0.002673 
  0.047606 ,  -0.100403, -0.003287 
  0.044193 ,  -0.099078, -0.003309 
  0.040722 ,  -0.097496, -0.002784 
  0.037195 ,  -0.095670, -0.001841 
  0.033615 ,  -0.093616, -0.000668 
  0.029985 ,  -0.091351, 0.000523 
  0.026307 ,  -0.088890, 0.001534 
  0.022585 ,  -0.086252, 0.002215 
  0.018821 ,  -0.083456, 0.002485 
  0.015017 ,  -0.080521, 0.002347 
  0.011178 ,  -0.077465, 0.001885 
  0.007306 ,  -0.074306, 0.001246 
  0.003404 ,  -0.071065, 0.000616 
  -0.000524 ,  -0.067757, 0.000187 
  -0.004477 ,  -0.064402, 0.000121 
  -0.008450 ,  -0.061014, 0.000522 
  -0.012441 ,  -0.057610, 0.001417 
  -0.016447 ,  -0.054203, 0.002741 
  -0.020463 ,  -0.050807, 0.004348 
  -0.024488 ,  -0.047432, 0.006027 
  -0.028518 ,  -0.044088, 0.007528 
  -0.032549 ,  -0.040785, 0.008599 
  -0.036579 ,  -0.037528, 0.009024 
  -0.040605 ,  -0.034323, 0.008657 
  -0.044622 ,  -0.031174, 0.007444 
  -0.048628 ,  -0.028082, 0.005440 
  -0.052620 ,  -0.025049, 0.002807 
  -0.056595 ,  -0.022073, -0.000200 
  -0.060550 ,  -0.019153, -0.003265 
  -0.064480 ,  -0.016285, -0.006045 
  -0.068384 ,  -0.013464, -0.008214 
  -0.072258 ,  -0.010685, -0.009505 
  -0.076099 ,  -0.007942, -0.009748 
  -0.079905 ,  -0.005227, -0.008892 
  -0.083671 ,  -0.002534, -0.007022 
  -0.087396 ,  0.000146, -0.004347 
  -0.091075 ,  0.002821, -0.001183 
  -0.094707 ,  0.005500, 0.002082 
  -0.098289 ,  0.008189, 0.005036 
  -0.101817 ,  0.010898, 0.007288 
  -0.105290 ,  0.013633, 0.008520 
  -0.108703 ,  0.016402, 0.008528 
  -0.112055 ,  0.019210, 0.007245 
  -0.115344 ,  0.022064, 0.004755 
  -0.118565 ,  0.024967, 0.001285 
  -0.121718 ,  0.027923, -0.002819 
  -0.124800 ,  0.030934, -0.007133 
  -0.127808 ,  0.034002, -0.011206 
  -0.130740 ,  0.037125, -0.014612 
  -0.133594 ,  0.040304, -0.017001 
  -0.136367 ,  0.043535, -0.018139 
  -0.139058 ,  0.046813, -0.017934 
  -0.141665 ,  0.050134, -0.016444 
  -0.144186 ,  0.053491, -0.013865 
  -0.146619 ,  0.056875, -0.010498 
  -0.148962 ,  0.060277, -0.006710 
  -0.151213 ,  0.063686, -0.002878 
  -0.153372 ,  0.067091, 0.000657 
  -0.155435 ,  0.070479, 0.003639 
  -0.157403 ,  0.073835, 0.005924 
  -0.159274 ,  0.077145, 0.007492 
  -0.161045 ,  0.080393, 0.008445 
  -0.162717 ,  0.083564, 0.008975 
  -0.164288 ,  0.086638, 0.009332 
  -0.165758 ,  0.089601, 0.009766 
  -0.167124 ,  0.092433, 0.010487 
  -0.168387 ,  0.095116, 0.011618 
  -0.169546 ,  0.097633, 0.013167 
  -0.170599 ,  0.099965, 0.015023 
  -0.171547 ,  0.102094, 0.016959 
  -0.172389 ,  0.104004, 0.018670 
  -0.173125 ,  0.105676, 0.019818 
  -0.173755 ,  0.107094, 0.020081 
  -0.174277 ,  0.108243, 0.019216 
  -0.174693 ,  0.109107, 0.017095 
  -0.175002 ,  0.109672, 0.013740 
  -0.175204 ,  0.109926, 0.009327 
  -0.175299 ,  0.109856, 0.004174 
  -0.175288 ,  0.109453, -0.001299 
  -0.175172 ,  0.108708, -0.006626 
  -0.174950 ,  0.107612, -0.011352 
  -0.174623 ,  0.106162, -0.015098 
  -0.174191 ,  0.104351, -0.017613 
  -0.173657 ,  0.102180, -0.018806 
  -0.173019 ,  0.099646, -0.018757 
  -0.172280 ,  0.096752, -0.017701 
  -0.171439 ,  0.093502, -0.015988 
  -0.170499 ,  0.089901, -0.014027 
  -0.169461 ,  0.085957, -0.012223 
  -0.168324 ,  0.081681, -0.010912 
  -0.167092 ,  0.077083, -0.010307 
  -0.165765 ,  0.072179, -0.010469 
  -0.164345 ,  0.066984, -0.011294 
  -0.162833 ,  0.061517, -0.012535 
  -0.161232 ,  0.055797, -0.013844 
  -0.159541 ,  0.049846, -0.014827 
  -0.157764 ,  0.043689, -0.015109 
  -0.155903 ,  0.037350, -0.014402 
  -0.153958 ,  0.030857, -0.012547 
  -0.151933 ,  0.024238, -0.009546 
  -0.149829 ,  0.017523, -0.005562 
  -0.147648 ,  0.010742, -0.000895 
  -0.145392 ,  0.003927, 0.004065 
  -0.143064 ,  -0.002889, 0.008893 
  -0.140665 ,  -0.009675, 0.013200 
  -0.138199 ,  -0.016396, 0.016687 
  -0.135668 ,  -0.023020, 0.019185 
  -0.133073 ,  -0.029515, 0.020675 
  -0.130418 ,  -0.035847, 0.021277 
  -0.127705 ,  -0.041985, 0.021220 
  -0.124937 ,  -0.047898, 0.020783 
  -0.122115 ,  -0.053558, 0.020242 
  -0.119244 ,  -0.058936, 0.019803 
  -0.116324 ,  -0.064007, 0.019558 
  -0.113360 ,  -0.068745, 0.019458 
  -0.110354 ,  -0.073130, 0.019318 
  -0.107308 ,  -0.077142, 0.018848 
  -0.104226 ,  -0.080764, 0.017703 
  -0.101110 ,  -0.083983, 0.015558 
  -0.097964 ,  -0.086787, 0.012180 
  -0.094789 ,  -0.089170, 0.007490 
  -0.091588 ,  -0.091125, 0.001607 
  -0.088366 ,  -0.092653, -0.005142 
  -0.085124 ,  -0.093755, -0.012245 
  -0.081865 ,  -0.094437, -0.019060 
  -0.078592 ,  -0.094708, -0.024901 
  -0.075309 ,  -0.094581, -0.029134 
  -0.072018 ,  -0.094071, -0.031269 
  -0.068721 ,  -0.093197, -0.031046 
  -0.065422 ,  -0.091981, -0.028483 
  -0.062124 ,  -0.090447, -0.023885 
  -0.058830 ,  -0.088623, -0.017814 
  -0.055542 ,  -0.086537, -0.011019 
  -0.052262 ,  -0.084223, -0.004333 
  -0.048995 ,  -0.081712, 0.001443 
  -0.045742 ,  -0.079040, 0.005651 
  -0.042507 ,  -0.076242, 0.007876 
  -0.039292 ,  -0.073355, 0.007996 
  -0.036099 ,  -0.070416, 0.006205 
  -0.032932 ,  -0.067462, 0.002975 
  -0.029793 ,  -0.064528, -0.001018 
  -0.026685 ,  -0.061650, -0.005004 
  -0.023609 ,  -0.058861, -0.008241 
  -0.020569 ,  -0.056194, -0.010131 
  -0.017567 ,  -0.053679, -0.010317 
  -0.014605 ,  -0.051344, -0.008736 
  -0.011686 ,  -0.049213, -0.005627 
  -0.008812 ,  -0.047307, -0.001491 
  -0.005984 ,  -0.045645, 0.003002 
  -0.003206 ,  -0.044242, 0.007124 
  -0.000480 ,  -0.043108, 0.010218 
  0.002194 ,  -0.042249, 0.011813 
  0.004812 ,  -0.041667, 0.011714 
  0.007373 ,  -0.041360, 0.010040 
  0.009875 ,  -0.041322, 0.007212 
  0.012316 ,  -0.041542, 0.003890 
  0.014695 ,  -0.042005, 0.000859 
  0.017010 ,  -0.042691, -0.001103 
  0.019259 ,  -0.043577, -0.001369 
  0.021441 ,  -0.044636, 0.000420 
  0.023555 ,  -0.045837, 0.004265 
  0.025599 ,  -0.047146, 0.009789 
  0.027573 ,  -0.048527, 0.016266 
  0.029475 ,  -0.049941, 0.022723 
  0.031303 ,  -0.051346, 0.028073 
  0.033058 ,  -0.052699, 0.031288 
  0.034738 ,  -0.053956, 0.031564 
  0.036342 ,  -0.055074, 0.028462 
  0.037870 ,  -0.056007, 0.021999 
  0.039321 ,  -0.056712, 0.012673 
  0.040695 ,  -0.057145, 0.001417 
  0.041991 ,  -0.057266, -0.010523 
  0.043209 ,  -0.057034, -0.021751 
  0.044349 ,  -0.056413, -0.030920 
  0.045410 ,  -0.055369, -0.036932 
  0.046392 ,  -0.053873, -0.039099 
  0.047296 ,  -0.051898, -0.037255 
  0.048122 ,  -0.049423, -0.031790 
  0.048869 ,  -0.046430, -0.023597 
  0.049539 ,  -0.042908, -0.013952 
  0.050130 ,  -0.038850, -0.004323 
  0.050645 ,  -0.034256, 0.003842 
  0.051083 ,  -0.029129, 0.009338 
  0.051446 ,  -0.023480, 0.011385 
  0.051733 ,  -0.017324, 0.009754 
  0.051946 ,  -0.010684, 0.004809 
  0.052086 ,  -0.003587, -0.002543 
  0.052153 ,  0.003936, -0.010979 
  0.052149 ,  0.011846, -0.018958 
  0.052074 ,  0.020101, -0.024957 
  0.051931 ,  0.028653, -0.027704 
  0.051720 ,  0.037453, -0.026382 
  0.051443 ,  0.046446, -0.020769 
  0.051101 ,  0.055572, -0.011285 
  0.050696 ,  0.064774, 0.001046 
  0.050229 ,  0.073987, 0.014736 
  0.049702 ,  0.083148, 0.028031 
  0.049117 ,  0.092192, 0.039169 
  0.048475 ,  0.101055, 0.046626 
  0.047779 ,  0.109672, 0.049345 
  0.047030 ,  0.117979, 0.046890 
  0.046231 ,  0.125915, 0.039521 
  0.045383 ,  0.133420, 0.028159 
  0.044488 ,  0.140438, 0.014267 
  0.043549 ,  0.146914, -0.000356 
  0.042568 ,  0.152800, -0.013828 
  0.041546 ,  0.158050, -0.024445 
  0.040487 ,  0.162624, -0.030919 
  0.039393 ,  0.166486, -0.032555 
  0.038265 ,  0.169607, -0.029346 
  0.037107 ,  0.171962, -0.021960 
  0.035920 ,  0.173533, -0.011638 
  0.034707 ,  0.174307, -0.000012 
  0.033472 ,  0.174278, 0.011141 
  0.032215 ,  0.173447, 0.020150 
  0.030940 ,  0.171818, 0.025691 
  0.029648 ,  0.169404, 0.026971 
  0.028344 ,  0.166222, 0.023829 
  0.027028 ,  0.162295, 0.016755 
  0.025705 ,  0.157651, 0.006797 
  0.024375 ,  0.152324, -0.004592 
  0.023042 ,  0.146349, -0.015780 
  0.021709 ,  0.139770, -0.025190 
  0.020377 ,  0.132630, -0.031530 
  0.019050 ,  0.124977, -0.033970 
  0.017729 ,  0.116863, -0.032255 
  0.016418 ,  0.108339, -0.026722 
  0.015118 ,  0.099459, -0.018240 
  0.013833 ,  0.090279, -0.008068 
  0.012564 ,  0.080853, 0.002337 
  0.011314 ,  0.071237, 0.011538 
  0.010085 ,  0.061485, 0.018326 
  0.008880 ,  0.051650, 0.021884 
  0.007701 ,  0.041784, 0.021895 
  0.006549 ,  0.031936, 0.018572 
  0.005428 ,  0.022154, 0.012600 
  0.004340 ,  0.012481, 0.005024 
  0.003286 ,  0.002960, -0.002920 
  0.002268 ,  -0.006371, -0.009998 
  0.001288 ,  -0.015479, -0.015158 
  0.000349 ,  -0.024332, -0.017679 
  -0.000547 ,  -0.032903, -0.017264 
  -0.001400 ,  -0.041168, -0.014069 
  -0.002208 ,  -0.049109, -0.008657 
  -0.002968 ,  -0.056709, -0.001897 
  -0.003679 ,  -0.063956, 0.005177 
  -0.004339 ,  -0.070840, 0.011533 
  -0.004948 ,  -0.077357, 0.016295 
  -0.005504 ,  -0.083503, 0.018866 
  -0.006006 ,  -0.089279, 0.019007 
  -0.006452 ,  -0.094688, 0.016857 
  -0.006841 ,  -0.099733, 0.012888 
  -0.007172 ,  -0.104421, 0.007817 
  -0.007445 ,  -0.108760, 0.002483 
  -0.007658 ,  -0.112760, -0.002292 
  -0.007811 ,  -0.116429, -0.005831 
  -0.007904 ,  -0.119777, -0.007703 
  -0.007934 ,  -0.122816, -0.007778 
  -0.007903 ,  -0.125553, -0.006231 
  -0.007809 ,  -0.128000, -0.003500 
  -0.007652 ,  -0.130164, -0.000199 
  -0.007433 ,  -0.132052, 0.002990 
  -0.007150 ,  -0.133671, 0.005438 
  -0.006804 ,  -0.135025, 0.006669 
  -0.006395 ,  -0.136117, 0.006443 
  -0.005923 ,  -0.136948, 0.004782 
  -0.005389 ,  -0.137518, 0.001966 
  -0.004792 ,  -0.137825, -0.001523 
  -0.004133 ,  -0.137864, -0.005088 
  -0.003413 ,  -0.137632, -0.008118 
  -0.002631 ,  -0.137120, -0.010093 
  -0.001790 ,  -0.136321, -0.010674 
  -0.000889 ,  -0.135225, -0.009761 
  0.000071 ,  -0.133822, -0.007503 
  0.001088 ,  -0.132103, -0.004283 
  0.002161 ,  -0.130054, -0.000645 
  0.003290 ,  -0.127667, 0.002788 
  0.004474 ,  -0.124930, 0.005422 
  0.005710 ,  -0.121832, 0.006790 
  0.006999 ,  -0.118366, 0.006627 
  0.008337 ,  -0.114523, 0.004920 
  0.009725 ,  -0.110297, 0.001913 
  0.011159 ,  -0.105685, -0.001930 
  0.012639 ,  -0.100685, -0.005992 
  0.014163 ,  -0.095297, -0.009596 
  0.015729 ,  -0.089525, -0.012116 
  0.017336 ,  -0.083376, -0.013065 
  0.018981 ,  -0.076860, -0.012180 
  0.020663 ,  -0.069990, -0.009458 
  0.022379 ,  -0.062782, -0.005169 
  0.024127 ,  -0.055257, 0.000190 
  0.025906 ,  -0.047439, 0.005955 
  0.027713 ,  -0.039354, 0.011392 
  0.029546 ,  -0.031034, 0.015799 
  0.031404 ,  -0.022512, 0.018604 
  0.033283 ,  -0.013824, 0.019438 
  0.035181 ,  -0.005012, 0.018189 
  0.037096 ,  0.003883, 0.015005 
  0.039026 ,  0.012816, 0.010276 
  0.040968 ,  0.021741, 0.004572 
  0.042921 ,  0.030610, -0.001435 
  0.044881 ,  0.039373, -0.007063 
  0.046846 ,  0.047981, -0.011706 
  0.048814 ,  0.056383, -0.014908 
  0.050783 ,  0.064530, -0.016412 
  0.052749 ,  0.072372, -0.016177 
  0.054711 ,  0.079862, -0.014369 
  0.056667 ,  0.086953, -0.011319 
  0.058613 ,  0.093600, -0.007468 
  0.060547 ,  0.099763, -0.003301 
  0.062468 ,  0.105402, 0.000723 
  0.064372 ,  0.110482, 0.004222 
  0.066257 ,  0.114971, 0.006936 
  0.068122 ,  0.118843, 0.008736 
  0.069963 ,  0.122073, 0.009625 
  0.071779 ,  0.124644, 0.009715 
  0.073568 ,  0.126542, 0.009186 
  0.075326 ,  0.127758, 0.008250 
  0.077052 ,  0.128289, 0.007110 
  0.078745 ,  0.128136, 0.005928 
  0.080401 ,  0.127305, 0.004809 
  0.082019 ,  0.125810, 0.003797 
  0.083598 ,  0.123666, 0.002881 
  0.085134 ,  0.120895, 0.002018 
  0.086626 ,  0.117523, 0.001154 
  0.088074 ,  0.113581, 0.000245 
  0.089474 ,  0.109103, -0.000725 
  0.090825 ,  0.104129, -0.001735 
  0.092125 ,  0.098698, -0.002735 
  0.093374 ,  0.092856, -0.003653 
  0.094570 ,  0.086651, -0.004418 
  0.095711 ,  0.080131, -0.004977 
  0.096796 ,  0.073347, -0.005315 
  0.097823 ,  0.066352, -0.005461 
  0.098793 ,  0.059197, -0.005491 
  0.099703 ,  0.051936, -0.005512 
  0.100553 ,  0.044621, -0.005642 
  0.101341 ,  0.037304, -0.005983 
  0.102068 ,  0.030035, -0.006589 
  0.102732 ,  0.022864, -0.007445 
  0.103332 ,  0.015837, -0.008454 
  0.103868 ,  0.008998, -0.009440 
  0.104340 ,  0.002391, -0.010160 
  0.104748 ,  -0.003948, -0.010346 
  0.105090 ,  -0.009982, -0.009738 
  0.105366 ,  -0.015679, -0.008141 
  0.105578 ,  -0.021012, -0.005460 
  0.105723 ,  -0.025955, -0.001740 
  0.105803 ,  -0.030489, 0.002824 
  0.105818 ,  -0.034597, 0.007893 
  0.105767 ,  -0.038266, 0.013013 
  0.105652 ,  -0.041489, 0.017667 
  0.105472 ,  -0.044259, 0.021341 
  0.105228 ,  -0.046577, 0.023589 
  0.104920 ,  -0.048444, 0.024105 
  0.104549 ,  -0.049868, 0.022768 
  0.104116 ,  -0.050857, 0.019674 
  0.103621 ,  -0.051424, 0.015129 
  0.103065 ,  -0.051583, 0.009623 
  0.102449 ,  -0.051352, 0.003765 
  0.101775 ,  -0.050751, -0.001787 
  0.101042 ,  -0.049801, -0.006419 
  0.100253 ,  -0.048526, -0.009644 
  0.099408 ,  -0.046949, -0.011172 
  0.098508 ,  -0.045095, -0.010951 
  0.097555 ,  -0.042992, -0.009180 
  0.096550 ,  -0.040664, -0.006283 
  0.095495 ,  -0.038138, -0.002857 
  0.094390 ,  -0.035441, 0.000419 
  0.093238 ,  -0.032598, 0.002875 
  0.092040 ,  -0.029634, 0.003949 
  0.090797 ,  -0.026575, 0.003276 
  0.089511 ,  -0.023442, 0.000744 
  0.088184 ,  -0.020260, -0.003480 
  0.086817 ,  -0.017048, -0.008959 
  0.085413 ,  -0.013827, -0.015040 
  0.083972 ,  -0.010615, -0.020935 
  0.082496 ,  -0.007429, -0.025821 
  0.080988 ,  -0.004285, -0.028953 
  0.079449 ,  -0.001196, -0.029762 
  0.077881 ,  0.001824, -0.027936 
  0.076285 ,  0.004765, -0.023467 
  0.074664 ,  0.007616, -0.016656 
  0.073019 ,  0.010368, -0.008083 
  0.071352 ,  0.013013, 0.001463 
  0.069666 ,  0.015546, 0.011082 
  0.067961 ,  0.017959, 0.019867 
  0.066239 ,  0.020248, 0.027018 
  0.064503 ,  0.022409, 0.031935 
  0.062755 ,  0.024437, 0.034282 
  0.060995 ,  0.026330, 0.034021 
  0.059226 ,  0.028083, 0.031405 
  0.057449 ,  0.029695, 0.026930 
  0.055666 ,  0.031162, 0.021263 
  0.053879 ,  0.032481, 0.015147 
  0.052090 ,  0.033650, 0.009300 
  0.050299 ,  0.034666, 0.004322 
  0.048509 ,  0.035526, 0.000624 
  0.046721 ,  0.036227, -0.001621 
  0.044937 ,  0.036765, -0.002482 
  0.043157 ,  0.037137, -0.002254 
  0.041384 ,  0.037340, -0.001393 
  0.039619 ,  0.037369, -0.000448 
  0.037863 ,  0.037221, 0.000029 
  0.036116 ,  0.036892, -0.000429 
  0.034382 ,  0.036378, -0.002132 
  0.032659 ,  0.035676, -0.005185 
  0.030950 ,  0.034783, -0.009461 
  0.029256 ,  0.033696, -0.014620 
  0.027577 ,  0.032412, -0.020142 
  0.025915 ,  0.030929, -0.025394 
  0.024270 ,  0.029246, -0.029710 
  0.022642 ,  0.027363, -0.032476 
  0.021034 ,  0.025279, -0.033208 
  0.019444 ,  0.022997, -0.031620 
  0.017874 ,  0.020517, -0.027657 
  0.016325 ,  0.017845, -0.021515 
  0.014796 ,  0.014984, -0.013621 
  0.013288 ,  0.011940, -0.004592 
  0.011801 ,  0.008720, 0.004833 
  0.010335 ,  0.005333, 0.013867 
  0.008892 ,  0.001788, 0.021759 
  0.007469 ,  -0.001904, 0.027873 
  0.006069 ,  -0.005730, 0.031752 
  0.004690 ,  -0.009677, 0.033164 
  0.003332 ,  -0.013731, 0.032117 
  0.001996 ,  -0.017876, 0.028861 
  0.000680 ,  -0.022094, 0.023850 
  -0.000615 ,  -0.026369, 0.017691 
  -0.001889 ,  -0.030680, 0.011077 
  -0.003144 ,  -0.035009, 0.004708 
  -0.004380 ,  -0.039336, -0.000783 
  -0.005597 ,  -0.043640, -0.004898 
  -0.006795 ,  -0.047900, -0.007328 
  -0.007977 ,  -0.052094, -0.007982 
  -0.009141 ,  -0.056202, -0.006993 
  -0.010290 ,  -0.060202, -0.004700 
  -0.011424 ,  -0.064073, -0.001602 
  -0.012543 ,  -0.067794, 0.001705 
  -0.013649 ,  -0.071345, 0.004601 
  -0.014743 ,  -0.074705, 0.006525 
  -0.015825 ,  -0.077857, 0.007045 
  -0.016897 ,  -0.080780, 0.005925 
  -0.017959 ,  -0.083459, 0.003157 
  -0.019013 ,  -0.085877, -0.001028 
  -0.020060 ,  -0.088018, -0.006176 
  -0.021101 ,  -0.089868, -0.011664 
  -0.022137 ,  -0.091414, -0.016771 
  -0.023170 ,  -0.092646, -0.020771 
  -0.024199 ,  -0.093551, -0.023027 
  -0.025227 ,  -0.094123, -0.023086 
  -0.026256 ,  -0.094352, -0.020749 
  -0.027285 ,  -0.094233, -0.016116 
  -0.028316 ,  -0.093761, -0.009591 
  -0.029350 ,  -0.092933, -0.001856 
  -0.030389 ,  -0.091747, 0.006204 
  -0.031434 ,  -0.090202, 0.013601 
  -0.032485 ,  -0.088299, 0.019366 
  -0.033545 ,  -0.086039, 0.022672 
  -0.034613 ,  -0.083428, 0.022955 
  -0.035692 ,  -0.080468, 0.019998 
  -0.036782 ,  -0.077166, 0.013987 
  -0.037885 ,  -0.073529, 0.005503 
  -0.039000 ,  -0.069565, -0.004521 
  -0.040130 ,  -0.065284, -0.014902 
  -0.041275 ,  -0.060696, -0.024344 
  -0.042436 ,  -0.055813, -0.031591 
  -0.043614 ,  -0.050647, -0.035588 
  -0.044810 ,  -0.045213, -0.035621 
  -0.046024 ,  -0.039524, -0.031422 
  -0.047257 ,  -0.033598, -0.023215 
  -0.048511 ,  -0.027451, -0.011714 
  -0.049784 ,  -0.021101, 0.001954 
  -0.051078 ,  -0.014567, 0.016373 
  -0.052394 ,  -0.007868, 0.029998 
  -0.053731 ,  -0.001026, 0.041344 
  -0.055090 ,  0.005937, 0.049163 
  -0.056472 ,  0.012998, 0.052597 
  -0.057876 ,  0.020134, 0.051284 
  -0.059302 ,  0.027320, 0.045403 
  -0.060751 ,  0.034531, 0.035649 
  -0.062222 ,  0.041739, 0.023149 
  -0.063716 ,  0.048918, 0.009319 
  -0.065231 ,  0.056041, -0.004313 
  -0.066769 ,  0.063077, -0.016294 
  -0.068328 ,  0.070000, -0.025425 
  -0.069908 ,  0.076778, -0.030900 
  -0.071509 ,  0.083383, -0.032394 
  -0.073129 ,  0.089784, -0.030091 
  -0.074768 ,  0.095951, -0.024636 
  -0.076426 ,  0.101855, -0.017041 
  -0.078101 ,  0.107466, -0.008534 
  -0.079793 ,  0.112754, -0.000392 
  -0.081500 ,  0.117692, 0.006230 
  -0.083222 ,  0.122252, 0.010443 
  -0.084956 ,  0.126406, 0.011738 
  -0.086703 ,  0.130131, 0.010028 
  -0.088460 ,  0.133401, 0.005649 
  -0.090226 ,  0.136196, -0.000713 
  -0.091999 ,  0.138493, -0.008125 
  -0.093778 ,  0.140277, -0.015548 
  -0.095562 ,  0.141529, -0.021983 
  -0.097348 ,  0.142238, -0.026605 
  -0.099135 ,  0.142393, -0.028863 
  -0.100921 ,  0.141986, -0.028539 
  -0.102703 ,  0.141012, -0.025758 
  -0.104480 ,  0.139470, -0.020942 
  -0.106251 ,  0.137361, -0.014735 
  -0.108011 ,  0.134690, -0.007894 
  -0.109760 ,  0.131466, -0.001169 
  -0.111496 ,  0.127701, 0.004797 
  -0.113215 ,  0.123410, 0.009559 
  -0.114916 ,  0.118611, 0.012909 
  -0.116596 ,  0.113327, 0.014892 
  -0.118253 ,  0.107583, 0.015765 
  -0.119884 ,  0.101406, 0.015938 
  -0.121487 ,  0.094830, 0.015882 
  -0.123059 ,  0.087887, 0.016045 
  -0.124599 ,  0.080614, 0.016762 
  -0.126102 ,  0.073050, 0.018201 
  -0.127567 ,  0.065236, 0.020327 
  -0.128991 ,  0.057214, 0.022909 
  -0.130372 ,  0.049029, 0.025557 
  -0.131706 ,  0.040725, 0.027784 
  -0.132992 ,  0.032348, 0.029080 
  -0.134227 ,  0.023945, 0.028998 
  -0.135407 ,  0.015560, 0.027218 
  -0.136531 ,  0.007240, 0.023600 
  -0.137597 ,  -0.000971, 0.018209 
  -0.138600 ,  -0.009029, 0.011303 
  -0.139540 ,  -0.016893, 0.003309 
  -0.140413 ,  -0.024523, -0.005238 
  -0.141217 ,  -0.031880, -0.013755 
  -0.141949 ,  -0.038931, -0.021678 
  -0.142608 ,  -0.045643, -0.028520 
  -0.143191 ,  -0.051987, -0.033914 
  -0.143696 ,  -0.057937, -0.037632 
  -0.144120 ,  -0.063472, -0.039591 
  -0.144462 ,  -0.068572, -0.039836 
  -0.144719 ,  -0.073225, -0.038508 
  -0.144890 ,  -0.077419, -0.035816 
  -0.144971 ,  -0.081149, -0.031996 
  -0.144963 ,  -0.084411, -0.027292 
  -0.144862 ,  -0.087207, -0.021935 
  -0.144668 ,  -0.089544, -0.016141 
  -0.144378 ,  -0.091429, -0.010112 
  -0.143992 ,  -0.092876, -0.004049 
  -0.143507 ,  -0.093902, 0.001841 
  -0.142923 ,  -0.094525, 0.007341 
  -0.142237 ,  -0.094768, 0.012227 
  -0.141451 ,  -0.094654, 0.016280 
  -0.140561 ,  -0.094213, 0.019312 
  -0.139568 ,  -0.093471, 0.021192 
  -0.138470 ,  -0.092459, 0.021874 
  -0.137268 ,  -0.091209, 0.021417 
  -0.135960 ,  -0.089752, 0.019994 
  -0.134547 ,  -0.088122, 0.017880 
  -0.133027 ,  -0.086350, 0.015430 
  -0.131401 ,  -0.084468, 0.013031 
  -0.129669 ,  -0.082506, 0.011050 
  -0.127831 ,  -0.080496, 0.009780 
  -0.125887 ,  -0.078463, 0.009385 
  -0.123838 ,  -0.076436, 0.009871 
  -0.121684 ,  -0.074437, 0.011072 
  -0.119426 ,  -0.072488, 0.012665 
  -0.117064 ,  -0.070607, 0.014217 
  -0.114600 ,  -0.068812, 0.015244 
  -0.112035 ,  -0.067114, 0.015288 
  -0.109370 ,  -0.065523, 0.013999 
  -0.106606 ,  -0.064046, 0.011196 
  -0.103744 ,  -0.062685, 0.006913 
  -0.100787 ,  -0.061441, 0.001408 
  -0.097736 ,  -0.060312, -0.004857 
  -0.094593 ,  -0.059290, -0.011277 
  -0.091360 ,  -0.058366, -0.017181 
  -0.088039 ,  -0.057530, -0.021935 
  -0.084632 ,  -0.056766, -0.025031 
  -0.081142 ,  -0.056058, -0.026173 
  -0.077572 ,  -0.055388, -0.025318 
  -0.073923 ,  -0.054737, -0.022694 
  -0.070199 ,  -0.054082, -0.018765 
  -0.066402 ,  -0.053402, -0.014161 
  -0.062536 ,  -0.052673, -0.009581 
  -0.058603 ,  -0.051873, -0.005681 
  -0.054608 ,  -0.050979, -0.002971 
  -0.050552 ,  -0.049969, -0.001721 
  -0.046440 ,  -0.048821, -0.001923 
  -0.042274 ,  -0.047515, -0.003282 
  -0.038060 ,  -0.046032, -0.005265 
  -0.033799 ,  -0.044355, -0.007191 
  -0.029497 ,  -0.042471, -0.008343 
  -0.025156 ,  -0.040365, -0.008102 
  -0.020781 ,  -0.038030, -0.006064 
  -0.016376 ,  -0.035457, -0.002126 
  -0.011945 ,  -0.032642, 0.003469 
  -0.007491 ,  -0.029585, 0.010145 
  -0.003020 ,  -0.026288, 0.017068 
  0.001466 ,  -0.022756, 0.023256 
  0.005960 ,  -0.018997, 0.027732 
  0.010460 ,  -0.015022, 0.029683 
  0.014961 ,  -0.010845, 0.028598 
  0.019458 ,  -0.006484, 0.024371 
  0.023948 ,  -0.001958, 0.017349 
  0.028425 ,  0.002712, 0.008306 
  0.032886 ,  0.007501, -0.001644 
  0.037325 ,  0.012383, -0.011196 
  0.041739 ,  0.017332, -0.019034 
  0.046123 ,  0.022318, -0.024027 
  0.050473 ,  0.027313, -0.025403 
  0.054785 ,  0.032286, -0.022879 
  0.059053 ,  0.037207, -0.016720 
  0.063274 ,  0.042046, -0.007723 
  0.067443 ,  0.046774, 0.002874 
  0.071556 ,  0.051361, 0.013566 
  0.075609 ,  0.055782, 0.022777 
  0.079598 ,  0.060009, 0.029099 
  0.083519 ,  0.064019, 0.031486 
  0.087367 ,  0.067790, 0.029427 
  0.091140 ,  0.071302, 0.023022 
  0.094831 ,  0.074538, 0.012993 
  0.098439 ,  0.077483, 0.000589 
  0.101959 ,  0.080126, -0.012577 
  0.105388 ,  0.082457, -0.024749 
  0.108722 ,  0.084472, -0.034275 
  0.111958 ,  0.086167, -0.039835 
  0.115092 ,  0.087542, -0.040637 
  0.118121 ,  0.088601, -0.036528 
  0.121042 ,  0.089349, -0.028020 
  0.123853 ,  0.089794, -0.016226 
  0.126549 ,  0.089948, -0.002705 
  0.129129 ,  0.089824, 0.010755 
  0.131590 ,  0.089438, 0.022384 
  0.133929 ,  0.088805, 0.030675 
  0.136144 ,  0.087945, 0.034590 
  0.138234 ,  0.086877, 0.033701 
  0.140195 ,  0.085623, 0.028242 
  0.142026 ,  0.084202, 0.019065 
  0.143725 ,  0.082637, 0.007515 
  0.145290 ,  0.080949, -0.004769 
  0.146721 ,  0.079159, -0.016084 
  0.148016 ,  0.077287, -0.024908 
  0.149174 ,  0.075352, -0.030102 
  0.150193 ,  0.073372, -0.031062 
  0.151074 ,  0.071363, -0.027789 
  0.151815 ,  0.069341, -0.020872 
  0.152415 ,  0.067317, -0.011383 
  0.152876 ,  0.065302, -0.000711 
  0.153196 ,  0.063304, 0.009642 
  0.153375 ,  0.061330, 0.018285 
  0.153414 ,  0.059382, 0.024129 
  0.153313 ,  0.057461, 0.026528 
  0.153073 ,  0.055566, 0.025358 
  0.152694 ,  0.053694, 0.021008 
  0.152178 ,  0.051837, 0.014306 
  0.151525 ,  0.049988, 0.006372 
  0.150736 ,  0.048137, -0.001555 
  0.149812 ,  0.046272, -0.008304 
  0.148757 ,  0.044378, -0.012945 
  0.147570 ,  0.042442, -0.014912 
  0.146253 ,  0.040448, -0.014070 
  0.144810 ,  0.038378, -0.010713 
  0.143242 ,  0.036217, -0.005501 
  0.141550 ,  0.033948, 0.000661 
  0.139738 ,  0.031552, 0.006774 
  0.137809 ,  0.029016, 0.011893 
  0.135764 ,  0.026323, 0.015274 
  0.133607 ,  0.023459, 0.016473 
  0.131340 ,  0.020413, 0.015395 
  0.128968 ,  0.017174, 0.012286 
  0.126492 ,  0.013732, 0.007676 
  0.123916 ,  0.010083, 0.002275 
  0.121244 ,  0.006223, -0.003147 
  0.118480 ,  0.002151, -0.007888 
  0.115626 ,  -0.002131, -0.011421 
  0.112686 ,  -0.006618, -0.013462 
  0.109666 ,  -0.011302, -0.013998 
  0.106567 ,  -0.016171, -0.013268 
  0.103396 ,  -0.021210, -0.011696 
  0.100154 ,  -0.026403, -0.009802 
  0.096847 ,  -0.031730, -0.008096 
  0.093480 ,  -0.037166, -0.006978 
  0.090055 ,  -0.042686, -0.006668 
  0.086578 ,  -0.048262, -0.007161 
  0.083052 ,  -0.053863, -0.008233 
  0.079483 ,  -0.059457, -0.009484 
  0.075875 ,  -0.065010, -0.010415 
  0.072232 ,  -0.070487, -0.010523 
  0.068559 ,  -0.075851, -0.009398 
  0.064860 ,  -0.081065, -0.006813 
  0.061140 ,  -0.086093, -0.002770 
  0.057404 ,  -0.090898, 0.002476 
  0.053655 ,  -0.095444, 0.008449 
  0.049900 ,  -0.099694, 0.014515 
  0.046141 ,  -0.103615, 0.019971 
  0.042383 ,  -0.107176, 0.024157 
  0.038632 ,  -0.110345, 0.026551 
  0.034891 ,  -0.113094, 0.026855 
  0.031166 ,  -0.115400, 0.025038 
  0.027459 ,  -0.117239, 0.021347 
  0.023776 ,  -0.118593, 0.016265 
  0.020122 ,  -0.119447, 0.010440 
  0.016499 ,  -0.119788, 0.004586 
  0.012912 ,  -0.119608, -0.000623 
  0.009366 ,  -0.118904, -0.004660 
  0.005864 ,  -0.117676, -0.007216 
  0.002411 ,  -0.115927, -0.008242 
  -0.000991 ,  -0.113665, -0.007953 
  -0.004336 ,  -0.110902, -0.006779 
  -0.007622 ,  -0.107653, -0.005294 
  -0.010845 ,  -0.103938, -0.004106 
  -0.014002 ,  -0.099779, -0.003761 
  -0.017089 ,  -0.095201, -0.004639 
  -0.020103 ,  -0.090235, -0.006884 
  -0.023041 ,  -0.084911, -0.010374 
  -0.025900 ,  -0.079264, -0.014724 
  -0.028677 ,  -0.073330, -0.019343 
  -0.031369 ,  -0.067146, -0.023514 
  -0.033975 ,  -0.060752, -0.026501 
  -0.036491 ,  -0.054189, -0.027663 
  -0.038914 ,  -0.047497, -0.026550 
  -0.041244 ,  -0.040717, -0.022982 
  -0.043478 ,  -0.033891, -0.017082 
  -0.045613 ,  -0.027060, -0.009269 
  -0.047649 ,  -0.020263, -0.000215 
  -0.049584 ,  -0.013540, 0.009243 
