   16m__20m 
  -0.000911 ,  0.040233, 0.019295 
  -0.000861 ,  0.040589, 0.018126 
  -0.000784 ,  0.040725, 0.014057 
  -0.000681 ,  0.040626, 0.007909 
  -0.000551 ,  0.040277, 0.000843 
  -0.000395 ,  0.039668, -0.005817 
  -0.000212 ,  0.038788, -0.010797 
  -0.000003 ,  0.037630, -0.013075 
  0.000232 ,  0.036190, -0.012053 
  0.000493 ,  0.034465, -0.007667 
  0.000779 ,  0.032456, -0.000410 
  0.001090 ,  0.030164, 0.008729 
  0.001426 ,  0.027597, 0.018405 
  0.001787 ,  0.024762, 0.027122 
  0.002170 ,  0.021670, 0.033458 
  0.002577 ,  0.018334, 0.036296 
  0.003006 ,  0.014770, 0.034998 
  0.003457 ,  0.010997, 0.029523 
  0.003928 ,  0.007034, 0.020443 
  0.004420 ,  0.002903, 0.008874 
  0.004930 ,  -0.001370, -0.003685 
  0.005458 ,  -0.005762, -0.015570 
  0.006003 ,  -0.010245, -0.025198 
  0.006564 ,  -0.014791, -0.031310 
  0.007139 ,  -0.019372, -0.033158 
  0.007728 ,  -0.023958, -0.030622 
  0.008329 ,  -0.028520, -0.024229 
  0.008941 ,  -0.033029, -0.015073 
  0.009563 ,  -0.037455, -0.004650 
  0.010193 ,  -0.041770, 0.005372 
  0.010829 ,  -0.045945, 0.013413 
  0.011471 ,  -0.049955, 0.018217 
  0.012117 ,  -0.053774, 0.019053 
  0.012764 ,  -0.057378, 0.015823 
  0.013413 ,  -0.060745, 0.009081 
  0.014060 ,  -0.063854, -0.000058 
  0.014704 ,  -0.066688, -0.010090 
  0.015344 ,  -0.069231, -0.019355 
  0.015978 ,  -0.071470, -0.026299 
  0.016604 ,  -0.073393, -0.029715 
  0.017220 ,  -0.074991, -0.028936 
  0.017825 ,  -0.076260, -0.023938 
  0.018416 ,  -0.077195, -0.015348 
  0.018993 ,  -0.077796, -0.004351 
  0.019553 ,  -0.078064, 0.007493 
  0.020094 ,  -0.078003, 0.018484 
  0.020615 ,  -0.077620, 0.027044 
  0.021113 ,  -0.076923, 0.031955 
  0.021587 ,  -0.075924, 0.032543 
  0.022035 ,  -0.074633, 0.028780 
  0.022456 ,  -0.073067, 0.021278 
  0.022847 ,  -0.071240, 0.011197 
  0.023207 ,  -0.069170, 0.000059 
  0.023534 ,  -0.066875, -0.010487 
  0.023826 ,  -0.064376, -0.018914 
  0.024081 ,  -0.061691, -0.024049 
  0.024299 ,  -0.058841, -0.025246 
  0.024477 ,  -0.055848, -0.022471 
  0.024613 ,  -0.052733, -0.016294 
  0.024707 ,  -0.049515, -0.007789 
  0.024756 ,  -0.046216, 0.001646 
  0.024760 ,  -0.042855, 0.010515 
  0.024716 ,  -0.039452, 0.017462 
  0.024623 ,  -0.036025, 0.021479 
  0.024481 ,  -0.032591, 0.022057 
  0.024287 ,  -0.029168, 0.019256 
  0.024042 ,  -0.025769, 0.013683 
  0.023742 ,  -0.022408, 0.006378 
  0.023388 ,  -0.019098, -0.001362 
  0.022979 ,  -0.015849, -0.008202 
  0.022513 ,  -0.012671, -0.012986 
  0.021990 ,  -0.009571, -0.014926 
  0.021409 ,  -0.006556, -0.013730 
  0.020770 ,  -0.003631, -0.009642 
  0.020071 ,  -0.000799, -0.003402 
  0.019313 ,  0.001938, 0.003882 
  0.018494 ,  0.004578, 0.010913 
  0.017615 ,  0.007123, 0.016424 
  0.016675 ,  0.009574, 0.019380 
  0.015674 ,  0.011933, 0.019153 
  0.014612 ,  0.014203, 0.015622 
  0.013490 ,  0.016388, 0.009196 
  0.012307 ,  0.018494, 0.000757 
  0.011063 ,  0.020523, -0.008485 
  0.009759 ,  0.022483, -0.017176 
  0.008396 ,  0.024379, -0.024033 
  0.006973 ,  0.026215, -0.028038 
  0.005492 ,  0.027997, -0.028603 
  0.003953 ,  0.029731, -0.025651 
  0.002357 ,  0.031422, -0.019630 
  0.000706 ,  0.033073, -0.011441 
  -0.001001 ,  0.034690, -0.002291 
  -0.002761 ,  0.036274, 0.006493 
  -0.004574 ,  0.037830, 0.013666 
  -0.006438 ,  0.039359, 0.018256 
  -0.008352 ,  0.040862, 0.019708 
  -0.010314 ,  0.042340, 0.017960 
  -0.012322 ,  0.043792, 0.013441 
  -0.014375 ,  0.045218, 0.006996 
  -0.016471 ,  0.046615, -0.000258 
  -0.018608 ,  0.047980, -0.007108 
  -0.020784 ,  0.049311, -0.012437 
  -0.022996 ,  0.050603, -0.015400 
  -0.025244 ,  0.051851, -0.015545 
  -0.027523 ,  0.053049, -0.012877 
  -0.029833 ,  0.054192, -0.007850 
  -0.032169 ,  0.055274, -0.001281 
  -0.034531 ,  0.056287, 0.005780 
  -0.036915 ,  0.057225, 0.012222 
  -0.039319 ,  0.058080, 0.017048 
  -0.041740 ,  0.058844, 0.019529 
  -0.044174 ,  0.059512, 0.019310 
  -0.046620 ,  0.060074, 0.016461 
  -0.049074 ,  0.060524, 0.011455 
  -0.051534 ,  0.060856, 0.005088 
  -0.053995 ,  0.061062, -0.001647 
  -0.056456 ,  0.061136, -0.007724 
  -0.058912 ,  0.061072, -0.012233 
  -0.061361 ,  0.060866, -0.014521 
  -0.063800 ,  0.060512, -0.014281 
  -0.066225 ,  0.060006, -0.011591 
  -0.068632 ,  0.059346, -0.006890 
  -0.071020 ,  0.058527, -0.000901 
  -0.073384 ,  0.057549, 0.005487 
  -0.075720 ,  0.056410, 0.011351 
  -0.078027 ,  0.055110, 0.015880 
  -0.080300 ,  0.053648, 0.018481 
  -0.082535 ,  0.052027, 0.018855 
  -0.084730 ,  0.050247, 0.017027 
  -0.086882 ,  0.048311, 0.013322 
  -0.088986 ,  0.046223, 0.008294 
  -0.091040 ,  0.043987, 0.002631 
  -0.093041 ,  0.041607, -0.002959 
  -0.094984 ,  0.039089, -0.007854 
  -0.096868 ,  0.036438, -0.011606 
  -0.098688 ,  0.033661, -0.013989 
  -0.100441 ,  0.030766, -0.015015 
  -0.102126 ,  0.027760, -0.014900 
  -0.103737 ,  0.024651, -0.014012 
  -0.105273 ,  0.021448, -0.012780 
  -0.106731 ,  0.018159, -0.011616 
  -0.108107 ,  0.014795, -0.010833 
  -0.109400 ,  0.011365, -0.010593 
  -0.110605 ,  0.007879, -0.010886 
  -0.111722 ,  0.004348, -0.011534 
  -0.112746 ,  0.000782, -0.012235 
  -0.113676 ,  -0.002808, -0.012625 
  -0.114510 ,  -0.006410, -0.012348 
  -0.115245 ,  -0.010014, -0.011125 
  -0.115879 ,  -0.013609, -0.008812 
  -0.116409 ,  -0.017181, -0.005428 
  -0.116835 ,  -0.020721, -0.001157 
  -0.117155 ,  -0.024217, 0.003678 
  -0.117365 ,  -0.027656, 0.008662 
  -0.117466 ,  -0.031027, 0.013350 
  -0.117456 ,  -0.034319, 0.017339 
  -0.117333 ,  -0.037520, 0.020318 
  -0.117096 ,  -0.040618, 0.022110 
  -0.116744 ,  -0.043604, 0.022693 
  -0.116276 ,  -0.046465, 0.022183 
  -0.115692 ,  -0.049190, 0.020809 
  -0.114991 ,  -0.051771, 0.018860 
  -0.114171 ,  -0.054195, 0.016635 
  -0.113234 ,  -0.056455, 0.014386 
  -0.112179 ,  -0.058540, 0.012281 
  -0.111005 ,  -0.060442, 0.010384 
  -0.109714 ,  -0.062153, 0.008653 
  -0.108304 ,  -0.063666, 0.006962 
  -0.106777 ,  -0.064973, 0.005139 
  -0.105133 ,  -0.066070, 0.003013 
  -0.103372 ,  -0.066950, 0.000456 
  -0.101496 ,  -0.067609, -0.002573 
  -0.099506 ,  -0.068044, -0.006014 
  -0.097403 ,  -0.068253, -0.009700 
  -0.095188 ,  -0.068234, -0.013378 
  -0.092862 ,  -0.067987, -0.016745 
  -0.090428 ,  -0.067512, -0.019493 
  -0.087886 ,  -0.066812, -0.021359 
  -0.085239 ,  -0.065889, -0.022168 
  -0.082489 ,  -0.064748, -0.021864 
  -0.079639 ,  -0.063393, -0.020513 
  -0.076689 ,  -0.061830, -0.018300 
  -0.073644 ,  -0.060069, -0.015497 
  -0.070505 ,  -0.058116, -0.012418 
  -0.067275 ,  -0.055982, -0.009370 
  -0.063958 ,  -0.053676, -0.006608 
  -0.060555 ,  -0.051212, -0.004294 
  -0.057071 ,  -0.048600, -0.002483 
  -0.053508 ,  -0.045855, -0.001113 
  -0.049870 ,  -0.042990, -0.000034 
  -0.046161 ,  -0.040020, 0.000960 
  -0.042384 ,  -0.036959, 0.002087 
  -0.038542 ,  -0.033824, 0.003525 
  -0.034640 ,  -0.030631, 0.005372 
  -0.030681 ,  -0.027394, 0.007620 
  -0.026669 ,  -0.024130, 0.010145 
  -0.022609 ,  -0.020856, 0.012721 
  -0.018504 ,  -0.017587, 0.015051 
  -0.014359 ,  -0.014339, 0.016813 
  -0.010178 ,  -0.011126, 0.017715 
  -0.005966 ,  -0.007964, 0.017543 
  -0.001727 ,  -0.004865, 0.016208 
  0.002535 ,  -0.001845, 0.013763 
  0.006815 ,  0.001086, 0.010410 
  0.011109 ,  0.003916, 0.006479 
  0.015411 ,  0.006634, 0.002389 
  0.019718 ,  0.009231, -0.001407 
  0.024024 ,  0.011700, -0.004481 
  0.028325 ,  0.014033, -0.006490 
  0.032616 ,  0.016224, -0.007221 
  0.036893 ,  0.018270, -0.006623 
  0.041150 ,  0.020167, -0.004813 
  0.045384 ,  0.021912, -0.002066 
  0.049589 ,  0.023507, 0.001226 
  0.053760 ,  0.024950, 0.004597 
  0.057894 ,  0.026244, 0.007567 
  0.061985 ,  0.027391, 0.009703 
  0.066029 ,  0.028395, 0.010665 
  0.070022 ,  0.029261, 0.010247 
  0.073958 ,  0.029995, 0.008395 
  0.077834 ,  0.030601, 0.005213 
  0.081644 ,  0.031089, 0.000943 
  0.085386 ,  0.031464, -0.004064 
  0.089054 ,  0.031734, -0.009387 
  0.092645 ,  0.031908, -0.014578 
  0.096154 ,  0.031994, -0.019208 
  0.099578 ,  0.032000, -0.022902 
  0.102912 ,  0.031933, -0.025365 
  0.106153 ,  0.031802, -0.026404 
  0.109298 ,  0.031615, -0.025936 
  0.112342 ,  0.031378, -0.023983 
  0.115283 ,  0.031098, -0.020664 
  0.118116 ,  0.030781, -0.016184 
  0.120840 ,  0.030433, -0.010814 
  0.123450 ,  0.030057, -0.004872 
  0.125945 ,  0.029659, 0.001294 
  0.128321 ,  0.029240, 0.007330 
  0.130576 ,  0.028803, 0.012892 
  0.132707 ,  0.028350, 0.017667 
  0.134712 ,  0.027881, 0.021393 
  0.136589 ,  0.027396, 0.023872 
  0.138336 ,  0.026894, 0.024990 
  0.139951 ,  0.026373, 0.024725 
  0.141433 ,  0.025830, 0.023146 
  0.142780 ,  0.025264, 0.020417 
  0.143991 ,  0.024670, 0.016779 
  0.145064 ,  0.024044, 0.012532 
  0.146000 ,  0.023383, 0.008007 
  0.146796 ,  0.022683, 0.003538 
  0.147453 ,  0.021939, -0.000569 
  0.147970 ,  0.021147, -0.004067 
  0.148347 ,  0.020302, -0.006786 
  0.148584 ,  0.019402, -0.008645 
  0.148680 ,  0.018443, -0.009652 
  0.148637 ,  0.017421, -0.009895 
  0.148455 ,  0.016336, -0.009520 
  0.148135 ,  0.015184, -0.008704 
  0.147676 ,  0.013967, -0.007631 
  0.147082 ,  0.012683, -0.006459 
  0.146352 ,  0.011335, -0.005309 
  0.145488 ,  0.009924, -0.004247 
  0.144492 ,  0.008453, -0.003288 
  0.143365 ,  0.006927, -0.002408 
  0.142109 ,  0.005352, -0.001556 
  0.140727 ,  0.003733, -0.000682 
  0.139221 ,  0.002078, 0.000245 
  0.137592 ,  0.000396, 0.001219 
  0.135844 ,  -0.001304, 0.002191 
  0.133980 ,  -0.003012, 0.003067 
  0.132002 ,  -0.004717, 0.003726 
  0.129913 ,  -0.006407, 0.004038 
  0.127716 ,  -0.008070, 0.003889 
  0.125416 ,  -0.009694, 0.003211 
  0.123014 ,  -0.011264, 0.001999 
  0.120515 ,  -0.012769, 0.000326 
  0.117922 ,  -0.014194, -0.001659 
  0.115240 ,  -0.015528, -0.003746 
  0.112471 ,  -0.016757, -0.005690 
  0.109621 ,  -0.017869, -0.007241 
  0.106692 ,  -0.018853, -0.008188 
  0.103691 ,  -0.019697, -0.008386 
  0.100619 ,  -0.020391, -0.007785 
  0.097483 ,  -0.020927, -0.006441 
  0.094287 ,  -0.021297, -0.004508 
  0.091034 ,  -0.021494, -0.002221 
  0.087730 ,  -0.021513, 0.000142 
  0.084379 ,  -0.021349, 0.002299 
  0.080986 ,  -0.021002, 0.004010 
  0.077555 ,  -0.020470, 0.005112 
  0.074092 ,  -0.019755, 0.005547 
  0.070602 ,  -0.018858, 0.005370 
  0.067088 ,  -0.017784, 0.004737 
  0.063556 ,  -0.016540, 0.003878 
  0.060010 ,  -0.015132, 0.003057 
  0.056456 ,  -0.013569, 0.002522 
  0.052898 ,  -0.011862, 0.002457 
  0.049342 ,  -0.010023, 0.002949 
  0.045791 ,  -0.008065, 0.003961 
  0.042250 ,  -0.006002, 0.005335 
  0.038725 ,  -0.003849, 0.006811 
  0.035220 ,  -0.001623, 0.008066 
  0.031740 ,  0.000660, 0.008765 
  0.028288 ,  0.002981, 0.008620 
  0.024870 ,  0.005324, 0.007445 
  0.021491 ,  0.007671, 0.005193 
  0.018153 ,  0.010002, 0.001975 
  0.014862 ,  0.012300, -0.001940 
  0.011622 ,  0.014547, -0.006158 
  0.008437 ,  0.016726, -0.010207 
  0.005311 ,  0.018820, -0.013603 
  0.002247 ,  0.020812, -0.015918 
  -0.000750 ,  0.022689, -0.016839 
  -0.003678 ,  0.024436, -0.016217 
  -0.006531 ,  0.026040, -0.014089 
  -0.009308 ,  0.027489, -0.010678 
  -0.012005 ,  0.028774, -0.006357 
  -0.014619 ,  0.029884, -0.001601 
  -0.017146 ,  0.030813, 0.003080 
  -0.019585 ,  0.031555, 0.007209 
  -0.021932 ,  0.032106, 0.010408 
  -0.024186 ,  0.032462, 0.012445 
  -0.026343 ,  0.032622, 0.013254 
  -0.028401 ,  0.032587, 0.012931 
  -0.030359 ,  0.032357, 0.011708 
  -0.032216 ,  0.031937, 0.009901 
  -0.033968 ,  0.031331, 0.007851 
  -0.035615 ,  0.030543, 0.005858 
  -0.037155 ,  0.029581, 0.004133 
  -0.038588 ,  0.028453, 0.002765 
  -0.039913 ,  0.027168, 0.001708 
  -0.041128 ,  0.025734, 0.000805 
  -0.042234 ,  0.024163, -0.000176 
  -0.043229 ,  0.022464, -0.001484 
  -0.044115 ,  0.020650, -0.003319 
  -0.044890 ,  0.018731, -0.005776 
  -0.045555 ,  0.016719, -0.008803 
  -0.046111 ,  0.014626, -0.012187 
  -0.046558 ,  0.012464, -0.015564 
  -0.046896 ,  0.010244, -0.018461 
  -0.047128 ,  0.007977, -0.020368 
  -0.047253 ,  0.005674, -0.020813 
  -0.047274 ,  0.003345, -0.019448 
  -0.047191 ,  0.001000, -0.016118 
  -0.047007 ,  -0.001352, -0.010914 
  -0.046723 ,  -0.003702, -0.004179 
  -0.046341 ,  -0.006042, 0.003510 
  -0.045864 ,  -0.008365, 0.011401 
  -0.045293 ,  -0.010665, 0.018661 
  -0.044632 ,  -0.012936, 0.024479 
  -0.043883 ,  -0.015173, 0.028178 
  -0.043049 ,  -0.017371, 0.029308 
  -0.042132 ,  -0.019526, 0.027719 
  -0.041136 ,  -0.021635, 0.023588 
  -0.040064 ,  -0.023695, 0.017406 
  -0.038919 ,  -0.025705, 0.009918 
  -0.037705 ,  -0.027661, 0.002030 
  -0.036426 ,  -0.029563, -0.005309 
  -0.035085 ,  -0.031409, -0.011236 
  -0.033685 ,  -0.033197, -0.015085 
  -0.032232 ,  -0.034926, -0.016481 
  -0.030728 ,  -0.036596, -0.015388 
  -0.029178 ,  -0.038205, -0.012111 
  -0.027587 ,  -0.039752, -0.007255 
  -0.025957 ,  -0.041234, -0.001634 
  -0.024295 ,  -0.042651, 0.003842 
  -0.022603 ,  -0.043999, 0.008293 
  -0.020887 ,  -0.045277, 0.011001 
  -0.019151 ,  -0.046482, 0.011502 
  -0.017399 ,  -0.047609, 0.009659 
  -0.015637 ,  -0.048657, 0.005677 
  -0.013867 ,  -0.049620, 0.000075 
  -0.012096 ,  -0.050494, -0.006387 
  -0.010328 ,  -0.051274, -0.012813 
  -0.008566 ,  -0.051956, -0.018300 
  -0.006817 ,  -0.052532, -0.022057 
  -0.005084 ,  -0.052999, -0.023520 
  -0.003371 ,  -0.053350, -0.022426 
  -0.001684 ,  -0.053578, -0.018847 
  -0.000027 ,  -0.053679, -0.013182 
  0.001596 ,  -0.053645, -0.006098 
  0.003180 ,  -0.053472, 0.001558 
  0.004722 ,  -0.053153, 0.008878 
  0.006217 ,  -0.052683, 0.015007 
  0.007660 ,  -0.052057, 0.019258 
  0.009049 ,  -0.051271, 0.021196 
  0.010378 ,  -0.050321, 0.020687 
  0.011644 ,  -0.049204, 0.017909 
  0.012843 ,  -0.047917, 0.013316 
  0.013972 ,  -0.046459, 0.007573 
  0.015027 ,  -0.044829, 0.001459 
  0.016005 ,  -0.043028, -0.004238 
  0.016902 ,  -0.041056, -0.008818 
  0.017716 ,  -0.038916, -0.011763 
  0.018443 ,  -0.036611, -0.012787 
  0.019080 ,  -0.034145, -0.011864 
  0.019625 ,  -0.031524, -0.009219 
  0.020075 ,  -0.028755, -0.005279 
  0.020429 ,  -0.025844, -0.000613 
  0.020683 ,  -0.022801, 0.004155 
  0.020835 ,  -0.019635, 0.008426 
  0.020885 ,  -0.016356, 0.011701 
  0.020830 ,  -0.012975, 0.013638 
  0.020668 ,  -0.009504, 0.014079 
  0.020399 ,  -0.005957, 0.013062 
  0.020022 ,  -0.002346, 0.010789 
  0.019534 ,  0.001316, 0.007597 
  0.018937 ,  0.005014, 0.003894 
  0.018229 ,  0.008734, 0.000105 
  0.017409 ,  0.012461, -0.003381 
  0.016479 ,  0.016181, -0.006255 
  0.015437 ,  0.019879, -0.008317 
  0.014284 ,  0.023542, -0.009483 
  0.013021 ,  0.027155, -0.009777 
  0.011648 ,  0.030704, -0.009314 
  0.010167 ,  0.034178, -0.008264 
  0.008578 ,  0.037562, -0.006827 
  0.006882 ,  0.040846, -0.005198 
  0.005082 ,  0.044018, -0.003548 
  0.003178 ,  0.047068, -0.002006 
  0.001173 ,  0.049987, -0.000663 
  -0.000931 ,  0.052765, 0.000431 
  -0.003132 ,  0.055396, 0.001251 
  -0.005428 ,  0.057872, 0.001785 
  -0.007816 ,  0.060188, 0.002026 
  -0.010293 ,  0.062339, 0.001962 
  -0.012855 ,  0.064321, 0.001577 
  -0.015501 ,  0.066132, 0.000859 
  -0.018226 ,  0.067768, -0.000191 
  -0.021027 ,  0.069230, -0.001543 
  -0.023901 ,  0.070517, -0.003131 
  -0.026843 ,  0.071628, -0.004836 
  -0.029849 ,  0.072565, -0.006495 
  -0.032916 ,  0.073330, -0.007909 
  -0.036039 ,  0.073924, -0.008855 
  -0.039214 ,  0.074350, -0.009121 
  -0.042436 ,  0.074610, -0.008530 
  -0.045701 ,  0.074709, -0.006974 
  -0.049004 ,  0.074649, -0.004435 
  -0.052339 ,  0.074433, -0.001004 
  -0.055703 ,  0.074066, 0.003119 
  -0.059089 ,  0.073551, 0.007636 
  -0.062494 ,  0.072890, 0.012175 
  -0.065911 ,  0.072087, 0.016328 
  -0.069335 ,  0.071146, 0.019697 
  -0.072762 ,  0.070069, 0.021932 
  -0.076185 ,  0.068859, 0.022782 
  -0.079600 ,  0.067517, 0.022116 
  -0.083000 ,  0.066047, 0.019946 
  -0.086381 ,  0.064449, 0.016426 
  -0.089736 ,  0.062726, 0.011834 
  -0.093061 ,  0.060878, 0.006542 
  -0.096349 ,  0.058906, 0.000975 
  -0.099596 ,  0.056811, -0.004434 
  -0.102796 ,  0.054594, -0.009294 
  -0.105943 ,  0.052255, -0.013289 
  -0.109032 ,  0.049794, -0.016211 
  -0.112058 ,  0.047213, -0.017968 
  -0.115014 ,  0.044511, -0.018587 
  -0.117897 ,  0.041690, -0.018194 
  -0.120700 ,  0.038749, -0.016988 
  -0.123419 ,  0.035692, -0.015209 
  -0.126049 ,  0.032519, -0.013102 
  -0.128584 ,  0.029232, -0.010885 
  -0.131020 ,  0.025835, -0.008728 
  -0.133351 ,  0.022330, -0.006738 
  -0.135575 ,  0.018722, -0.004959 
  -0.137685 ,  0.015016, -0.003379 
  -0.139677 ,  0.011216, -0.001949 
  -0.141548 ,  0.007329, -0.000605 
  -0.143293 ,  0.003363, 0.000712 
  -0.144908 ,  -0.000675, 0.002037 
  -0.146390 ,  -0.004775, 0.003370 
  -0.147735 ,  -0.008929, 0.004671 
  -0.148939 ,  -0.013124, 0.005868 
  -0.149999 ,  -0.017350, 0.006869 
  -0.150912 ,  -0.021594, 0.007579 
  -0.151676 ,  -0.025843, 0.007925 
  -0.152287 ,  -0.030084, 0.007866 
  -0.152743 ,  -0.034302, 0.007411 
  -0.153042 ,  -0.038482, 0.006622 
  -0.153182 ,  -0.042609, 0.005608 
  -0.153160 ,  -0.046666, 0.004513 
  -0.152976 ,  -0.050639, 0.003501 
  -0.152628 ,  -0.054510, 0.002726 
  -0.152114 ,  -0.058264, 0.002313 
  -0.151434 ,  -0.061885, 0.002339 
  -0.150586 ,  -0.065356, 0.002816 
  -0.149571 ,  -0.068662, 0.003689 
  -0.148388 ,  -0.071789, 0.004844 
  -0.147038 ,  -0.074722, 0.006113 
  -0.145519 ,  -0.077447, 0.007303 
  -0.143833 ,  -0.079951, 0.008213 
  -0.141980 ,  -0.082223, 0.008667 
  -0.139962 ,  -0.084251, 0.008525 
  -0.137779 ,  -0.086026, 0.007709 
  -0.135432 ,  -0.087540, 0.006207 
  -0.132924 ,  -0.088785, 0.004069 
  -0.130256 ,  -0.089755, 0.001407 
  -0.127430 ,  -0.090447, -0.001628 
  -0.124449 ,  -0.090856, -0.004856 
  -0.121315 ,  -0.090982, -0.008092 
  -0.118030 ,  -0.090825, -0.011163 
  -0.114598 ,  -0.090387, -0.013917 
  -0.111022 ,  -0.089669, -0.016235 
  -0.107305 ,  -0.088678, -0.018030 
  -0.103451 ,  -0.087418, -0.019244 
  -0.099463 ,  -0.085897, -0.019843 
  -0.095347 ,  -0.084123, -0.019810 
  -0.091104 ,  -0.082107, -0.019133 
  -0.086742 ,  -0.079859, -0.017808 
  -0.082262 ,  -0.077392, -0.015835 
  -0.077671 ,  -0.074717, -0.013222 
  -0.072974 ,  -0.071849, -0.009994 
  -0.068175 ,  -0.068802, -0.006201 
  -0.063279 ,  -0.065592, -0.001931 
  -0.058293 ,  -0.062233, 0.002689 
  -0.053221 ,  -0.058741, 0.007483 
  -0.048069 ,  -0.055134, 0.012237 
  -0.042843 ,  -0.051426, 0.016703 
  -0.037549 ,  -0.047633, 0.020621 
  -0.032193 ,  -0.043773, 0.023734 
  -0.026780 ,  -0.039860, 0.025820 
  -0.021318 ,  -0.035910, 0.026710 
  -0.015812 ,  -0.031938, 0.026309 
  -0.010269 ,  -0.027957, 0.024613 
  -0.004695 ,  -0.023983, 0.021715 
  0.000904 ,  -0.020027, 0.017798 
  0.006520 ,  -0.016102, 0.013126 
  0.012147 ,  -0.012219, 0.008024 
  0.017780 ,  -0.008389, 0.002846 
  0.023410 ,  -0.004621, -0.002051 
  0.029031 ,  -0.000924, -0.006342 
  0.034638 ,  0.002694, -0.009761 
  0.040223 ,  0.006227, -0.012124 
  0.045779 ,  0.009669, -0.013347 
  0.051300 ,  0.013014, -0.013447 
  0.056779 ,  0.016260, -0.012547 
  0.062211 ,  0.019402, -0.010854 
  0.067588 ,  0.022438, -0.008648 
  0.072904 ,  0.025367, -0.006247 
  0.078153 ,  0.028187, -0.003984 
  0.083328 ,  0.030898, -0.002169 
  0.088424 ,  0.033499, -0.001063 
  0.093434 ,  0.035993, -0.000848 
  0.098353 ,  0.038378, -0.001609 
  0.103174 ,  0.040657, -0.003322 
  0.107892 ,  0.042830, -0.005848 
  0.112502 ,  0.044901, -0.008947 
  0.116998 ,  0.046868, -0.012289 
  0.121375 ,  0.048736, -0.015488 
  0.125627 ,  0.050505, -0.018136 
  0.129750 ,  0.052175, -0.019841 
  0.133739 ,  0.053750, -0.020271 
  0.137589 ,  0.055229, -0.019191 
  0.141296 ,  0.056613, -0.016497 
  0.144856 ,  0.057903, -0.012233 
  0.148265 ,  0.059098, -0.006602 
  0.151519 ,  0.060199, 0.000049 
  0.154614 ,  0.061204, 0.007252 
  0.157547 ,  0.062112, 0.014462 
  0.160315 ,  0.062921, 0.021104 
  0.162915 ,  0.063631, 0.026635 
  0.165344 ,  0.064238, 0.030597 
  0.167600 ,  0.064740, 0.032671 
  0.169680 ,  0.065135, 0.032708 
  0.171583 ,  0.065418, 0.030750 
  0.173306 ,  0.065587, 0.027023 
  0.174849 ,  0.065639, 0.021913 
  0.176210 ,  0.065570, 0.015922 
  0.177387 ,  0.065376, 0.009607 
  0.178381 ,  0.065054, 0.003518 
  0.179190 ,  0.064600, -0.001866 
  0.179814 ,  0.064012, -0.006188 
  0.180254 ,  0.063287, -0.009253 
  0.180509 ,  0.062420, -0.011036 
  0.180580 ,  0.061412, -0.011678 
  0.180468 ,  0.060259, -0.011448 
  0.180174 ,  0.058960, -0.010697 
  0.179698 ,  0.057514, -0.009798 
  0.179043 ,  0.055922, -0.009084 
  0.178210 ,  0.054183, -0.008796 
  0.177201 ,  0.052299, -0.009048 
  0.176018 ,  0.050272, -0.009808 
  0.174663 ,  0.048104, -0.010914 
  0.173140 ,  0.045799, -0.012099 
  0.171451 ,  0.043362, -0.013045 
  0.169599 ,  0.040796, -0.013441 
  0.167587 ,  0.038108, -0.013039 
  0.165420 ,  0.035305, -0.011709 
  0.163100 ,  0.032394, -0.009465 
  0.160631 ,  0.029383, -0.006475 
  0.158019 ,  0.026282, -0.003043 
  0.155266 ,  0.023100, 0.000437 
  0.152377 ,  0.019848, 0.003537 
  0.149358 ,  0.016536, 0.005862 
  0.146212 ,  0.013176, 0.007121 
  0.142945 ,  0.009780, 0.007172 
  0.139563 ,  0.006361, 0.006060 
  0.136069 ,  0.002932, 0.004012 
  0.132469 ,  -0.000494, 0.001414 
  0.128770 ,  -0.003904, -0.001244 
  0.124977 ,  -0.007284, -0.003438 
  0.121094 ,  -0.010620, -0.004693 
  0.117129 ,  -0.013899, -0.004656 
  0.113087 ,  -0.017106, -0.003157 
  0.108975 ,  -0.020229, -0.000242 
  0.104797 ,  -0.023254, 0.003826 
  0.100561 ,  -0.026168, 0.008596 
  0.096272 ,  -0.028959, 0.013489 
  0.091937 ,  -0.031615, 0.017882 
  0.087562 ,  -0.034123, 0.021191 
  0.083153 ,  -0.036475, 0.022957 
  0.078717 ,  -0.038658, 0.022914 
  0.074260 ,  -0.040665, 0.021024 
  0.069789 ,  -0.042485, 0.017482 
  0.065308 ,  -0.044113, 0.012686 
  0.060826 ,  -0.045540, 0.007178 
  0.056347 ,  -0.046762, 0.001563 
  0.051879 ,  -0.047773, -0.003578 
  0.047428 ,  -0.048569, -0.007771 
  0.042998 ,  -0.049149, -0.010713 
  0.038598 ,  -0.049511, -0.012304 
  0.034231 ,  -0.049654, -0.012653 
  0.029905 ,  -0.049580, -0.012046 
  0.025625 ,  -0.049289, -0.010885 
  0.021397 ,  -0.048786, -0.009613 
  0.017225 ,  -0.048074, -0.008636 
  0.013117 ,  -0.047159, -0.008251 
  0.009076 ,  -0.046048, -0.008596 
  0.005108 ,  -0.044747, -0.009629 
  0.001218 ,  -0.043266, -0.011139 
  -0.002589 ,  -0.041615, -0.012789 
  -0.006309 ,  -0.039804, -0.014180 
  -0.009936 ,  -0.037844, -0.014925 
  -0.013468 ,  -0.035749, -0.014724 
  -0.016899 ,  -0.033531, -0.013420 
  -0.020225 ,  -0.031205, -0.011033 
  -0.023443 ,  -0.028785, -0.007758 
  -0.026550 ,  -0.026286, -0.003934 
  -0.029541 ,  -0.023725, 0.000015 
  -0.032415 ,  -0.021119, 0.003652 
  -0.035166 ,  -0.018482, 0.006611 
  -0.037794 ,  -0.015834, 0.008661 
  -0.040296 ,  -0.013190, 0.009748 
  -0.042669 ,  -0.010568, 0.010009 
  -0.044910 ,  -0.007985, 0.009745 
  -0.047020 ,  -0.005458, 0.009363 
  -0.048995 ,  -0.003004, 0.009292 
  -0.050834 ,  -0.000639, 0.009897 
  -0.052537 ,  0.001620, 0.011388 
  -0.054102 ,  0.003759, 0.013765 
  -0.055529 ,  0.005762, 0.016782 
  -0.056817 ,  0.007616, 0.019971 
  -0.057966 ,  0.009308, 0.022701 
  -0.058976 ,  0.010825, 0.024269 
  -0.059848 ,  0.012157, 0.024020 
  -0.060582 ,  0.013293, 0.021472 
  -0.061178 ,  0.014226, 0.016418 
  -0.061639 ,  0.014947, 0.008994 
  -0.061964 ,  0.015451, -0.000294 
  -0.062156 ,  0.015734, -0.010614 
  -0.062216 ,  0.015792, -0.020891 
  -0.062146 ,  0.015624, -0.029949 
  -0.061948 ,  0.015231, -0.036666 
  -0.061625 ,  0.014615, -0.040139 
  -0.061178 ,  0.013778, -0.039825 
  -0.060612 ,  0.012727, -0.035635 
  -0.059928 ,  0.011468, -0.027972 
  -0.059130 ,  0.010009, -0.017691 
  -0.058221 ,  0.008360, -0.006004 
  -0.057205 ,  0.006534, 0.005682 
  -0.056085 ,  0.004543, 0.015951 
  -0.054866 ,  0.002402, 0.023573 
  -0.053550 ,  0.000127, 0.027673 
  -0.052144 ,  -0.002266, 0.027862 
  -0.050649 ,  -0.004758, 0.024286 
  -0.049073 ,  -0.007330, 0.017607 
  -0.047418 ,  -0.009962, 0.008910 
  -0.045689 ,  -0.012632, -0.000457 
  -0.043892 ,  -0.015321, -0.009078 
  -0.042031 ,  -0.018004, -0.015677 
  -0.040112 ,  -0.020662, -0.019304 
  -0.038139 ,  -0.023270, -0.019473 
  -0.036118 ,  -0.025807, -0.016227 
  -0.034053 ,  -0.028251, -0.010137 
  -0.031952 ,  -0.030581, -0.002202 
  -0.029818 ,  -0.032774, 0.006297 
  -0.027657 ,  -0.034812, 0.013993 
  -0.025475 ,  -0.036674, 0.019643 
  -0.023277 ,  -0.038343, 0.022314 
  -0.021069 ,  -0.039801, 0.021528 
  -0.018857 ,  -0.041033, 0.017329 
  -0.016645 ,  -0.042024, 0.010282 
  -0.014440 ,  -0.042763, 0.001389 
  -0.012247 ,  -0.043239, -0.008067 
  -0.010071 ,  -0.043442, -0.016705 
  -0.007918 ,  -0.043367, -0.023254 
  -0.005794 ,  -0.043009, -0.026741 
  -0.003703 ,  -0.042364, -0.026627 
  -0.001651 ,  -0.041434, -0.022887 
  0.000357 ,  -0.040219, -0.016004 
  0.002316 ,  -0.038723, -0.006896 
  0.004221 ,  -0.036954, 0.003229 
  0.006067 ,  -0.034918, 0.013044 
  0.007849 ,  -0.032626, 0.021304 
  0.009562 ,  -0.030092, 0.027013 
  0.011202 ,  -0.027328, 0.029562 
  0.012765 ,  -0.024350, 0.028796 
  0.014245 ,  -0.021178, 0.025019 
  0.015640 ,  -0.017829, 0.018923 
  0.016945 ,  -0.014325, 0.011469 
  0.018157 ,  -0.010686, 0.003725 
  0.019271 ,  -0.006936, -0.003296 
  0.020285 ,  -0.003099, -0.008787 
  0.021194 ,  0.000803, -0.012255 
  0.021997 ,  0.004744, -0.013573 
  0.022690 ,  0.008699, -0.012976 
  0.023270 ,  0.012644, -0.010986 
  0.023735 ,  0.016555, -0.008311 
  0.024083 ,  0.020408, -0.005701 
  0.024312 ,  0.024180, -0.003816 
  0.024420 ,  0.027848, -0.003109 
  0.024405 ,  0.031392, -0.003755 
  0.024266 ,  0.034791, -0.005624 
  0.024001 ,  0.038027, -0.008317 
  0.023611 ,  0.041083, -0.011244 
  0.023094 ,  0.043944, -0.013737 
  0.022450 ,  0.046597, -0.015173 
  0.021678 ,  0.049031, -0.015091 
  0.020779 ,  0.051235, -0.013275 
  0.019753 ,  0.053204, -0.009801 
  0.018601 ,  0.054932, -0.005025 
  0.017323 ,  0.056415, 0.000473 
  0.015919 ,  0.057654, 0.005988 
  0.014393 ,  0.058650, 0.010803 
  0.012744 ,  0.059407, 0.014316 
  0.010974 ,  0.059928, 0.016135 
  0.009086 ,  0.060223, 0.016146 
  0.007082 ,  0.060300, 0.014527 
  0.004963 ,  0.060169, 0.011715 
  0.002734 ,  0.059843, 0.008329 
  0.000395 ,  0.059334, 0.005057 
  -0.002049 ,  0.058659, 0.002536 
  -0.004596 ,  0.057832, 0.001237 
  -0.007241 ,  0.056868, 0.001377 
  -0.009982 ,  0.055786, 0.002882 
  -0.012814 ,  0.054601, 0.005390 
  -0.015734 ,  0.053330, 0.008314 
  -0.018737 ,  0.051991, 0.010938 
  -0.021819 ,  0.050600, 0.012545 
  -0.024976 ,  0.049171, 0.012548 
  -0.028202 ,  0.047722, 0.010592 
  -0.031493 ,  0.046264, 0.006639 
  -0.034844 ,  0.044811, 0.000984 
  -0.038250 ,  0.043375, -0.005769 
  -0.041705 ,  0.041965, -0.012794 
  -0.045204 ,  0.040590, -0.019160 
  -0.048741 ,  0.039256, -0.023974 
  -0.052312 ,  0.037969, -0.026518 
  -0.055910 ,  0.036730, -0.026364 
  -0.059529 ,  0.035542, -0.023446 
  -0.063164 ,  0.034403, -0.018080 
  -0.066808 ,  0.033311, -0.010918 
  -0.070456 ,  0.032261, -0.002862 
  -0.074101 ,  0.031248, 0.005069 
  -0.077738 ,  0.030262, 0.011883 
  -0.081360 ,  0.029295, 0.016760 
  -0.084962 ,  0.028337, 0.019167 
  -0.088536 ,  0.027373, 0.018929 
  -0.092077 ,  0.026393, 0.016243 
  -0.095579 ,  0.025381, 0.011644 
  -0.099035 ,  0.024324, 0.005909 
  -0.102440 ,  0.023205, -0.000061 
  -0.105787 ,  0.022010, -0.005382 
  -0.109071 ,  0.020724, -0.009318 
  -0.112285 ,  0.019332, -0.011386 
  -0.115423 ,  0.017819, -0.011416 
  -0.118480 ,  0.016171, -0.009561 
  -0.121450 ,  0.014377, -0.006260 
  -0.124327 ,  0.012425, -0.002149 
  -0.127106 ,  0.010306, 0.002048 
  -0.129782 ,  0.008010, 0.005639 
  -0.132348 ,  0.005532, 0.008078 
  -0.134800 ,  0.002868, 0.009045 
  -0.137133 ,  0.000016, 0.008487 
  -0.139343 ,  -0.003024, 0.006618 
  -0.141423 ,  -0.006250, 0.003864 
  -0.143370 ,  -0.009656, 0.000786 
  -0.145180 ,  -0.013235, -0.002024 
  -0.146848 ,  -0.016976, -0.004049 
  -0.148369 ,  -0.020868, -0.004931 
  -0.149742 ,  -0.024894, -0.004533 
  -0.150961 ,  -0.029038, -0.002956 
  -0.152023 ,  -0.033281, -0.000513 
  -0.152926 ,  -0.037599, 0.002327 
  -0.153666 ,  -0.041971, 0.005024 
  -0.154240 ,  -0.046370, 0.007067 
  -0.154646 ,  -0.050769, 0.008059 
  -0.154882 ,  -0.055141, 0.007788 
  -0.154946 ,  -0.059457, 0.006259 
  -0.154835 ,  -0.063686, 0.003693 
  -0.154549 ,  -0.067798, 0.000485 
  -0.154086 ,  -0.071763, -0.002864 
  -0.153444 ,  -0.075550, -0.005837 
  -0.152624 ,  -0.079129, -0.007987 
  -0.151625 ,  -0.082472, -0.009016 
  -0.150446 ,  -0.085550, -0.008818 
  -0.149087 ,  -0.088337, -0.007497 
  -0.147549 ,  -0.090807, -0.005343 
  -0.145832 ,  -0.092938, -0.002777 
  -0.143937 ,  -0.094709, -0.000271 
  -0.141864 ,  -0.096101, 0.001732 
  -0.139616 ,  -0.097098, 0.002901 
  -0.137194 ,  -0.097688, 0.003077 
  -0.134599 ,  -0.097860, 0.002292 
  -0.131834 ,  -0.097607, 0.000768 
  -0.128901 ,  -0.096926, -0.001129 
  -0.125802 ,  -0.095816, -0.002962 
  -0.122540 ,  -0.094280, -0.004302 
  -0.119119 ,  -0.092324, -0.004815 
  -0.115542 ,  -0.089957, -0.004326 
  -0.111811 ,  -0.087192, -0.002857 
  -0.107932 ,  -0.084045, -0.000633 
  -0.103907 ,  -0.080533, 0.001958 
  -0.099742 ,  -0.076679, 0.004429 
  -0.095440 ,  -0.072506, 0.006283 
  -0.091007 ,  -0.068041, 0.007107 
  -0.086446 ,  -0.063310, 0.006654 
  -0.081763 ,  -0.058346, 0.004900 
  -0.076964 ,  -0.053179, 0.002066 
  -0.072053 ,  -0.047842, -0.001408 
  -0.067037 ,  -0.042369, -0.004926 
  -0.061920 ,  -0.036794, -0.007827 
  -0.056710 ,  -0.031152, -0.009497 
  -0.051411 ,  -0.025477, -0.009480 
  -0.046030 ,  -0.019804, -0.007567 
  -0.040574 ,  -0.014165, -0.003849 
  -0.035049 ,  -0.008595, 0.001277 
  -0.029461 ,  -0.003122, 0.007149 
  -0.023817 ,  0.002222, 0.012926 
  -0.018124 ,  0.007411, 0.017714 
  -0.012388 ,  0.012419, 0.020698 
  -0.006617 ,  0.017222, 0.021276 
  -0.000818 ,  0.021799, 0.019160 
  0.005003 ,  0.026134, 0.014442 
  0.010839 ,  0.030209, 0.007595 
  0.016681 ,  0.034012, -0.000576 
  0.022524 ,  0.037534, -0.009036 
  0.028360 ,  0.040768, -0.016666 
  0.034181 ,  0.043710, -0.022417 
  0.039981 ,  0.046357, -0.025466 
  0.045753 ,  0.048713, -0.025345 
  0.051489 ,  0.050782, -0.022013 
  0.057183 ,  0.052569, -0.015875 
  0.062827 ,  0.054085, -0.007740 
  0.068415 ,  0.055340, 0.001288 
  0.073939 ,  0.056347, 0.009958 
  0.079393 ,  0.057122, 0.017046 
  0.084770 ,  0.057681, 0.021522 
  0.090063 ,  0.058041, 0.022701 
  0.095267 ,  0.058221, 0.020341 
  0.100374 ,  0.058240, 0.014683 
  0.105379 ,  0.058118, 0.006422 
  0.110274 ,  0.057873, -0.003381 
  0.115055 ,  0.057527, -0.013439 
  0.119716 ,  0.057096, -0.022411 
  0.124250 ,  0.056601, -0.029083 
  0.128652 ,  0.056057, -0.032520 
  0.132918 ,  0.055483, -0.032197 
  0.137041 ,  0.054891, -0.028056 
  0.141018 ,  0.054296, -0.020516 
  0.144842 ,  0.053709, -0.010408 
  0.148511 ,  0.053141, 0.001135 
  0.152019 ,  0.052598, 0.012828 
  0.155362 ,  0.052087, 0.023398 
  0.158537 ,  0.051612, 0.031741 
  0.161540 ,  0.051175, 0.037053 
  0.164368 ,  0.050776, 0.038912 
  0.167017 ,  0.050412, 0.037313 
  0.169484 ,  0.050079, 0.032642 
  0.171768 ,  0.049772, 0.025605 
  0.173865 ,  0.049483, 0.017117 
  0.175774 ,  0.049202, 0.008170 
  0.177493 ,  0.048921, -0.000292 
  0.179019 ,  0.048626, -0.007493 
  0.180352 ,  0.048306, -0.012904 
  0.181491 ,  0.047948, -0.016286 
  0.182435 ,  0.047536, -0.017689 
  0.183184 ,  0.047058, -0.017410 
  0.183736 ,  0.046500, -0.015920 
  0.184093 ,  0.045846, -0.013773 
  0.184255 ,  0.045085, -0.011513 
  0.184221 ,  0.044203, -0.009589 
  0.183994 ,  0.043188, -0.008296 
  0.183573 ,  0.042029, -0.007742 
  0.182962 ,  0.040717, -0.007854 
  0.182160 ,  0.039243, -0.008403 
  0.181170 ,  0.037602, -0.009066 
  0.179995 ,  0.035788, -0.009488 
  0.178636 ,  0.033799, -0.009354 
  0.177096 ,  0.031633, -0.008447 
  0.175378 ,  0.029292, -0.006687 
  0.173486 ,  0.026778, -0.004147 
  0.171423 ,  0.024098, -0.001041 
  0.169192 ,  0.021258, 0.002309 
  0.166797 ,  0.018267, 0.005527 
  0.164242 ,  0.015137, 0.008240 
  0.161532 ,  0.011881, 0.010143 
  0.158671 ,  0.008512, 0.011041 
  0.155664 ,  0.005048, 0.010880 
  0.152515 ,  0.001506, 0.009759 
  0.149230 ,  -0.002096, 0.007911 
  0.145814 ,  -0.005737, 0.005667 
  0.142272 ,  -0.009397, 0.003405 
  0.138609 ,  -0.013054, 0.001495 
  0.134833 ,  -0.016687, 0.000240 
  0.130948 ,  -0.020273, -0.000170 
  0.126960 ,  -0.023792, 0.000320 
  0.122875 ,  -0.027222, 0.001616 
  0.118701 ,  -0.030541, 0.003494 
  0.114442 ,  -0.033730, 0.005635 
  0.110106 ,  -0.036769, 0.007671 
  0.105699 ,  -0.039640, 0.009240 
  0.101227 ,  -0.042326, 0.010041 
  0.096697 ,  -0.044811, 0.009878 
  0.092117 ,  -0.047083, 0.008689 
  0.087492 ,  -0.049128, 0.006552 
  0.082829 ,  -0.050936, 0.003674 
  0.078136 ,  -0.052500, 0.000363 
  0.073419 ,  -0.053813, -0.003021 
  0.068685 ,  -0.054870, -0.006113 
  0.063940 ,  -0.055669, -0.008598 
  0.059192 ,  -0.056209, -0.010254 
  0.054447 ,  -0.056493, -0.010977 
  0.049712 ,  -0.056523, -0.010795 
  0.044994 ,  -0.056304, -0.009858 
  0.040299 ,  -0.055845, -0.008410 
  0.035633 ,  -0.055153, -0.006749 
  0.031004 ,  -0.054239, -0.005181 
  0.026418 ,  -0.053114, -0.003969 
  0.021881 ,  -0.051790, -0.003293 
  0.017398 ,  -0.050282, -0.003227 
  0.012977 ,  -0.048604, -0.003724 
  0.008623 ,  -0.046771, -0.004631 
  0.004342 ,  -0.044799, -0.005710 
  0.000140 ,  -0.042704, -0.006685 
  -0.003978 ,  -0.040503, -0.007280 
  -0.008007 ,  -0.038212, -0.007272 
  -0.011942 ,  -0.035847, -0.006522 
  -0.015777 ,  -0.033424, -0.005006 
  -0.019507 ,  -0.030958, -0.002814 
  -0.023128 ,  -0.028465, -0.000144 
  -0.026636 ,  -0.025959, 0.002735 
  -0.030027 ,  -0.023454, 0.005522 
  -0.033295 ,  -0.020962, 0.007930 
  -0.036439 ,  -0.018494, 0.009734 
  -0.039453 ,  -0.016063, 0.010808 
  -0.042334 ,  -0.013677, 0.011142 
  -0.045081 ,  -0.011346, 0.010842 
  -0.047689 ,  -0.009078, 0.010113 
  -0.050155 ,  -0.006879, 0.009217 
  -0.052479 ,  -0.004755, 0.008428 
  -0.054657 ,  -0.002713, 0.007978 
  -0.056687 ,  -0.000754, 0.008004 
  -0.058568 ,  0.001116, 0.008525 
  -0.060299 ,  0.002895, 0.009416 
  -0.061878 ,  0.004582, 0.010428 
  -0.063304 ,  0.006174, 0.011215 
  -0.064577 ,  0.007672, 0.011391 
  -0.065696 ,  0.009074, 0.010593 
  -0.066662 ,  0.010381, 0.008552 
  -0.067474 ,  0.011591, 0.005147 
  -0.068133 ,  0.012707, 0.000453 
  -0.068640 ,  0.013727, -0.005255 
  -0.068995 ,  0.014653, -0.011510 
  -0.069199 ,  0.015485, -0.017704 
  -0.069255 ,  0.016222, -0.023161 
  -0.069163 ,  0.016865, -0.027223 
  -0.068925 ,  0.017415, -0.029342 
  -0.068544 ,  0.017870, -0.029163 
  -0.068022 ,  0.018231, -0.026581 
  -0.067362 ,  0.018497, -0.021773 
  -0.066566 ,  0.018667, -0.015185 
  -0.065638 ,  0.018742, -0.007487 
  -0.064580 ,  0.018719, 0.000510 
  -0.063396 ,  0.018599, 0.007951 
  -0.062091 ,  0.018381, 0.014051 
  -0.060667 ,  0.018064, 0.018192 
  -0.059129 ,  0.017649, 0.020012 
  -0.057481 ,  0.017134, 0.019443 
  -0.055728 ,  0.016521, 0.016724 
  -0.053873 ,  0.015810, 0.012364 
  -0.051923 ,  0.015002, 0.007064 
  -0.049882 ,  0.014100, 0.001625 
  -0.047754 ,  0.013106, -0.003171 
  -0.045545 ,  0.012024, -0.006670 
  -0.043261 ,  0.010857, -0.008429 
  -0.040907 ,  0.009611, -0.008281 
  -0.038488 ,  0.008291, -0.006348 
  -0.036010 ,  0.006904, -0.003014 
  -0.033479 ,  0.005458, 0.001136 
  -0.030901 ,  0.003962, 0.005412 
  -0.028281 ,  0.002424, 0.009125 
  -0.025626 ,  0.000856, 0.011688 
  -0.022941 ,  -0.000732, 0.012710 
  -0.020233 ,  -0.002328, 0.012045 
  -0.017507 ,  -0.003920, 0.009813 
  -0.014771 ,  -0.005494, 0.006374 
  -0.012029 ,  -0.007037, 0.002268 
  -0.009288 ,  -0.008536, -0.001873 
  -0.006555 ,  -0.009976, -0.005423 
  -0.003834 ,  -0.011344, -0.007863 
  -0.001134 ,  -0.012626, -0.008860 
  0.001542 ,  -0.013808, -0.008311 
  0.004186 ,  -0.014878, -0.006362 
  0.006793 ,  -0.015822, -0.003374 
  0.009357 ,  -0.016630, 0.000132 
  0.011871 ,  -0.017291, 0.003563 
  0.014332 ,  -0.017795, 0.006348 
  0.016732 ,  -0.018134, 0.008023 
  0.019066 ,  -0.018301, 0.008306 
  0.021329 ,  -0.018291, 0.007133 
  0.023516 ,  -0.018099, 0.004662 
  0.025621 ,  -0.017724, 0.001245 
  0.027640 ,  -0.017166, -0.002636 
  0.029568 ,  -0.016426, -0.006447 
  0.031400 ,  -0.015507, -0.009689 
  0.033131 ,  -0.014416, -0.011971 
  0.034758 ,  -0.013158, -0.013069 
  0.036276 ,  -0.011744, -0.012948 
  0.037681 ,  -0.010184, -0.011761 
  0.038969 ,  -0.008491, -0.009803 
  0.040137 ,  -0.006678, -0.007457 
  0.041182 ,  -0.004762, -0.005118 
  0.042100 ,  -0.002759, -0.003119 
  0.042889 ,  -0.000687, -0.001674 
  0.043546 ,  0.001435, -0.000846 
  0.044067 ,  0.003586, -0.000539 
  0.044452 ,  0.005747, -0.000527 
  0.044698 ,  0.007898, -0.000504 
  0.044803 ,  0.010017, -0.000153 
  0.044766 ,  0.012084, 0.000787 
  0.044585 ,  0.014080, 0.002451 
  0.044260 ,  0.015984, 0.004821 
  0.043789 ,  0.017779, 0.007701 
  0.043173 ,  0.019446, 0.010754 
  0.042411 ,  0.020971, 0.013540 
  0.041502 ,  0.022339, 0.015598 
  0.040448 ,  0.023537, 0.016526 
  0.039248 ,  0.024554, 0.016053 
  0.037904 ,  0.025382, 0.014103 
  0.036416 ,  0.026014, 0.010818 
  0.034785 ,  0.026447, 0.006554 
  0.033014 ,  0.026679, 0.001831 
  0.031104 ,  0.026709, -0.002737 
  0.029057 ,  0.026543, -0.006540 
  0.026874 ,  0.026184, -0.009067 
  0.024560 ,  0.025642, -0.009995 
  0.022115 ,  0.024925, -0.009243 
  0.019545 ,  0.024048, -0.006999 
  0.016850 ,  0.023024, -0.003695 
  0.014036 ,  0.021870, 0.000050 
  0.011105 ,  0.020603, 0.003531 
  0.008061 ,  0.019244, 0.006059 
  0.004909 ,  0.017814, 0.007078 
  0.001652 ,  0.016334, 0.006258 
  -0.001704 ,  0.014827, 0.003557 
  -0.005156 ,  0.013315, -0.000762 
  -0.008698 ,  0.011824, -0.006161 
  -0.012325 ,  0.010374, -0.011897 
  -0.016033 ,  0.008990, -0.017131 
  -0.019815 ,  0.007693, -0.021051 
  -0.023668 ,  0.006503, -0.022995 
  -0.027583 ,  0.005442, -0.022553 
  -0.031557 ,  0.004525, -0.019632 
  -0.035584 ,  0.003771, -0.014482 
  -0.039656 ,  0.003193, -0.007655 
  -0.043769 ,  0.002802, 0.000057 
  -0.047915 ,  0.002609, 0.007745 
  -0.052089 ,  0.002619, 0.014499 
  -0.056284 ,  0.002838, 0.019542 
  -0.060494 ,  0.003266, 0.022331 
  -0.064713 ,  0.003901, 0.022631 
  -0.068933 ,  0.004739, 0.020533 
  -0.073148 ,  0.005773, 0.016439 
  -0.077351 ,  0.006991, 0.010989 
  -0.081537 ,  0.008382, 0.004963 
  -0.085698 ,  0.009928, -0.000832 
  -0.089827 ,  0.011611, -0.005677 
  -0.093919 ,  0.013411, -0.009040 
  -0.097965 ,  0.015306, -0.010630 
  -0.101961 ,  0.017269, -0.010428 
  -0.105898 ,  0.019275, -0.008661 
  -0.109772 ,  0.021296, -0.005751 
  -0.113574 ,  0.023304, -0.002233 
  -0.117300 ,  0.025269, 0.001336 
  -0.120942 ,  0.027160, 0.004466 
  -0.124495 ,  0.028950, 0.006801 
  -0.127952 ,  0.030607, 0.008154 
  -0.131307 ,  0.032103, 0.008521 
  -0.134555 ,  0.033410, 0.008050 
  -0.137690 ,  0.034502, 0.006989 
  -0.140706 ,  0.035354, 0.005627 
  -0.143598 ,  0.035943, 0.004224 
  -0.146360 ,  0.036248, 0.002961 
  -0.148988 ,  0.036251, 0.001903 
  -0.151477 ,  0.035937, 0.001004 
  -0.153821 ,  0.035293, 0.000120 
  -0.156016 ,  0.034310, -0.000938 
  -0.158058 ,  0.032981, -0.002351 
  -0.159943 ,  0.031303, -0.004230 
  -0.161666 ,  0.029278, -0.006573 
  -0.163225 ,  0.026909, -0.009241 
  -0.164614 ,  0.024203, -0.011961 
  -0.165832 ,  0.021172, -0.014362 
  -0.166874 ,  0.017829, -0.016032 
  -0.167739 ,  0.014192, -0.016591 
  -0.168424 ,  0.010280, -0.015767 
  -0.168925 ,  0.006118, -0.013457 
  -0.169242 ,  0.001730, -0.009763 
  -0.169372 ,  -0.002855, -0.005000 
  -0.169314 ,  -0.007608, 0.000338 
  -0.169066 ,  -0.012495, 0.005642 
  -0.168627 ,  -0.017485, 0.010274 
  -0.167997 ,  -0.022541, 0.013669 
  -0.167175 ,  -0.027630, 0.015421 
  -0.166161 ,  -0.032714, 0.015353 
  -0.164954 ,  -0.037758, 0.013555 
  -0.163555 ,  -0.042726, 0.010371 
  -0.161965 ,  -0.047582, 0.006357 
  -0.160185 ,  -0.052293, 0.002189 
  -0.158215 ,  -0.056825, -0.001439 
  -0.156057 ,  -0.061146, -0.003930 
  -0.153712 ,  -0.065227, -0.004879 
  -0.151182 ,  -0.069039, -0.004145 
  -0.148470 ,  -0.072558, -0.001879 
  -0.145578 ,  -0.075759, 0.001501 
  -0.142509 ,  -0.078624, 0.005371 
  -0.139265 ,  -0.081133, 0.009003 
  -0.135849 ,  -0.083273, 0.011688 
  -0.132265 ,  -0.085032, 0.012853 
  -0.128518 ,  -0.086401, 0.012161 
  -0.124609 ,  -0.087375, 0.009577 
  -0.120544 ,  -0.087953, 0.005377 
  -0.116327 ,  -0.088133, 0.000117 
  -0.111963 ,  -0.087921, -0.005459 
  -0.107456 ,  -0.087323, -0.010529 
  -0.102811 ,  -0.086347, -0.014332 
  -0.098033 ,  -0.085006, -0.016288 
  -0.093128 ,  -0.083314, -0.016102 
  -0.088101 ,  -0.081286, -0.013814 
  -0.082958 ,  -0.078941, -0.009799 
  -0.077705 ,  -0.076298, -0.004714 
  -0.072348 ,  -0.073379, 0.000609 
  -0.066893 ,  -0.070205, 0.005294 
  -0.061346 ,  -0.066801, 0.008564 
  -0.055713 ,  -0.063189, 0.009872 
  -0.050003 ,  -0.059394, 0.008990 
  -0.044220 ,  -0.055439, 0.006059 
  -0.038372 ,  -0.051349, 0.001565 
  -0.032465 ,  -0.047148, -0.003735 
  -0.026508 ,  -0.042858, -0.008929 
  -0.020506 ,  -0.038501, -0.013103 
  -0.014467 ,  -0.034098, -0.015494 
  -0.008398 ,  -0.029669, -0.015613 
  -0.002306 ,  -0.025234, -0.013340 
  0.003801 ,  -0.020808, -0.008947 
  0.009917 ,  -0.016408, -0.003060 
  0.016033 ,  -0.012047, 0.003429 
  0.022143 ,  -0.007738, 0.009511 
  0.028240 ,  -0.003492, 0.014220 
  0.034315 ,  0.000683, 0.016793 
  0.040363 ,  0.004779, 0.016804 
  0.046375 ,  0.008790, 0.014242 
  0.052344 ,  0.012712, 0.009523 
  0.058264 ,  0.016542, 0.003436 
  0.064127 ,  0.020277, -0.002974 
  0.069927 ,  0.023918, -0.008574 
  0.075656 ,  0.027464, -0.012317 
  0.081308 ,  0.030916, -0.013423 
  0.086875 ,  0.034277, -0.011512 
  0.092353 ,  0.037547, -0.006680 
  0.097733 ,  0.040730, 0.000491 
  0.103010 ,  0.043828, 0.009014 
  0.108178 ,  0.046843, 0.017625 
  0.113230 ,  0.049777, 0.024970 
  0.118162 ,  0.052632, 0.029808 
  0.122966 ,  0.055409, 0.031200 
  0.127638 ,  0.058108, 0.028661 
  0.132172 ,  0.060729, 0.022243 
  0.136563 ,  0.063270, 0.012543 
  0.140807 ,  0.065729, 0.000634 
  0.144898 ,  0.068102, -0.012079 
  0.148832 ,  0.070385, -0.024050 
  0.152605 ,  0.072572, -0.033807 
  0.156212 ,  0.074656, -0.040150 
  0.159650 ,  0.076629, -0.042320 
  0.162916 ,  0.078481, -0.040096 
  0.166005 ,  0.080203, -0.033821 
  0.168914 ,  0.081784, -0.024349 
  0.171642 ,  0.083212, -0.012914 
  0.174184 ,  0.084474, -0.000960 
  0.176539 ,  0.085557, 0.010063 
  0.178705 ,  0.086448, 0.018894 
  0.180679 ,  0.087134, 0.024621 
  0.182460 ,  0.087600, 0.026787 
  0.184047 ,  0.087835, 0.025433 
  0.185439 ,  0.087824, 0.021056 
  0.186634 ,  0.087556, 0.014518 
  0.187632 ,  0.087019, 0.006899 
  0.188434 ,  0.086202, -0.000664 
  0.189038 ,  0.085097, -0.007149 
  0.189445 ,  0.083695, -0.011776 
  0.189655 ,  0.081991, -0.014103 
  0.189670 ,  0.079979, -0.014056 
  0.189490 ,  0.077657, -0.011908 
  0.189117 ,  0.075025, -0.008199 
  0.188552 ,  0.072083, -0.003631 
  0.187797 ,  0.068836, 0.001061 
  0.186853 ,  0.065289, 0.005226 
  0.185724 ,  0.061451, 0.008391 
  0.184411 ,  0.057332, 0.010318 
  0.182917 ,  0.052946, 0.011014 
  0.181246 ,  0.048306, 0.010696 
  0.179401 ,  0.043432, 0.009724 
  0.177384 ,  0.038341, 0.008511 
  0.175200 ,  0.033057, 0.007435 
  0.172853 ,  0.027601, 0.006758 
  0.170346 ,  0.022001, 0.006576 
  0.167684 ,  0.016281, 0.006807 
  0.164871 ,  0.010472, 0.007214 
  0.161912 ,  0.004601, 0.007459 
  0.158811 ,  -0.001301, 0.007177 
  0.155575 ,  -0.007203, 0.006064 
  0.152207 ,  -0.013074, 0.003947 
  0.148713 ,  -0.018881, 0.000829 
  0.145099 ,  -0.024593, -0.003087 
  0.141369 ,  -0.030180, -0.007426 
  0.137531 ,  -0.035610, -0.011690 
  0.133589 ,  -0.040854, -0.015338 
  0.129550 ,  -0.045884, -0.017876 
  0.125419 ,  -0.050671, -0.018939 
  0.121203 ,  -0.055190, -0.018359 
  0.116908 ,  -0.059417, -0.016202 
  0.112540 ,  -0.063330, -0.012756 
  0.108105 ,  -0.066910, -0.008499 
  0.103611 ,  -0.070139, -0.004024 
  0.099063 ,  -0.073002, 0.000054 
  0.094467 ,  -0.075486, 0.003190 
  0.089832 ,  -0.077583, 0.004998 
  0.085162 ,  -0.079285, 0.005306 
  0.080464 ,  -0.080588, 0.004184 
  0.075745 ,  -0.081490, 0.001928 
  0.071012 ,  -0.081994, -0.000988 
  0.066270 ,  -0.082104, -0.003996 
  0.061527 ,  -0.081826, -0.006517 
  0.056789 ,  -0.081171, -0.008061 
  0.052062 ,  -0.080150, -0.008296 
  0.047352 ,  -0.078778, -0.007101 
  0.042666 ,  -0.077072, -0.004574 
  0.038010 ,  -0.075051, -0.001013 
  0.033389 ,  -0.072735, 0.003146 
  0.028810 ,  -0.070146, 0.007399 
  0.024279 ,  -0.067310, 0.011264 
  0.019802 ,  -0.064250, 0.014352 
  0.015383 ,  -0.060993, 0.016431 
  0.011029 ,  -0.057566, 0.017445 
  0.006745 ,  -0.053997, 0.017511 
  0.002536 ,  -0.050312, 0.016878 
  -0.001593 ,  -0.046540, 0.015864 
  -0.005637 ,  -0.042708, 0.014781 
  -0.009591 ,  -0.038844, 0.013863 
  -0.013450 ,  -0.034973, 0.013206 
  -0.017211 ,  -0.031123, 0.012744 
  -0.020869 ,  -0.027316, 0.012251 
  -0.024421 ,  -0.023577, 0.011384 
  -0.027861 ,  -0.019928, 0.009749 
  -0.031187 ,  -0.016388, 0.006986 
  -0.034395 ,  -0.012978, 0.002858 
  -0.037483 ,  -0.009713, -0.002677 
  -0.040446 ,  -0.006609, -0.009420 
  -0.043283 ,  -0.003679, -0.016925 
  -0.045990 ,  -0.000934, -0.024534 
  -0.048566 ,  0.001617, -0.031450 
  -0.051009 ,  0.003967, -0.036843 
  -0.053315 ,  0.006110, -0.039967 
  -0.055485 ,  0.008045, -0.040274 
  -0.057516 ,  0.009769, -0.037512 
  -0.059407 ,  0.011284, -0.031776 
  -0.061158 ,  0.012592, -0.023521 
  -0.062767 ,  0.013698, -0.013516 
  -0.064234 ,  0.014608, -0.002758 
  -0.065559 ,  0.015329, 0.007652 
  -0.066742 ,  0.015870, 0.016653 
  -0.067784 ,  0.016240, 0.023359 
  -0.068684 ,  0.016452, 0.027183 
  -0.069443 ,  0.016516, 0.027905 
  -0.070062 ,  0.016446, 0.025705 
  -0.070543 ,  0.016255, 0.021132 
  -0.070886 ,  0.015955, 0.015022 
  -0.071094 ,  0.015562, 0.008379 
  -0.071168 ,  0.015089, 0.002232 
  -0.071109 ,  0.014549, -0.002510 
  -0.070922 ,  0.013956, -0.005183 
  -0.070606 ,  0.013324, -0.005460 
  -0.070167 ,  0.012665, -0.003389 
  -0.069605 ,  0.011992, 0.000622 
  -0.068924 ,  0.011315, 0.005864 
  -0.068128 ,  0.010647, 0.011442 
  -0.067220 ,  0.009995, 0.016401 
  -0.066202 ,  0.009370, 0.019867 
  -0.065080 ,  0.008778, 0.021172 
  -0.063856 ,  0.008228, 0.019950 
  -0.062535 ,  0.007724, 0.016185 
  -0.061121 ,  0.007271, 0.010216 
  -0.059618 ,  0.006873, 0.002687 
  -0.058031 ,  0.006532, -0.005543 
  -0.056364 ,  0.006250, -0.013512 
  -0.054621 ,  0.006028, -0.020284 
  -0.052808 ,  0.005864, -0.025074 
  -0.050930 ,  0.005757, -0.027339 
  -0.048990 ,  0.005705, -0.026849 
  -0.046995 ,  0.005706, -0.023704 
  -0.044949 ,  0.005755, -0.018315 
  -0.042858 ,  0.005848, -0.011342 
  -0.040726 ,  0.005981, -0.003610 
  -0.038560 ,  0.006149, 0.003998 
  -0.036363 ,  0.006345, 0.010647 
  -0.034143 ,  0.006565, 0.015643 
  -0.031903 ,  0.006803, 0.018506 
  -0.029649 ,  0.007053, 0.019013 
  -0.027387 ,  0.007308, 0.017206 
  -0.025121 ,  0.007565, 0.013374 
  -0.022858 ,  0.007816, 0.008004 
  -0.020603 ,  0.008058, 0.001715 
  -0.018360 ,  0.008286, -0.004814 
  -0.016135 ,  0.008495, -0.010917 
  -0.013934 ,  0.008682, -0.016010 
  -0.011760 ,  0.008843, -0.019638 
  -0.009620 ,  0.008976, -0.021510 
  -0.007518 ,  0.009079, -0.021513 
  -0.005460 ,  0.009151, -0.019707 
  -0.003449 ,  0.009191, -0.016306 
  -0.001491 ,  0.009198, -0.011646 
  0.000410 ,  0.009173, -0.006153 
  0.002250 ,  0.009117, -0.000291 
  0.004023 ,  0.009032, 0.005466 
  0.005726 ,  0.008920, 0.010684 
  0.007355 ,  0.008784, 0.014992 
  0.008906 ,  0.008626, 0.018114 
  0.010375 ,  0.008451, 0.019883 
  0.011758 ,  0.008262, 0.020254 
  0.013052 ,  0.008064, 0.019301 
  0.014254 ,  0.007860, 0.017205 
  0.015361 ,  0.007656, 0.014242 
  0.016369 ,  0.007456, 0.010748 
  0.017276 ,  0.007265, 0.007090 
  0.018079 ,  0.007088, 0.003627 
  0.018776 ,  0.006929, 0.000672 
  0.019365 ,  0.006792, -0.001539 
  0.019844 ,  0.006683, -0.002876 
  0.020211 ,  0.006605, -0.003328 
  0.020464 ,  0.006561, -0.003002 
  0.020602 ,  0.006556, -0.002107 
  0.020624 ,  0.006591, -0.000933 
  0.020529 ,  0.006669, 0.000197 
  0.020316 ,  0.006793, 0.000965 
  0.019985 ,  0.006963, 0.001106 
  0.019535 ,  0.007181, 0.000447 
  0.018967 ,  0.007446, -0.001065 
  0.018280 ,  0.007760, -0.003352 
  0.017475 ,  0.008120, -0.006209 
  0.016552 ,  0.008525, -0.009329 
  0.015512 ,  0.008975, -0.012340 
  0.014356 ,  0.009466, -0.014852 
  0.013086 ,  0.009995, -0.016512 
  0.011702 ,  0.010560, -0.017045 
  0.010207 ,  0.011156, -0.016298 
  0.008602 ,  0.011780, -0.014256 
  0.006889 ,  0.012426, -0.011052 
  0.005071 ,  0.013090, -0.006946 
  0.003149 ,  0.013767, -0.002297 
  0.001127 ,  0.014451, 0.002480 
  -0.000992 ,  0.015137, 0.006965 
  -0.003206 ,  0.015819, 0.010778 
  -0.005512 ,  0.016491, 0.013622 
  -0.007906 ,  0.017148, 0.015307 
  -0.010385 ,  0.017782, 0.015767 
  -0.012945 ,  0.018390, 0.015054 
  -0.015581 ,  0.018964, 0.013323 
  -0.018291 ,  0.019499, 0.010803 
  -0.021070 ,  0.019990, 0.007763 
  -0.023913 ,  0.020431, 0.004482 
  -0.026817 ,  0.020817, 0.001217 
  -0.029776 ,  0.021143, -0.001813 
  -0.032787 ,  0.021405, -0.004446 
  -0.035844 ,  0.021599, -0.006570 
  -0.038942 ,  0.021720, -0.008122 
  -0.042077 ,  0.021766, -0.009077 
  -0.045243 ,  0.021732, -0.009434 
  -0.048435 ,  0.021616, -0.009209 
  -0.051649 ,  0.021415, -0.008427 
  -0.054878 ,  0.021128, -0.007122 
  -0.058118 ,  0.020752, -0.005344 
  -0.061362 ,  0.020286, -0.003161 
  -0.064607 ,  0.019729, -0.000672 
  -0.067845 ,  0.019080, 0.001994 
  -0.071072 ,  0.018340, 0.004676 
  -0.074283 ,  0.017508, 0.007192 
  -0.077471 ,  0.016584, 0.009352 
  -0.080631 ,  0.015570, 0.010982 
  -0.083758 ,  0.014466, 0.011943 
  -0.086846 ,  0.013275, 0.012154 
  -0.089890 ,  0.011997, 0.011606 
  -0.092885 ,  0.010635, 0.010369 
  -0.095824 ,  0.009191, 0.008585 
  -0.098704 ,  0.007669, 0.006450 
  -0.101518 ,  0.006070, 0.004187 
  -0.104261 ,  0.004399, 0.002014 
  -0.106929 ,  0.002659, 0.000107 
  -0.109516 ,  0.000854, -0.001421 
  -0.112017 ,  -0.001012, -0.002548 
  -0.114428 ,  -0.002934, -0.003337 
  -0.116744 ,  -0.004907, -0.003930 
  -0.118960 ,  -0.006927, -0.004518 
  -0.121072 ,  -0.008988, -0.005305 
  -0.123076 ,  -0.011084, -0.006465 
  -0.124967 ,  -0.013209, -0.008101 
  -0.126742 ,  -0.015357, -0.010214 
  -0.128396 ,  -0.017521, -0.012686 
  -0.129926 ,  -0.019695, -0.015285 
  -0.131328 ,  -0.021872, -0.017686 
  -0.132599 ,  -0.024044, -0.019512 
  -0.133736 ,  -0.026204, -0.020388 
  -0.134735 ,  -0.028344, -0.019997 
  -0.135595 ,  -0.030456, -0.018133 
  -0.136311 ,  -0.032532, -0.014744 
  -0.136882 ,  -0.034564, -0.009948 
  -0.137306 ,  -0.036543, -0.004035 
  -0.137580 ,  -0.038461, 0.002564 
  -0.137703 ,  -0.040310, 0.009321 
  -0.137673 ,  -0.042081, 0.015672 
  -0.137488 ,  -0.043766, 0.021088 
  -0.137147 ,  -0.045357, 0.025136 
  -0.136650 ,  -0.046845, 0.027524 
  -0.135996 ,  -0.048223, 0.028139 
  -0.135184 ,  -0.049482, 0.027045 
  -0.134213 ,  -0.050616, 0.024464 
  -0.133084 ,  -0.051617, 0.020744 
  -0.131797 ,  -0.052479, 0.016297 
  -0.130352 ,  -0.053196, 0.011544 
  -0.128750 ,  -0.053762, 0.006863 
  -0.126991 ,  -0.054172, 0.002545 
  -0.125076 ,  -0.054422, -0.001227 
  -0.123008 ,  -0.054508, -0.004382 
  -0.120787 ,  -0.054427, -0.006943 
  -0.118414 ,  -0.054176, -0.008995 
  -0.115893 ,  -0.053755, -0.010646 
  -0.113224 ,  -0.053162, -0.011984 
  -0.110411 ,  -0.052398, -0.013052 
  -0.107455 ,  -0.051464, -0.013828 
  -0.104361 ,  -0.050361, -0.014229 
  -0.101129 ,  -0.049093, -0.014131 
  -0.097765 ,  -0.047663, -0.013402 
  -0.094270 ,  -0.046076, -0.011947 
  -0.090649 ,  -0.044336, -0.009741 
  -0.086905 ,  -0.042450, -0.006866 
  -0.083042 ,  -0.040425, -0.003515 
  -0.079065 ,  -0.038267, 0.000011 
  -0.074977 ,  -0.035987, 0.003340 
  -0.070783 ,  -0.033591, 0.006073 
  -0.066487 ,  -0.031090, 0.007851 
  -0.062094 ,  -0.028494, 0.008411 
  -0.057610 ,  -0.025812, 0.007641 
  -0.053038 ,  -0.023055, 0.005607 
  -0.048385 ,  -0.020234, 0.002563 
  -0.043655 ,  -0.017360, -0.001078 
  -0.038853 ,  -0.014445, -0.004795 
  -0.033986 ,  -0.011498, -0.008035 
  -0.029059 ,  -0.008531, -0.010290 
  -0.024077 ,  -0.005554, -0.011183 
  -0.019046 ,  -0.002579, -0.010527 
  -0.013973 ,  0.000384, -0.008366 
  -0.008862 ,  0.003327, -0.004970 
  -0.003720 ,  0.006239, -0.000806 
  0.001447 ,  0.009113, 0.003536 
  0.006633 ,  0.011939, 0.007426 
  0.011832 ,  0.014710, 0.010299 
  0.017037 ,  0.017419, 0.011745 
  0.022243 ,  0.020061, 0.011582 
  0.027444 ,  0.022630, 0.009891 
  0.032633 ,  0.025121, 0.007011 
  0.037805 ,  0.027531, 0.003494 
  0.042952 ,  0.029855, 0.000019 
  0.048070 ,  0.032092, -0.002714 
  0.053151 ,  0.034240, -0.004098 
  0.058190 ,  0.036298, -0.003729 
  0.063181 ,  0.038264, -0.001482 
  0.068118 ,  0.040140, 0.002456 
  0.072995 ,  0.041926, 0.007589 
  0.077806 ,  0.043621, 0.013176 
  0.082546 ,  0.045229, 0.018331 
  0.087209 ,  0.046750, 0.022150 
  0.091789 ,  0.048186, 0.023844 
  0.096282 ,  0.049539, 0.022868 
  0.100681 ,  0.050811, 0.019008 
  0.104982 ,  0.052003, 0.012430 
  0.109179 ,  0.053117, 0.003676 
  0.113268 ,  0.054155, -0.006400 
  0.117243 ,  0.055118, -0.016737 
  0.121101 ,  0.056007, -0.026201 
  0.124837 ,  0.056822, -0.033742 
  0.128446 ,  0.057563, -0.038521 
  0.131924 ,  0.058229, -0.040030 
  0.135268 ,  0.058820, -0.038145 
  0.138473 ,  0.059334, -0.033144 
  0.141536 ,  0.059768, -0.025656 
  0.144453 ,  0.060119, -0.016569 
  0.147222 ,  0.060385, -0.006905 
  0.149839 ,  0.060561, 0.002315 
  0.152302 ,  0.060642, 0.010210 
  0.154607 ,  0.060623, 0.016143 
  0.156753 ,  0.060500, 0.019784 
  0.158736 ,  0.060265, 0.021130 
  0.160556 ,  0.059913, 0.020478 
  0.162210 ,  0.059437, 0.018343 
  0.163697 ,  0.058831, 0.015368 
  0.165016 ,  0.058089, 0.012203 
  0.166165 ,  0.057203, 0.009406 
  0.167143 ,  0.056168, 0.007358 
  0.167950 ,  0.054977, 0.006222 
  0.168585 ,  0.053626, 0.005933 
  0.169048 ,  0.052108, 0.006237 
  0.169340 ,  0.050420, 0.006755 
  0.169460 ,  0.048558, 0.007070 
  0.169409 ,  0.046520, 0.006811 
  0.169187 ,  0.044304, 0.005734 
  0.168795 ,  0.041909, 0.003766 
  0.168235 ,  0.039335, 0.001026 
  0.167508 ,  0.036586, -0.002200 
  0.166615 ,  0.033663, -0.005506 
  0.165558 ,  0.030572, -0.008441 
  0.164340 ,  0.027318, -0.010593 
  0.162962 ,  0.023908, -0.011657 
  0.161426 ,  0.020352, -0.011496 
  0.159736 ,  0.016659, -0.010164 
  0.157894 ,  0.012841, -0.007896 
  0.155903 ,  0.008911, -0.005065 
  0.153766 ,  0.004883, -0.002122 
  0.151487 ,  0.000772, 0.000492 
  0.149069 ,  -0.003405, 0.002415 
  0.146516 ,  -0.007630, 0.003433 
  0.143832 ,  -0.011886, 0.003510 
  0.141020 ,  -0.016153, 0.002793 
  0.138085 ,  -0.020412, 0.001580 
  0.135032 ,  -0.024641, 0.000260 
  0.131864 ,  -0.028821, -0.000770 
  0.128587 ,  -0.032930, -0.001181 
  0.125205 ,  -0.036949, -0.000784 
  0.121723 ,  -0.040857, 0.000422 
  0.118146 ,  -0.044633, 0.002242 
  0.114479 ,  -0.048259, 0.004309 
  0.110728 ,  -0.051715, 0.006143 
  0.106897 ,  -0.054984, 0.007240 
  0.102992 ,  -0.058049, 0.007161 
  0.099018 ,  -0.060894, 0.005626 
  0.094982 ,  -0.063505, 0.002581 
  0.090888 ,  -0.065869, -0.001774 
  0.086742 ,  -0.067976, -0.006991 
  0.082551 ,  -0.069816, -0.012427 
  0.078319 ,  -0.071382, -0.017334 
  0.074052 ,  -0.072667, -0.020966 
  0.069756 ,  -0.073667, -0.022699 
  0.065438 ,  -0.074382, -0.022130 
  0.061102 ,  -0.074810, -0.019149 
  0.056755 ,  -0.074954, -0.013965 
  0.052402 ,  -0.074817, -0.007091 
  0.048050 ,  -0.074406, 0.000734 
  0.043703 ,  -0.073727, 0.008639 
  0.039368 ,  -0.072790, 0.015754 
  0.035050 ,  -0.071606, 0.021333 
  0.030755 ,  -0.070185, 0.024862 
  0.026488 ,  -0.068543, 0.026129 
  0.022255 ,  -0.066694, 0.025244 
  0.018062 ,  -0.064653, 0.022610 
  0.013913 ,  -0.062436, 0.018846 
  0.009815 ,  -0.060062, 0.014670 
  0.005771 ,  -0.057548, 0.010775 
  0.001787 ,  -0.054911, 0.007704 
  -0.002131 ,  -0.052171, 0.005754 
  -0.005980 ,  -0.049345, 0.004927 
  -0.009755 ,  -0.046452, 0.004929 
  -0.013450 ,  -0.043508, 0.005228 
  -0.017061 ,  -0.040531, 0.005161 
  -0.020585 ,  -0.037538, 0.004059 
  -0.024017 ,  -0.034543, 0.001392 
  -0.027353 ,  -0.031562, -0.003106 
  -0.030590 ,  -0.028608, -0.009360 
  -0.033723 ,  -0.025692, -0.016918 
  -0.036749 ,  -0.022826, -0.024992 
  -0.039664 ,  -0.020020, -0.032551 
  -0.042467 ,  -0.017282, -0.038469 
  -0.045153 ,  -0.014618, -0.041697 
  -0.047720 ,  -0.012035, -0.041436 
  -0.050165 ,  -0.009535, -0.037287 
  -0.052486 ,  -0.007122, -0.029343 
  -0.054681 ,  -0.004796, -0.018216 
  -0.056748 ,  -0.002557, -0.004987 
  -0.058684 ,  -0.000405, 0.008922 
  -0.060489 ,  0.001663, 0.021928 
  -0.062160 ,  0.003652, 0.032499 
  -0.063698 ,  0.005565, 0.039374 
  -0.065100 ,  0.007407, 0.041742 
  -0.066366 ,  0.009185, 0.039370 
  -0.067495 ,  0.010904, 0.032648 
  -0.068487 ,  0.012572, 0.022550 
  -0.069342 ,  0.014196, 0.010501 
  -0.070059 ,  0.015782, -0.001811 
  -0.070640 ,  0.017337, -0.012674 
  -0.071084 ,  0.018869, -0.020589 
  -0.071392 ,  0.020384, -0.024486 
  -0.071565 ,  0.021887, -0.023876 
  -0.071605 ,  0.023384, -0.018924 
  -0.071511 ,  0.024880, -0.010423 
  -0.071286 ,  0.026377, 0.000316 
  -0.070932 ,  0.027880, 0.011653 
  -0.070450 ,  0.029390, 0.021855 
  -0.069842 ,  0.030907, 0.029348 
  -0.069111 ,  0.032432, 0.032942 
  -0.068258 ,  0.033962, 0.032002 
  -0.067287 ,  0.035496, 0.026545 
  -0.066200 ,  0.037030, 0.017231 
  -0.065000 ,  0.038559, 0.005274 
  -0.063689 ,  0.040077, -0.007735 
  -0.062273 ,  0.041578, -0.020052 
  -0.060752 ,  0.043053, -0.030031 
  -0.059132 ,  0.044495, -0.036352 
  -0.057416 ,  0.045894, -0.038206 
  -0.055607 ,  0.047239, -0.035406 
  -0.053710 ,  0.048521, -0.028402 
  -0.051728 ,  0.049728, -0.018213 
  -0.049666 ,  0.050850, -0.006274 
  -0.047528 ,  0.051875, 0.005767 
  -0.045318 ,  0.052791, 0.016288 
  -0.043041 ,  0.053588, 0.023913 
  -0.040701 ,  0.054254, 0.027700 
  -0.038304 ,  0.054779, 0.027261 
  -0.035853 ,  0.055152, 0.022801 
  -0.033353 ,  0.055366, 0.015073 
  -0.030810 ,  0.055410, 0.005260 
  -0.028228 ,  0.055277, -0.005207 
  -0.025613 ,  0.054961, -0.014854 
  -0.022968 ,  0.054456, -0.022368 
  -0.020300 ,  0.053757, -0.026775 
  -0.017613 ,  0.052862, -0.027561 
  -0.014913 ,  0.051768, -0.024726 
  -0.012203 ,  0.050475, -0.018765 
  -0.009491 ,  0.048983, -0.010572 
  -0.006779 ,  0.047294, -0.001305 
  -0.004075 ,  0.045413, 0.007789 
  -0.001382 ,  0.043343, 0.015552 
  0.001295 ,  0.041091, 0.021066 
  0.003949 ,  0.038665, 0.023769 
  0.006578 ,  0.036072, 0.023511 
  0.009174 ,  0.033322, 0.020551 
  0.011735 ,  0.030426, 0.015496 
  0.014254 ,  0.027396, 0.009192 
  0.016728 ,  0.024245, 0.002594 
  0.019152 ,  0.020985, -0.003377 
  0.021521 ,  0.017632, -0.007957 
  0.023830 ,  0.014199, -0.010636 
  0.026076 ,  0.010701, -0.011208 
  0.028254 ,  0.007155, -0.009778 
  0.030360 ,  0.003576, -0.006718 
  0.032391 ,  -0.000021, -0.002598 
  0.034341 ,  -0.003619, 0.001918 
  0.036208 ,  -0.007202, 0.006166 
  0.037988 ,  -0.010756, 0.009581 
  0.039677 ,  -0.014264, 0.011761 
  0.041272 ,  -0.017713, 0.012509 
  0.042769 ,  -0.021087, 0.011835 
  0.044167 ,  -0.024372, 0.009933 
  0.045461 ,  -0.027556, 0.007128 
  0.046650 ,  -0.030625, 0.003814 
  0.047730 ,  -0.033567, 0.000386 
  0.048700 ,  -0.036372, -0.002816 
  0.049556 ,  -0.039029, -0.005547 
  0.050297 ,  -0.041529, -0.007677 
  0.050922 ,  -0.043862, -0.009188 
  0.051428 ,  -0.046020, -0.010150 
  0.051813 ,  -0.047998, -0.010689 
  0.052078 ,  -0.049787, -0.010946 
  0.052219 ,  -0.051384, -0.011037 
  0.052238 ,  -0.052784, -0.011034 
  0.052132 ,  -0.053983, -0.010945 
  0.051901 ,  -0.054977, -0.010719 
  0.051545 ,  -0.055766, -0.010267 
  0.051063 ,  -0.056347, -0.009482 
  0.050457 ,  -0.056720, -0.008277 
  0.049725 ,  -0.056886, -0.006605 
  0.048868 ,  -0.056844, -0.004485 
  0.047887 ,  -0.056597, -0.002008 
  0.046783 ,  -0.056146, 0.000673 
  0.045556 ,  -0.055495, 0.003356 
  0.044208 ,  -0.054646, 0.005822 
  0.042740 ,  -0.053604, 0.007866 
  0.041153 ,  -0.052372, 0.009329 
  0.039450 ,  -0.050957, 0.010119 
  0.037632 ,  -0.049363, 0.010229 
  0.035701 ,  -0.047597, 0.009732 
  0.033659 ,  -0.045666, 0.008771 
  0.031509 ,  -0.043576, 0.007536 
  0.029253 ,  -0.041334, 0.006232 
  0.026894 ,  -0.038951, 0.005053 
  0.024435 ,  -0.036433, 0.004148 
  0.021879 ,  -0.033790, 0.003608 
  0.019229 ,  -0.031032, 0.003454 
  0.016489 ,  -0.028168, 0.003643 
  0.013661 ,  -0.025210, 0.004079 
  0.010750 ,  -0.022168, 0.004632 
  0.007759 ,  -0.019054, 0.005164 
  0.004692 ,  -0.015879, 0.005551 
  0.001553 ,  -0.012655, 0.005697 
  -0.001654 ,  -0.009396, 0.005547 
  -0.004925 ,  -0.006113, 0.005086 
  -0.008255 ,  -0.002820, 0.004332 
  -0.011641 ,  0.000469, 0.003324 
  -0.015076 ,  0.003743, 0.002110 
  -0.018558 ,  0.006986, 0.000726 
  -0.022082 ,  0.010186, -0.000801 
  -0.025642 ,  0.013329, -0.002467 
  -0.029234 ,  0.016402, -0.004276 
  -0.032853 ,  0.019392, -0.006233 
  -0.036494 ,  0.022285, -0.008327 
  -0.040152 ,  0.025070, -0.010516 
  -0.043823 ,  0.027733, -0.012717 
  -0.047501 ,  0.030264, -0.014798 
  -0.051182 ,  0.032651, -0.016586 
  -0.054859 ,  0.034884, -0.017883 
  -0.058530 ,  0.036954, -0.018485 
  -0.062187 ,  0.038852, -0.018217 
  -0.065826 ,  0.040569, -0.016961 
  -0.069443 ,  0.042100, -0.014681 
  -0.073032 ,  0.043437, -0.011441 
  -0.076588 ,  0.044577, -0.007408 
  -0.080106 ,  0.045516, -0.002847 
  -0.083582 ,  0.046251, 0.001911 
  -0.087010 ,  0.046781, 0.006501 
  -0.090386 ,  0.047106, 0.010566 
  -0.093705 ,  0.047227, 0.013804 
  -0.096963 ,  0.047146, 0.016004 
  -0.100153 ,  0.046867, 0.017073 
  -0.103273 ,  0.046393, 0.017045 
  -0.106318 ,  0.045732, 0.016079 
  -0.109283 ,  0.044890, 0.014429 
  -0.112164 ,  0.043873, 0.012410 
  -0.114957 ,  0.042692, 0.010351 
  -0.117658 ,  0.041355, 0.008546 
  -0.120263 ,  0.039873, 0.007210 
  -0.122768 ,  0.038256, 0.006454 
  -0.125170 ,  0.036516, 0.006264 
  -0.127464 ,  0.034665, 0.006511 
  -0.129648 ,  0.032714, 0.006969 
  -0.131717 ,  0.030677, 0.007358 
  -0.133670 ,  0.028565, 0.007384 
  -0.135503 ,  0.026391, 0.006792 
  -0.137213 ,  0.024167, 0.005405 
  -0.138797 ,  0.021905, 0.003160 
  -0.140253 ,  0.019617, 0.000121 
  -0.141579 ,  0.017314, -0.003528 
  -0.142772 ,  0.015006, -0.007497 
  -0.143830 ,  0.012704, -0.011434 
  -0.144751 ,  0.010417, -0.014968 
  -0.145534 ,  0.008154, -0.017754 
  -0.146177 ,  0.005921, -0.019525 
  -0.146678 ,  0.003726, -0.020120 
  -0.147037 ,  0.001575, -0.019503 
  -0.147252 ,  -0.000527, -0.017766 
  -0.147323 ,  -0.002576, -0.015114 
  -0.147249 ,  -0.004569, -0.011831 
  -0.147030 ,  -0.006504, -0.008245 
  -0.146664 ,  -0.008378, -0.004679 
  -0.146152 ,  -0.010192, -0.001418 
  -0.145495 ,  -0.011945, 0.001332 
  -0.144692 ,  -0.013638, 0.003455 
  -0.143743 ,  -0.015272, 0.004935 
  -0.142650 ,  -0.016849, 0.005845 
  -0.141413 ,  -0.018371, 0.006322 
  -0.140033 ,  -0.019841, 0.006542 
  -0.138512 ,  -0.021261, 0.006680 
  -0.136850 ,  -0.022635, 0.006885 
  -0.135049 ,  -0.023964, 0.007248 
  -0.133110 ,  -0.025253, 0.007796 
  -0.131036 ,  -0.026502, 0.008484 
  -0.128829 ,  -0.027715, 0.009206 
  -0.126490 ,  -0.028894, 0.009817 
  -0.124022 ,  -0.030039, 0.010154 
  -0.121428 ,  -0.031153, 0.010070 
  -0.118709 ,  -0.032234, 0.009459 
  -0.115870 ,  -0.033283, 0.008271 
  -0.112911 ,  -0.034298, 0.006529 
  -0.109838 ,  -0.035278, 0.004329 
  -0.106652 ,  -0.036221, 0.001825 
  -0.103358 ,  -0.037123, -0.000782 
  -0.099958 ,  -0.037979, -0.003274 
  -0.096457 ,  -0.038786, -0.005439 
  -0.092857 ,  -0.039539, -0.007100 
  -0.089163 ,  -0.040230, -0.008131 
  -0.085379 ,  -0.040854, -0.008475 
  -0.081508 ,  -0.041403, -0.008148 
  -0.077555 ,  -0.041871, -0.007233 
  -0.073524 ,  -0.042249, -0.005873 
  -0.069418 ,  -0.042529, -0.004248 
  -0.065244 ,  -0.042704, -0.002557 
  -0.061004 ,  -0.042766, -0.000995 
  -0.056704 ,  -0.042706, 0.000269 
  -0.052348 ,  -0.042518, 0.001110 
  -0.047941 ,  -0.042193, 0.001456 
  -0.043487 ,  -0.041725, 0.001296 
  -0.038991 ,  -0.041108, 0.000680 
  -0.034458 ,  -0.040337, -0.000291 
  -0.029893 ,  -0.039406, -0.001475 
  -0.025300 ,  -0.038312, -0.002707 
  -0.020685 ,  -0.037053, -0.003810 
  -0.016052 ,  -0.035626, -0.004623 
  -0.011406 ,  -0.034031, -0.005010 
  -0.006751 ,  -0.032268, -0.004879 
  -0.002094 ,  -0.030340, -0.004191 
  0.002561 ,  -0.028249, -0.002968 
  0.007210 ,  -0.025999, -0.001290 
  0.011848 ,  -0.023597, 0.000708 
  0.016469 ,  -0.021048, 0.002847 
  0.021069 ,  -0.018360, 0.004919 
  0.025644 ,  -0.015544, 0.006711 
  0.030188 ,  -0.012607, 0.008025 
  0.034698 ,  -0.009562, 0.008701 
  0.039167 ,  -0.006421, 0.008635 
  0.043593 ,  -0.003196, 0.007798 
  0.047969 ,  0.000099, 0.006245 
  0.052293 ,  0.003451, 0.004112 
  0.056560 ,  0.006844, 0.001608 
  0.060765 ,  0.010264, -0.001001 
  0.064905 ,  0.013695, -0.003424 
  0.068974 ,  0.017124, -0.005371 
  0.072971 ,  0.020533, -0.006592 
  0.076889 ,  0.023908, -0.006907 
  0.080727 ,  0.027235, -0.006236 
  0.084479 ,  0.030499, -0.004609 
  0.088144 ,  0.033685, -0.002180 
  0.091716 ,  0.036781, 0.000789 
  0.095194 ,  0.039774, 0.003951 
  0.098573 ,  0.042651, 0.006906 
  0.101851 ,  0.045401, 0.009249 
  0.105025 ,  0.048014, 0.010614 
  0.108092 ,  0.050481, 0.010726 
  0.111049 ,  0.052792, 0.009433 
  0.113894 ,  0.054940, 0.006737 
  0.116625 ,  0.056918, 0.002801 
  0.119239 ,  0.058720, -0.002057 
  0.121735 ,  0.060342, -0.007393 
  0.124110 ,  0.061779, -0.012677 
  0.126363 ,  0.063028, -0.017351 
  0.128491 ,  0.064086, -0.020887 
  0.130494 ,  0.064952, -0.022843 
  0.132371 ,  0.065625, -0.022921 
  0.134119 ,  0.066104, -0.020997 
  0.135739 ,  0.066389, -0.017147 
  0.137228 ,  0.066480, -0.011637 
  0.138587 ,  0.066379, -0.004905 
  0.139815 ,  0.066087, 0.002484 
  0.140912 ,  0.065604, 0.009893 
  0.141876 ,  0.064933, 0.016678 
  0.142709 ,  0.064075, 0.022254 
  0.143411 ,  0.063032, 0.026153 
  0.143980 ,  0.061807, 0.028070 
  0.144418 ,  0.060400, 0.027893 
  0.144726 ,  0.058813, 0.025706 
  0.144904 ,  0.057049, 0.021777 
  0.144952 ,  0.055110, 0.016525 
  0.144872 ,  0.052996, 0.010469 
  0.144664 ,  0.050711, 0.004171 
  0.144331 ,  0.048255, -0.001824 
  0.143873 ,  0.045632, -0.007044 
  0.143291 ,  0.042843, -0.011137 
  0.142588 ,  0.039890, -0.013897 
  0.141765 ,  0.036778, -0.015276 
  0.140824 ,  0.033508, -0.015376 
  0.139767 ,  0.030086, -0.014426 
  0.138596 ,  0.026514, -0.012737 
  0.137313 ,  0.022799, -0.010661 
  0.135921 ,  0.018945, -0.008538 
  0.134422 ,  0.014961, -0.006659 
  0.132818 ,  0.010853, -0.005224 
  0.131113 ,  0.006629, -0.004330 
  0.129308 ,  0.002301, -0.003960 
  0.127407 ,  -0.002121, -0.004004 
  0.125413 ,  -0.006626, -0.004275 
  0.123328 ,  -0.011199, -0.004552 
  0.121156 ,  -0.015825, -0.004613 
  0.118900 ,  -0.020490, -0.004279 
  0.116562 ,  -0.025175, -0.003439 
  0.114147 ,  -0.029862, -0.002069 
  0.111658 ,  -0.034532, -0.000241 
  0.109097 ,  -0.039163, 0.001890 
  0.106469 ,  -0.043734, 0.004109 
  0.103777 ,  -0.048223, 0.006171 
  0.101024 ,  -0.052605, 0.007842 
  0.098214 ,  -0.056858, 0.008932 
  0.095351 ,  -0.060956, 0.009328 
  0.092438 ,  -0.064874, 0.009009 
  0.089479 ,  -0.068589, 0.008054 
  0.086477 ,  -0.072076, 0.006631 
  0.083436 ,  -0.075310, 0.004971 
  0.080361 ,  -0.078268, 0.003338 
  0.077253 ,  -0.080927, 0.001984 
  0.074118 ,  -0.083265, 0.001115 
  0.070959 ,  -0.085264, 0.000853 
  0.067779 ,  -0.086903, 0.001222 
  0.064582 ,  -0.088166, 0.002134 
  0.061372 ,  -0.089039, 0.003406 
  0.058153 ,  -0.089509, 0.004780 
  0.054927 ,  -0.089565, 0.005962 
  0.051699 ,  -0.089201, 0.006667 
  0.048472 ,  -0.088412, 0.006659 
  0.045249 ,  -0.087195, 0.005791 
  0.042034 ,  -0.085553, 0.004027 
  0.038831 ,  -0.083490, 0.001456 
  0.035642 ,  -0.081013, -0.001721 
  0.032470 ,  -0.078132, -0.005210 
  0.029320 ,  -0.074863, -0.008666 
  0.026194 ,  -0.071221, -0.011736 
  0.023095 ,  -0.067227, -0.014105 
  0.020027 ,  -0.062903, -0.015536 
  0.016992 ,  -0.058276, -0.015898 
  0.013992 ,  -0.053373, -0.015182 
  0.011032 ,  -0.048226, -0.013495 
  0.008113 ,  -0.042867, -0.011037 
  0.005238 ,  -0.037331, -0.008074 
  0.002409 ,  -0.031654, -0.004891 
  -0.000370 ,  -0.025874, -0.001757 
  -0.003098 ,  -0.020030, 0.001115 
  -0.005772 ,  -0.014161, 0.003586 
  -0.008391 ,  -0.008307, 0.005606 
  -0.010951 ,  -0.002507, 0.007200 
  -0.013452 ,  0.003199, 0.008448 
  -0.015891 ,  0.008774, 0.009457 
  -0.018267 ,  0.014179, 0.010318 
  -0.020577 ,  0.019378, 0.011082 
  -0.022821 ,  0.024339, 0.011731 
  -0.024997 ,  0.029029, 0.012174 
  -0.027103 ,  0.033418, 0.012256 
  -0.029139 ,  0.037480, 0.011783 
  -0.031102 ,  0.041191, 0.010562 
  -0.032993 ,  0.044530, 0.008448 
  -0.034810 ,  0.047481, 0.005383 
  -0.036552 ,  0.050030, 0.001438 
  -0.038219 ,  0.052166, -0.003175 
  -0.039810 ,  0.053884, -0.008104 
  -0.041324 ,  0.055181, -0.012891 
  -0.042762 ,  0.056059, -0.017015 
  -0.044122 ,  0.056522, -0.019964 
  -0.045405 ,  0.056579, -0.021305 
  -0.046611 ,  0.056243, -0.020751 
  -0.047739 ,  0.055529, -0.018220 
  -0.048789 ,  0.054457, -0.013860 
  -0.049763 ,  0.053048, -0.008047 
  -0.050659 ,  0.051328, -0.001357 
  -0.051479 ,  0.049323, 0.005505 
  -0.052223 ,  0.047063, 0.011786 
  -0.052892 ,  0.044580, 0.016784 
  -0.053486 ,  0.041905, 0.019947 
  -0.054005 ,  0.039074, 0.020944 
  -0.054452 ,  0.036121, 0.019723 
  -0.054826 ,  0.033080, 0.016520 
  -0.055129 ,  0.029988, 0.011835 
  -0.055362 ,  0.026879, 0.006365 
  -0.055525 ,  0.023788, 0.000910 
  -0.055621 ,  0.020747, -0.003738 
  -0.055650 ,  0.017788, -0.006910 
  -0.055614 ,  0.014942, -0.008162 
  -0.055514 ,  0.012236, -0.007341 
  -0.055352 ,  0.009696, -0.004614 
  -0.055129 ,  0.007345, -0.000457 
  -0.054847 ,  0.005204, 0.004410 
  -0.054507 ,  0.003290, 0.009121 
  -0.054112 ,  0.001618, 0.012787 
  -0.053662 ,  0.000198, 0.014624 
  -0.053160 ,  -0.000959, 0.014072 
  -0.052608 ,  -0.001852, 0.010887 
  -0.052007 ,  -0.002476, 0.005189 
  -0.051359 ,  -0.002835, -0.002539 
  -0.050667 ,  -0.002933, -0.011502 
  -0.049931 ,  -0.002778, -0.020687 
  -0.049155 ,  -0.002381, -0.028989 
  -0.048340 ,  -0.001755, -0.035358 
  -0.047488 ,  -0.000916, -0.038928 
  -0.046602 ,  0.000117, -0.039139 
  -0.045682 ,  0.001324, -0.035808 
  -0.044732 ,  0.002683, -0.029160 
  -0.043754 ,  0.004171, -0.019798 
