   12m__16m 
  0.033732 ,  -0.005437, 0.028443 
  0.034378 ,  -0.005003, 0.037105 
  0.034996 ,  -0.004646, 0.042590 
  0.035586 ,  -0.004372, 0.044334 
  0.036144 ,  -0.004185, 0.042205 
  0.036669 ,  -0.004090, 0.036526 
  0.037160 ,  -0.004088, 0.028031 
  0.037615 ,  -0.004181, 0.017770 
  0.038031 ,  -0.004369, 0.006968 
  0.038408 ,  -0.004650, -0.003134 
  0.038743 ,  -0.005021, -0.011442 
  0.039036 ,  -0.005480, -0.017146 
  0.039283 ,  -0.006019, -0.019816 
  0.039484 ,  -0.006634, -0.019447 
  0.039636 ,  -0.007315, -0.016437 
  0.039739 ,  -0.008054, -0.011516 
  0.039791 ,  -0.008842, -0.005628 
  0.039791 ,  -0.009667, 0.000212 
  0.039736 ,  -0.010519, 0.005067 
  0.039626 ,  -0.011385, 0.008209 
  0.039460 ,  -0.012253, 0.009213 
  0.039235 ,  -0.013109, 0.008003 
  0.038952 ,  -0.013942, 0.004847 
  0.038608 ,  -0.014737, 0.000299 
  0.038202 ,  -0.015481, -0.004900 
  0.037735 ,  -0.016163, -0.009945 
  0.037204 ,  -0.016769, -0.014092 
  0.036608 ,  -0.017289, -0.016767 
  0.035948 ,  -0.017710, -0.017651 
  0.035222 ,  -0.018025, -0.016715 
  0.034429 ,  -0.018223, -0.014211 
  0.033570 ,  -0.018297, -0.010618 
  0.032643 ,  -0.018240, -0.006558 
  0.031648 ,  -0.018049, -0.002687 
  0.030584 ,  -0.017718, 0.000409 
  0.029453 ,  -0.017247, 0.002307 
  0.028252 ,  -0.016635, 0.002811 
  0.026983 ,  -0.015884, 0.001974 
  0.025646 ,  -0.014996, 0.000081 
  0.024239 ,  -0.013976, -0.002402 
  0.022765 ,  -0.012830, -0.004911 
  0.021222 ,  -0.011567, -0.006877 
  0.019612 ,  -0.010195, -0.007815 
  0.017935 ,  -0.008725, -0.007405 
  0.016191 ,  -0.007170, -0.005535 
  0.014381 ,  -0.005543, -0.002317 
  0.012507 ,  -0.003858, 0.001935 
  0.010568 ,  -0.002130, 0.006760 
  0.008566 ,  -0.000376, 0.011619 
  0.006503 ,  0.001389, 0.015976 
  0.004378 ,  0.003147, 0.019379 
  0.002194 ,  0.004882, 0.021516 
  -0.000049 ,  0.006576, 0.022250 
  -0.002347 ,  0.008213, 0.021623 
  -0.004701 ,  0.009777, 0.019837 
  -0.007109 ,  0.011251, 0.017205 
  -0.009568 ,  0.012622, 0.014092 
  -0.012076 ,  0.013876, 0.010852 
  -0.014633 ,  0.014999, 0.007777 
  -0.017235 ,  0.015982, 0.005053 
  -0.019881 ,  0.016815, 0.002752 
  -0.022567 ,  0.017490, 0.000829 
  -0.025293 ,  0.018001, -0.000842 
  -0.028056 ,  0.018345, -0.002429 
  -0.030852 ,  0.018518, -0.004099 
  -0.033680 ,  0.018522, -0.005972 
  -0.036537 ,  0.018358, -0.008089 
  -0.039420 ,  0.018032, -0.010402 
  -0.042326 ,  0.017548, -0.012777 
  -0.045253 ,  0.016916, -0.015020 
  -0.048197 ,  0.016146, -0.016909 
  -0.051156 ,  0.015250, -0.018242 
  -0.054126 ,  0.014242, -0.018869 
  -0.057105 ,  0.013137, -0.018726 
  -0.060088 ,  0.011954, -0.017842 
  -0.063074 ,  0.010709, -0.016338 
  -0.066058 ,  0.009423, -0.014399 
  -0.069037 ,  0.008116, -0.012244 
  -0.072008 ,  0.006808, -0.010078 
  -0.074968 ,  0.005520, -0.008059 
  -0.077913 ,  0.004274, -0.006269 
  -0.080840 ,  0.003091, -0.004697 
  -0.083744 ,  0.001991, -0.003251 
  -0.086624 ,  0.000995, -0.001776 
  -0.089474 ,  0.000121, -0.000101 
  -0.092292 ,  -0.000612, 0.001924 
  -0.095075 ,  -0.001189, 0.004381 
  -0.097817 ,  -0.001595, 0.007254 
  -0.100517 ,  -0.001816, 0.010411 
  -0.103170 ,  -0.001842, 0.013616 
  -0.105773 ,  -0.001665, 0.016556 
  -0.108322 ,  -0.001278, 0.018888 
  -0.110815 ,  -0.000678, 0.020297 
  -0.113247 ,  0.000137, 0.020556 
  -0.115614 ,  0.001164, 0.019569 
  -0.117915 ,  0.002399, 0.017406 
  -0.120145 ,  0.003836, 0.014303 
  -0.122300 ,  0.005464, 0.010635 
  -0.124379 ,  0.007270, 0.006872 
  -0.126376 ,  0.009240, 0.003505 
  -0.128290 ,  0.011356, 0.000971 
  -0.130118 ,  0.013598, -0.000421 
  -0.131855 ,  0.015945, -0.000543 
  -0.133500 ,  0.018372, 0.000522 
  -0.135049 ,  0.020855, 0.002483 
  -0.136499 ,  0.023365, 0.004877 
  -0.137848 ,  0.025876, 0.007138 
  -0.139094 ,  0.028357, 0.008682 
  -0.140232 ,  0.030780, 0.009000 
  -0.141262 ,  0.033114, 0.007740 
  -0.142181 ,  0.035331, 0.004777 
  -0.142987 ,  0.037400, 0.000236 
  -0.143676 ,  0.039292, -0.005510 
  -0.144248 ,  0.040981, -0.011887 
  -0.144701 ,  0.042440, -0.018196 
  -0.145032 ,  0.043645, -0.023712 
  -0.145240 ,  0.044572, -0.027787 
  -0.145324 ,  0.045201, -0.029944 
  -0.145281 ,  0.045514, -0.029948 
  -0.145112 ,  0.045496, -0.027836 
  -0.144813 ,  0.045134, -0.023917 
  -0.144385 ,  0.044418, -0.018717 
  -0.143827 ,  0.043344, -0.012904 
  -0.143138 ,  0.041906, -0.007187 
  -0.142317 ,  0.040107, -0.002208 
  -0.141364 ,  0.037948, 0.001552 
  -0.140278 ,  0.035439, 0.003841 
  -0.139059 ,  0.032588, 0.004667 
  -0.137708 ,  0.029410, 0.004290 
  -0.136224 ,  0.025922, 0.003171 
  -0.134608 ,  0.022143, 0.001894 
  -0.132860 ,  0.018096, 0.001058 
  -0.130980 ,  0.013807, 0.001184 
  -0.128970 ,  0.009303, 0.002615 
  -0.126830 ,  0.004615, 0.005460 
  -0.124562 ,  -0.000226, 0.009568 
  -0.122166 ,  -0.005186, 0.014544 
  -0.119643 ,  -0.010231, 0.019805 
  -0.116997 ,  -0.015324, 0.024663 
  -0.114227 ,  -0.020430, 0.028433 
  -0.111335 ,  -0.025512, 0.030532 
  -0.108325 ,  -0.030533, 0.030566 
  -0.105197 ,  -0.035458, 0.028396 
  -0.101955 ,  -0.040250, 0.024154 
  -0.098599 ,  -0.044877, 0.018227 
  -0.095134 ,  -0.049305, 0.011202 
  -0.091561 ,  -0.053503, 0.003786 
  -0.087884 ,  -0.057441, -0.003298 
  -0.084105 ,  -0.061093, -0.009404 
  -0.080227 ,  -0.064435, -0.014050 
  -0.076254 ,  -0.067444, -0.016969 
  -0.072189 ,  -0.070101, -0.018136 
  -0.068035 ,  -0.072391, -0.017750 
  -0.063796 ,  -0.074299, -0.016188 
  -0.059475 ,  -0.075817, -0.013932 
  -0.055077 ,  -0.076937, -0.011489 
  -0.050605 ,  -0.077656, -0.009307 
  -0.046063 ,  -0.077973, -0.007714 
  -0.041456 ,  -0.077890, -0.006872 
  -0.036787 ,  -0.077414, -0.006770 
  -0.032060 ,  -0.076553, -0.007242 
  -0.027282 ,  -0.075317, -0.008009 
  -0.022454 ,  -0.073721, -0.008745 
  -0.017583 ,  -0.071781, -0.009141 
  -0.012673 ,  -0.069514, -0.008964 
  -0.007728 ,  -0.066941, -0.008102 
  -0.002753 ,  -0.064083, -0.006585 
  0.002247 ,  -0.060964, -0.004573 
  0.007267 ,  -0.057607, -0.002329 
  0.012302 ,  -0.054038, -0.000169 
  0.017348 ,  -0.050281, 0.001601 
  0.022400 ,  -0.046364, 0.002741 
  0.027452 ,  -0.042312, 0.003118 
  0.032499 ,  -0.038151, 0.002741 
  0.037538 ,  -0.033905, 0.001752 
  0.042561 ,  -0.029601, 0.000411 
  0.047565 ,  -0.025260, -0.000951 
  0.052545 ,  -0.020907, -0.001987 
  0.057495 ,  -0.016563, -0.002396 
  0.062411 ,  -0.012247, -0.001971 
  0.067287 ,  -0.007979, -0.000637 
  0.072119 ,  -0.003775, 0.001535 
  0.076901 ,  0.000349, 0.004340 
  0.081630 ,  0.004379, 0.007469 
  0.086299 ,  0.008304, 0.010562 
  0.090905 ,  0.012112, 0.013262 
  0.095442 ,  0.015795, 0.015273 
  0.099906 ,  0.019346, 0.016401 
  0.104293 ,  0.022759, 0.016579 
  0.108597 ,  0.026030, 0.015873 
  0.112815 ,  0.029155, 0.014456 
  0.116942 ,  0.032134, 0.012576 
  0.120974 ,  0.034964, 0.010498 
  0.124906 ,  0.037647, 0.008461 
  0.128736 ,  0.040183, 0.006624 
  0.132458 ,  0.042573, 0.005045 
  0.136069 ,  0.044818, 0.003670 
  0.139565 ,  0.046921, 0.002351 
  0.142943 ,  0.048884, 0.000879 
  0.146199 ,  0.050708, -0.000963 
  0.149330 ,  0.052395, -0.003344 
  0.152333 ,  0.053947, -0.006341 
  0.155205 ,  0.055363, -0.009896 
  0.157942 ,  0.056645, -0.013808 
  0.160543 ,  0.057792, -0.017743 
  0.163004 ,  0.058803, -0.021274 
  0.165323 ,  0.059676, -0.023938 
  0.167498 ,  0.060409, -0.025303 
  0.169527 ,  0.060998, -0.025045 
  0.171408 ,  0.061440, -0.023002 
  0.173138 ,  0.061731, -0.019213 
  0.174718 ,  0.061864, -0.013934 
  0.176144 ,  0.061834, -0.007615 
  0.177416 ,  0.061636, -0.000851 
  0.178532 ,  0.061264, 0.005688 
  0.179492 ,  0.060710, 0.011342 
  0.180296 ,  0.059969, 0.015547 
  0.180942 ,  0.059035, 0.017904 
  0.181430 ,  0.057902, 0.018233 
  0.181760 ,  0.056564, 0.016597 
  0.181932 ,  0.055019, 0.013285 
  0.181946 ,  0.053261, 0.008774 
  0.181803 ,  0.051289, 0.003664 
  0.181502 ,  0.049101, -0.001405 
  0.181046 ,  0.046697, -0.005831 
  0.180435 ,  0.044080, -0.009128 
  0.179669 ,  0.041252, -0.010976 
  0.178750 ,  0.038218, -0.011251 
  0.177681 ,  0.034986, -0.010024 
  0.176461 ,  0.031564, -0.007530 
  0.175093 ,  0.027962, -0.004126 
  0.173580 ,  0.024193, -0.000226 
  0.171923 ,  0.020271, 0.003761 
  0.170124 ,  0.016214, 0.007484 
  0.168186 ,  0.012038, 0.010687 
  0.166111 ,  0.007764, 0.013230 
  0.163904 ,  0.003414, 0.015081 
  0.161565 ,  -0.000991, 0.016294 
  0.159099 ,  -0.005424, 0.016973 
  0.156508 ,  -0.009862, 0.017227 
  0.153797 ,  -0.014278, 0.017135 
  0.150968 ,  -0.018645, 0.016720 
  0.148026 ,  -0.022935, 0.015933 
  0.144973 ,  -0.027122, 0.014666 
  0.141815 ,  -0.031176, 0.012773 
  0.138554 ,  -0.035072, 0.010113 
  0.135196 ,  -0.038783, 0.006584 
  0.131744 ,  -0.042283, 0.002172 
  0.128203 ,  -0.045547, -0.003028 
  0.124576 ,  -0.048552, -0.008794 
  0.120870 ,  -0.051278, -0.014791 
  0.117088 ,  -0.053704, -0.020598 
  0.113235 ,  -0.055812, -0.025753 
  0.109315 ,  -0.057588, -0.029808 
  0.105334 ,  -0.059019, -0.032388 
  0.101297 ,  -0.060095, -0.033239 
  0.097209 ,  -0.060809, -0.032262 
  0.093073 ,  -0.061157, -0.029528 
  0.088897 ,  -0.061136, -0.025267 
  0.084684 ,  -0.060749, -0.019839 
  0.080439 ,  -0.060001, -0.013686 
  0.076169 ,  -0.058898, -0.007274 
  0.071877 ,  -0.057452, -0.001037 
  0.067570 ,  -0.055675, 0.004670 
  0.063252 ,  -0.053584, 0.009603 
  0.058928 ,  -0.051198, 0.013644 
  0.054604 ,  -0.048537, 0.016791 
  0.050284 ,  -0.045625, 0.019128 
  0.045974 ,  -0.042486, 0.020787 
  0.041679 ,  -0.039149, 0.021906 
  0.037404 ,  -0.035640, 0.022582 
  0.033153 ,  -0.031990, 0.022848 
  0.028932 ,  -0.028230, 0.022657 
  0.024746 ,  -0.024389, 0.021894 
  0.020598 ,  -0.020500, 0.020405 
  0.016495 ,  -0.016594, 0.018037 
  0.012440 ,  -0.012702, 0.014687 
  0.008439 ,  -0.008854, 0.010351 
  0.004495 ,  -0.005079, 0.005153 
  0.000613 ,  -0.001407, -0.000635 
  -0.003203 ,  0.002137, -0.006605 
  -0.006948 ,  0.005527, -0.012253 
  -0.010619 ,  0.008739, -0.017027 
  -0.014212 ,  0.011754, -0.020408 
  -0.017723 ,  0.014552, -0.021980 
  -0.021147 ,  0.017117, -0.021499 
  -0.024483 ,  0.019435, -0.018944 
  -0.027726 ,  0.021495, -0.014539 
  -0.030873 ,  0.023289, -0.008741 
  -0.033921 ,  0.024812, -0.002196 
  -0.036867 ,  0.026060, 0.004334 
  -0.039708 ,  0.027034, 0.010066 
  -0.042442 ,  0.027737, 0.014291 
  -0.045066 ,  0.028173, 0.016477 
  -0.047578 ,  0.028351, 0.016336 
  -0.049975 ,  0.028281, 0.013871 
  -0.052257 ,  0.027975, 0.009383 
  -0.054420 ,  0.027447, 0.003432 
  -0.056463 ,  0.026713, -0.003228 
  -0.058385 ,  0.025792, -0.009747 
  -0.060185 ,  0.024702, -0.015291 
  -0.061861 ,  0.023464, -0.019154 
  -0.063413 ,  0.022098, -0.020847 
  -0.064839 ,  0.020626, -0.020163 
  -0.066140 ,  0.019071, -0.017210 
  -0.067315 ,  0.017453, -0.012387 
  -0.068364 ,  0.015796, -0.006331 
  -0.069286 ,  0.014121, 0.000166 
  -0.070082 ,  0.012448, 0.006273 
  -0.070753 ,  0.010798, 0.011227 
  -0.071298 ,  0.009190, 0.014439 
  -0.071719 ,  0.007641, 0.015570 
  -0.072017 ,  0.006169, 0.014577 
  -0.072192 ,  0.004787, 0.011711 
  -0.072246 ,  0.003510, 0.007482 
  -0.072180 ,  0.002348, 0.002580 
  -0.071997 ,  0.001312, -0.002218 
  -0.071697 ,  0.000409, -0.006165 
  -0.071282 ,  -0.000356, -0.008645 
  -0.070756 ,  -0.000977, -0.009261 
  -0.070119 ,  -0.001455, -0.007888 
  -0.069375 ,  -0.001787, -0.004695 
  -0.068526 ,  -0.001978, -0.000118 
  -0.067575 ,  -0.002029, 0.005198 
  -0.066524 ,  -0.001946, 0.010489 
  -0.065377 ,  -0.001737, 0.014976 
  -0.064137 ,  -0.001409, 0.017973 
  -0.062807 ,  -0.000972, 0.018979 
  -0.061390 ,  -0.000437, 0.017746 
  -0.059890 ,  0.000185, 0.014317 
  -0.058311 ,  0.000880, 0.009017 
  -0.056656 ,  0.001635, 0.002417 
  -0.054930 ,  0.002438, -0.004743 
  -0.053135 ,  0.003273, -0.011648 
  -0.051277 ,  0.004126, -0.017508 
  -0.049358 ,  0.004984, -0.021662 
  -0.047385 ,  0.005831, -0.023650 
  -0.045360 ,  0.006655, -0.023275 
  -0.043288 ,  0.007442, -0.020615 
  -0.041174 ,  0.008179, -0.016011 
  -0.039022 ,  0.008855, -0.010018 
  -0.036836 ,  0.009458, -0.003330 
  -0.034621 ,  0.009977, 0.003306 
  -0.032382 ,  0.010405, 0.009183 
  -0.030123 ,  0.010732, 0.013712 
  -0.027849 ,  0.010952, 0.016493 
  -0.025564 ,  0.011058, 0.017344 
  -0.023274 ,  0.011047, 0.016316 
  -0.020982 ,  0.010916, 0.013668 
  -0.018694 ,  0.010661, 0.009826 
  -0.016413 ,  0.010282, 0.005315 
  -0.014146 ,  0.009780, 0.000694 
  -0.011895 ,  0.009156, -0.003518 
  -0.009667 ,  0.008412, -0.006896 
  -0.007464 ,  0.007553, -0.009155 
  -0.005292 ,  0.006584, -0.010168 
  -0.003156 ,  0.005509, -0.009967 
  -0.001058 ,  0.004336, -0.008718 
  0.000995 ,  0.003073, -0.006690 
  0.003001 ,  0.001726, -0.004202 
  0.004954 ,  0.000307, -0.001583 
  0.006852 ,  -0.001177, 0.000870 
  0.008690 ,  -0.002715, 0.002930 
  0.010463 ,  -0.004296, 0.004452 
  0.012170 ,  -0.005910, 0.005378 
  0.013805 ,  -0.007546, 0.005729 
  0.015365 ,  -0.009192, 0.005584 
  0.016848 ,  -0.010838, 0.005058 
  0.018249 ,  -0.012471, 0.004272 
  0.019566 ,  -0.014081, 0.003337 
  0.020795 ,  -0.015656, 0.002337 
  0.021934 ,  -0.017185, 0.001328 
  0.022980 ,  -0.018658, 0.000334 
  0.023931 ,  -0.020063, -0.000634 
  0.024783 ,  -0.021391, -0.001574 
  0.025536 ,  -0.022632, -0.002469 
  0.026186 ,  -0.023777, -0.003287 
  0.026732 ,  -0.024816, -0.003973 
  0.027172 ,  -0.025741, -0.004453 
  0.027504 ,  -0.026545, -0.004644 
  0.027727 ,  -0.027221, -0.004478 
  0.027841 ,  -0.027761, -0.003909 
  0.027842 ,  -0.028162, -0.002941 
  0.027732 ,  -0.028416, -0.001631 
  0.027509 ,  -0.028521, -0.000095 
  0.027172 ,  -0.028473, 0.001503 
  0.026722 ,  -0.028269, 0.002967 
  0.026157 ,  -0.027908, 0.004094 
  0.025479 ,  -0.027389, 0.004711 
  0.024687 ,  -0.026711, 0.004697 
  0.023781 ,  -0.025877, 0.004015 
  0.022762 ,  -0.024888, 0.002718 
  0.021632 ,  -0.023746, 0.000955 
  0.020390 ,  -0.022457, -0.001046 
  0.019038 ,  -0.021025, -0.003007 
  0.017577 ,  -0.019455, -0.004637 
  0.016009 ,  -0.017755, -0.005677 
  0.014335 ,  -0.015933, -0.005939 
  0.012557 ,  -0.013996, -0.005338 
  0.010677 ,  -0.011956, -0.003914 
  0.008697 ,  -0.009822, -0.001827 
  0.006620 ,  -0.007606, 0.000657 
  0.004447 ,  -0.005319, 0.003205 
  0.002183 ,  -0.002975, 0.005464 
  -0.000172 ,  -0.000587, 0.007113 
  -0.002614 ,  0.001831, 0.007916 
  -0.005139 ,  0.004265, 0.007762 
  -0.007744 ,  0.006700, 0.006685 
  -0.010427 ,  0.009121, 0.004863 
  -0.013184 ,  0.011512, 0.002601 
  -0.016010 ,  0.013859, 0.000279 
  -0.018903 ,  0.016146, -0.001700 
  -0.021859 ,  0.018359, -0.002977 
  -0.024873 ,  0.020482, -0.003301 
  -0.027941 ,  0.022502, -0.002572 
  -0.031059 ,  0.024406, -0.000873 
  -0.034224 ,  0.026180, 0.001536 
  -0.037430 ,  0.027812, 0.004243 
  -0.040674 ,  0.029292, 0.006740 
  -0.043950 ,  0.030610, 0.008492 
  -0.047254 ,  0.031757, 0.009024 
  -0.050581 ,  0.032725, 0.007995 
  -0.053927 ,  0.033509, 0.005261 
  -0.057288 ,  0.034104, 0.000916 
  -0.060657 ,  0.034508, -0.004704 
  -0.064030 ,  0.034718, -0.011051 
  -0.067403 ,  0.034735, -0.017418 
  -0.070771 ,  0.034561, -0.023032 
  -0.074128 ,  0.034199, -0.027148 
  -0.077470 ,  0.033655, -0.029145 
  -0.080791 ,  0.032935, -0.028620 
  -0.084088 ,  0.032048, -0.025442 
  -0.087354 ,  0.031002, -0.019782 
  -0.090585 ,  0.029810, -0.012098 
  -0.093776 ,  0.028484, -0.003089 
  -0.096923 ,  0.027036, 0.006386 
  -0.100020 ,  0.025483, 0.015413 
  -0.103063 ,  0.023838, 0.023128 
  -0.106047 ,  0.022119, 0.028822 
  -0.108967 ,  0.020341, 0.032023 
  -0.111819 ,  0.018523, 0.032544 
  -0.114599 ,  0.016681, 0.030500 
  -0.117301 ,  0.014833, 0.026282 
  -0.119922 ,  0.012995, 0.020495 
  -0.122458 ,  0.011184, 0.013879 
  -0.124903 ,  0.009417, 0.007208 
  -0.127255 ,  0.007708, 0.001193 
  -0.129509 ,  0.006071, -0.003607 
  -0.131661 ,  0.004521, -0.006838 
  -0.133708 ,  0.003068, -0.008388 
  -0.135646 ,  0.001723, -0.008381 
  -0.137472 ,  0.000495, -0.007140 
  -0.139182 ,  -0.000608, -0.005127 
  -0.140774 ,  -0.001582, -0.002869 
  -0.142243 ,  -0.002422, -0.000879 
  -0.143588 ,  -0.003128, 0.000418 
  -0.144806 ,  -0.003698, 0.000737 
  -0.145894 ,  -0.004136, -0.000031 
  -0.146849 ,  -0.004445, -0.001821 
  -0.147670 ,  -0.004631, -0.004411 
  -0.148355 ,  -0.004701, -0.007464 
  -0.148901 ,  -0.004666, -0.010584 
  -0.149306 ,  -0.004534, -0.013373 
  -0.149570 ,  -0.004320, -0.015488 
  -0.149691 ,  -0.004035, -0.016679 
  -0.149668 ,  -0.003695, -0.016820 
  -0.149500 ,  -0.003315, -0.015910 
  -0.149186 ,  -0.002911, -0.014063 
  -0.148725 ,  -0.002499, -0.011481 
  -0.148117 ,  -0.002097, -0.008417 
  -0.147361 ,  -0.001722, -0.005137 
  -0.146459 ,  -0.001389, -0.001888 
  -0.145409 ,  -0.001115, 0.001131 
  -0.144212 ,  -0.000916, 0.003784 
  -0.142869 ,  -0.000806, 0.005998 
  -0.141381 ,  -0.000798, 0.007755 
  -0.139747 ,  -0.000906, 0.009081 
  -0.137970 ,  -0.001139, 0.010021 
  -0.136051 ,  -0.001507, 0.010625 
  -0.133990 ,  -0.002017, 0.010938 
  -0.131791 ,  -0.002675, 0.010989 
  -0.129453 ,  -0.003483, 0.010793 
  -0.126981 ,  -0.004443, 0.010361 
  -0.124374 ,  -0.005555, 0.009707 
  -0.121637 ,  -0.006814, 0.008862 
  -0.118771 ,  -0.008216, 0.007876 
  -0.115780 ,  -0.009753, 0.006823 
  -0.112665 ,  -0.011416, 0.005790 
  -0.109430 ,  -0.013193, 0.004871 
  -0.106079 ,  -0.015071, 0.004143 
  -0.102613 ,  -0.017035, 0.003652 
  -0.099038 ,  -0.019067, 0.003397 
  -0.095355 ,  -0.021151, 0.003319 
  -0.091570 ,  -0.023266, 0.003309 
  -0.087686 ,  -0.025392, 0.003213 
  -0.083707 ,  -0.027509, 0.002859 
  -0.079636 ,  -0.029593, 0.002087 
  -0.075479 ,  -0.031625, 0.000778 
  -0.071239 ,  -0.033581, -0.001114 
  -0.066922 ,  -0.035440, -0.003543 
  -0.062530 ,  -0.037181, -0.006360 
  -0.058070 ,  -0.038783, -0.009328 
  -0.053545 ,  -0.040228, -0.012140 
  -0.048961 ,  -0.041496, -0.014460 
  -0.044322 ,  -0.042572, -0.015971 
  -0.039633 ,  -0.043439, -0.016424 
  -0.034900 ,  -0.044085, -0.015678 
  -0.030126 ,  -0.044499, -0.013733 
  -0.025318 ,  -0.044671, -0.010744 
  -0.020481 ,  -0.044594, -0.007002 
  -0.015619 ,  -0.044263, -0.002911 
  -0.010738 ,  -0.043676, 0.001066 
  -0.005842 ,  -0.042834, 0.004470 
  -0.000938 ,  -0.041738, 0.006905 
  0.003970 ,  -0.040394, 0.008102 
  0.008877 ,  -0.038808, 0.007957 
  0.013776 ,  -0.036989, 0.006550 
  0.018664 ,  -0.034950, 0.004140 
  0.023535 ,  -0.032703, 0.001131 
  0.028384 ,  -0.030263, -0.001983 
  0.033205 ,  -0.027648, -0.004689 
  0.037994 ,  -0.024874, -0.006527 
  0.042746 ,  -0.021962, -0.007160 
  0.047456 ,  -0.018932, -0.006423 
  0.052118 ,  -0.015805, -0.004357 
  0.056729 ,  -0.012603, -0.001196 
  0.061282 ,  -0.009346, 0.002653 
  0.065775 ,  -0.006058, 0.006675 
  0.070201 ,  -0.002760, 0.010317 
  0.074557 ,  0.000527, 0.013070 
  0.078838 ,  0.003783, 0.014547 
  0.083040 ,  0.006987, 0.014539 
  0.087159 ,  0.010122, 0.013050 
  0.091190 ,  0.013169, 0.010304 
  0.095131 ,  0.016114, 0.006712 
  0.098976 ,  0.018941, 0.002815 
  0.102722 ,  0.021637, -0.000790 
  0.106366 ,  0.024193, -0.003541 
  0.109904 ,  0.026598, -0.004995 
  0.113334 ,  0.028845, -0.004895 
  0.116651 ,  0.030929, -0.003219 
  0.119853 ,  0.032846, -0.000188 
  0.122937 ,  0.034595, 0.003753 
  0.125901 ,  0.036174, 0.007991 
  0.128741 ,  0.037585, 0.011822 
  0.131456 ,  0.038832, 0.014548 
  0.134044 ,  0.039918, 0.015568 
  0.136502 ,  0.040850, 0.014468 
  0.138828 ,  0.041634, 0.011082 
  0.141021 ,  0.042277, 0.005526 
  0.143080 ,  0.042788, -0.001806 
  0.145003 ,  0.043176, -0.010278 
  0.146788 ,  0.043450, -0.019082 
  0.148436 ,  0.043620, -0.027324 
  0.149945 ,  0.043694, -0.034129 
  0.151314 ,  0.043681, -0.038736 
  0.152543 ,  0.043591, -0.040589 
  0.153632 ,  0.043432, -0.039394 
  0.154581 ,  0.043211, -0.035153 
  0.155390 ,  0.042934, -0.028167 
  0.156058 ,  0.042607, -0.018993 
  0.156588 ,  0.042235, -0.008393 
  0.156978 ,  0.041821, 0.002754 
  0.157231 ,  0.041367, 0.013543 
  0.157346 ,  0.040874, 0.023126 
  0.157325 ,  0.040342, 0.030800 
  0.157170 ,  0.039769, 0.036064 
  0.156881 ,  0.039153, 0.038655 
  0.156460 ,  0.038490, 0.038560 
  0.155910 ,  0.037774, 0.035999 
  0.155232 ,  0.037002, 0.031383 
  0.154428 ,  0.036165, 0.025265 
  0.153500 ,  0.035256, 0.018267 
  0.152451 ,  0.034269, 0.011020 
  0.151282 ,  0.033196, 0.004098 
  0.149998 ,  0.032027, -0.002031 
  0.148600 ,  0.030756, -0.007039 
  0.147092 ,  0.029374, -0.010748 
  0.145476 ,  0.027875, -0.013135 
  0.143756 ,  0.026251, -0.014307 
  0.141934 ,  0.024498, -0.014469 
  0.140015 ,  0.022610, -0.013889 
  0.138001 ,  0.020585, -0.012847 
  0.135896 ,  0.018419, -0.011605 
  0.133704 ,  0.016113, -0.010369 
  0.131428 ,  0.013667, -0.009270 
  0.129073 ,  0.011084, -0.008358 
  0.126641 ,  0.008369, -0.007603 
  0.124138 ,  0.005528, -0.006917 
  0.121566 ,  0.002570, -0.006174 
  0.118931 ,  -0.000495, -0.005246 
  0.116235 ,  -0.003655, -0.004027 
  0.113484 ,  -0.006896, -0.002463 
  0.110681 ,  -0.010203, -0.000569 
  0.107830 ,  -0.013557, 0.001566 
  0.104937 ,  -0.016940, 0.003781 
  0.102004 ,  -0.020332, 0.005868 
  0.099037 ,  -0.023712, 0.007592 
  0.096039 ,  -0.027056, 0.008728 
  0.093015 ,  -0.030342, 0.009097 
  0.089968 ,  -0.033546, 0.008595 
  0.086904 ,  -0.036644, 0.007219 
  0.083827 ,  -0.039611, 0.005075 
  0.080740 ,  -0.042424, 0.002375 
  0.077647 ,  -0.045060, -0.000583 
  0.074554 ,  -0.047495, -0.003449 
  0.071463 ,  -0.049708, -0.005860 
  0.068379 ,  -0.051679, -0.007492 
  0.065306 ,  -0.053388, -0.008100 
  0.062248 ,  -0.054820, -0.007558 
  0.059208 ,  -0.055957, -0.005880 
  0.056191 ,  -0.056788, -0.003226 
  0.053200 ,  -0.057302, 0.000111 
  0.050238 ,  -0.057490, 0.003740 
  0.047309 ,  -0.057347, 0.007214 
  0.044417 ,  -0.056871, 0.010088 
  0.041565 ,  -0.056061, 0.011976 
  0.038756 ,  -0.054920, 0.012599 
  0.035993 ,  -0.053454, 0.011826 
  0.033279 ,  -0.051672, 0.009688 
  0.030617 ,  -0.049585, 0.006385 
  0.028010 ,  -0.047208, 0.002253 
  0.025460 ,  -0.044557, -0.002270 
  0.022971 ,  -0.041652, -0.006698 
  0.020544 ,  -0.038514, -0.010561 
  0.018181 ,  -0.035167, -0.013457 
  0.015886 ,  -0.031637, -0.015100 
  0.013659 ,  -0.027952, -0.015353 
  0.011503 ,  -0.024139, -0.014233 
  0.009419 ,  -0.020231, -0.011907 
  0.007409 ,  -0.016256, -0.008660 
  0.005475 ,  -0.012247, -0.004854 
  0.003618 ,  -0.008236, -0.000878 
  0.001838 ,  -0.004255, 0.002902 
  0.000137 ,  -0.000334, 0.006182 
  -0.001484 ,  0.003494, 0.008751 
  -0.003025 ,  0.007200, 0.010503 
  -0.004484 ,  0.010756, 0.011434 
  -0.005862 ,  0.014134, 0.011621 
  -0.007159 ,  0.017307, 0.011192 
  -0.008374 ,  0.020254, 0.010297 
  -0.009507 ,  0.022951, 0.009071 
  -0.010558 ,  0.025379, 0.007617 
  -0.011529 ,  0.027523, 0.005987 
  -0.012418 ,  0.029368, 0.004190 
  -0.013228 ,  0.030903, 0.002205 
  -0.013958 ,  0.032119, 0.000005 
  -0.014609 ,  0.033011, -0.002417 
  -0.015183 ,  0.033577, -0.005018 
  -0.015681 ,  0.033817, -0.007691 
  -0.016103 ,  0.033735, -0.010259 
  -0.016452 ,  0.033336, -0.012486 
  -0.016730 ,  0.032631, -0.014103 
  -0.016936 ,  0.031630, -0.014846 
  -0.017074 ,  0.030348, -0.014499 
  -0.017146 ,  0.028802, -0.012935 
  -0.017152 ,  0.027010, -0.010154 
  -0.017097 ,  0.024993, -0.006297 
  -0.016981 ,  0.022775, -0.001647 
  -0.016807 ,  0.020378, 0.003391 
  -0.016577 ,  0.017829, 0.008337 
  -0.016294 ,  0.015153, 0.012691 
  -0.015961 ,  0.012379, 0.015994 
  -0.015580 ,  0.009533, 0.017891 
  -0.015154 ,  0.006644, 0.018180 
  -0.014686 ,  0.003740, 0.016841 
  -0.014179 ,  0.000849, 0.014042 
  -0.013635 ,  -0.002003, 0.010120 
  -0.013058 ,  -0.004789, 0.005534 
  -0.012451 ,  -0.007482, 0.000807 
  -0.011817 ,  -0.010060, -0.003548 
  -0.011159 ,  -0.012499, -0.007092 
  -0.010480 ,  -0.014777, -0.009523 
  -0.009783 ,  -0.016875, -0.010706 
  -0.009072 ,  -0.018776, -0.010687 
  -0.008350 ,  -0.020463, -0.009677 
  -0.007620 ,  -0.021923, -0.008012 
  -0.006885 ,  -0.023145, -0.006089 
  -0.006150 ,  -0.024120, -0.004307 
  -0.005416 ,  -0.024840, -0.002994 
  -0.004688 ,  -0.025302, -0.002361 
  -0.003968 ,  -0.025502, -0.002463 
  -0.003259 ,  -0.025442, -0.003199 
  -0.002566 ,  -0.025124, -0.004326 
  -0.001890 ,  -0.024552, -0.005510 
  -0.001236 ,  -0.023733, -0.006380 
  -0.000606 ,  -0.022676, -0.006596 
  -0.000004 ,  -0.021391, -0.005911 
  0.000569 ,  -0.019890, -0.004219 
  0.001108 ,  -0.018188, -0.001578 
  0.001611 ,  -0.016300, 0.001789 
  0.002076 ,  -0.014243, 0.005525 
  0.002498 ,  -0.012035, 0.009189 
  0.002877 ,  -0.009695, 0.012323 
  0.003210 ,  -0.007242, 0.014518 
  0.003493 ,  -0.004698, 0.015481 
  0.003724 ,  -0.002082, 0.015075 
  0.003902 ,  0.000584, 0.013349 
  0.004024 ,  0.003278, 0.010524 
  0.004088 ,  0.005981, 0.006966 
  0.004092 ,  0.008669, 0.003127 
  0.004034 ,  0.011324, -0.000516 
  0.003913 ,  0.013926, -0.003540 
  0.003727 ,  0.016454, -0.005626 
  0.003474 ,  0.018891, -0.006614 
  0.003154 ,  0.021220, -0.006512 
  0.002764 ,  0.023423, -0.005493 
  0.002303 ,  0.025486, -0.003861 
  0.001772 ,  0.027396, -0.001996 
  0.001168 ,  0.029139, -0.000291 
  0.000492 ,  0.030705, 0.000914 
  -0.000258 ,  0.032084, 0.001383 
  -0.001082 ,  0.033269, 0.001021 
  -0.001980 ,  0.034253, -0.000115 
  -0.002952 ,  0.035032, -0.001831 
  -0.003998 ,  0.035603, -0.003834 
  -0.005119 ,  0.035963, -0.005782 
  -0.006314 ,  0.036114, -0.007349 
  -0.007582 ,  0.036058, -0.008277 
  -0.008923 ,  0.035796, -0.008421 
  -0.010337 ,  0.035336, -0.007773 
  -0.011822 ,  0.034681, -0.006456 
  -0.013377 ,  0.033842, -0.004707 
  -0.015003 ,  0.032825, -0.002825 
  -0.016696 ,  0.031641, -0.001119 
  -0.018456 ,  0.030302, 0.000150 
  -0.020282 ,  0.028820, 0.000819 
  -0.022171 ,  0.027207, 0.000854 
  -0.024123 ,  0.025478, 0.000356 
  -0.026134 ,  0.023648, -0.000449 
  -0.028204 ,  0.021730, -0.001255 
  -0.030329 ,  0.019741, -0.001732 
  -0.032508 ,  0.017697, -0.001585 
  -0.034739 ,  0.015614, -0.000616 
  -0.037018 ,  0.013506, 0.001231 
  -0.039344 ,  0.011391, 0.003845 
  -0.041713 ,  0.009284, 0.006957 
  -0.044123 ,  0.007200, 0.010168 
  -0.046571 ,  0.005154, 0.013008 
  -0.049054 ,  0.003160, 0.015003 
  -0.051569 ,  0.001231, 0.015754 
  -0.054113 ,  -0.000619, 0.015005 
  -0.056682 ,  -0.002380, 0.012691 
  -0.059273 ,  -0.004039, 0.008962 
  -0.061883 ,  -0.005589, 0.004173 
  -0.064508 ,  -0.007020, -0.001155 
  -0.067145 ,  -0.008326, -0.006404 
  -0.069790 ,  -0.009499, -0.010940 
  -0.072440 ,  -0.010537, -0.014201 
  -0.075091 ,  -0.011435, -0.015775 
  -0.077739 ,  -0.012192, -0.015465 
  -0.080381 ,  -0.012808, -0.013313 
  -0.083012 ,  -0.013283, -0.009599 
  -0.085630 ,  -0.013620, -0.004804 
  -0.088229 ,  -0.013823, 0.000451 
  -0.090807 ,  -0.013897, 0.005496 
  -0.093359 ,  -0.013848, 0.009696 
  -0.095882 ,  -0.013685, 0.012535 
  -0.098372 ,  -0.013414, 0.013684 
  -0.100825 ,  -0.013048, 0.013038 
  -0.103237 ,  -0.012595, 0.010721 
  -0.105604 ,  -0.012067, 0.007064 
  -0.107924 ,  -0.011478, 0.002548 
  -0.110191 ,  -0.010839, -0.002263 
  -0.112402 ,  -0.010164, -0.006803 
  -0.114554 ,  -0.009466, -0.010579 
  -0.116644 ,  -0.008760, -0.013228 
  -0.118666 ,  -0.008058, -0.014556 
  -0.120619 ,  -0.007375, -0.014549 
  -0.122499 ,  -0.006725, -0.013357 
  -0.124302 ,  -0.006119, -0.011254 
  -0.126024 ,  -0.005571, -0.008586 
  -0.127664 ,  -0.005094, -0.005714 
  -0.129218 ,  -0.004696, -0.002958 
  -0.130682 ,  -0.004390, -0.000557 
  -0.132054 ,  -0.004184, 0.001356 
  -0.133331 ,  -0.004085, 0.002756 
  -0.134511 ,  -0.004102, 0.003709 
  -0.135590 ,  -0.004238, 0.004339 
  -0.136566 ,  -0.004499, 0.004794 
  -0.137437 ,  -0.004887, 0.005200 
  -0.138201 ,  -0.005403, 0.005637 
  -0.138855 ,  -0.006046, 0.006113 
  -0.139398 ,  -0.006815, 0.006569 
  -0.139827 ,  -0.007706, 0.006891 
  -0.140141 ,  -0.008714, 0.006939 
  -0.140339 ,  -0.009833, 0.006583 
  -0.140418 ,  -0.011055, 0.005735 
  -0.140377 ,  -0.012371, 0.004386 
  -0.140216 ,  -0.013771, 0.002615 
  -0.139933 ,  -0.015242, 0.000590 
  -0.139527 ,  -0.016772, -0.001446 
  -0.138998 ,  -0.018347, -0.003215 
  -0.138344 ,  -0.019954, -0.004442 
  -0.137566 ,  -0.021576, -0.004904 
  -0.136664 ,  -0.023198, -0.004469 
  -0.135636 ,  -0.024804, -0.003125 
  -0.134483 ,  -0.026377, -0.000991 
  -0.133206 ,  -0.027902, 0.001695 
  -0.131804 ,  -0.029362, 0.004600 
  -0.130279 ,  -0.030740, 0.007345 
  -0.128630 ,  -0.032021, 0.009556 
  -0.126858 ,  -0.033190, 0.010920 
  -0.124965 ,  -0.034232, 0.011225 
  -0.122952 ,  -0.035134, 0.010397 
  -0.120819 ,  -0.035883, 0.008506 
  -0.118569 ,  -0.036468, 0.005756 
  -0.116202 ,  -0.036879, 0.002453 
  -0.113721 ,  -0.037105, -0.001041 
  -0.111127 ,  -0.037141, -0.004360 
  -0.108422 ,  -0.036979, -0.007191 
  -0.105608 ,  -0.036616, -0.009315 
  -0.102689 ,  -0.036049, -0.010632 
  -0.099665 ,  -0.035275, -0.011172 
  -0.096540 ,  -0.034296, -0.011079 
  -0.093316 ,  -0.033113, -0.010575 
  -0.089996 ,  -0.031731, -0.009920 
  -0.086584 ,  -0.030154, -0.009357 
  -0.083081 ,  -0.028389, -0.009068 
  -0.079491 ,  -0.026444, -0.009136 
  -0.075818 ,  -0.024329, -0.009533 
  -0.072065 ,  -0.022055, -0.010117 
  -0.068235 ,  -0.019633, -0.010661 
  -0.064332 ,  -0.017078, -0.010889 
  -0.060359 ,  -0.014402, -0.010531 
  -0.056321 ,  -0.011622, -0.009369 
  -0.052221 ,  -0.008752, -0.007286 
  -0.048063 ,  -0.005810, -0.004294 
  -0.043851 ,  -0.002811, -0.000541 
  -0.039590 ,  0.000227, 0.003696 
  -0.035282 ,  0.003287, 0.008053 
  -0.030934 ,  0.006353, 0.012120 
  -0.026548 ,  0.009407, 0.015506 
  -0.022129 ,  0.012432, 0.017894 
  -0.017682 ,  0.015413, 0.019087 
  -0.013210 ,  0.018335, 0.019043 
  -0.008719 ,  0.021181, 0.017876 
  -0.004213 ,  0.023938, 0.015850 
  0.000304 ,  0.026593, 0.013329 
  0.004828 ,  0.029133, 0.010732 
  0.009353 ,  0.031547, 0.008464 
  0.013875 ,  0.033825, 0.006853 
  0.018390 ,  0.035958, 0.006100 
  0.022893 ,  0.037938, 0.006244 
  0.027380 ,  0.039759, 0.007148 
  0.031847 ,  0.041415, 0.008519 
  0.036287 ,  0.042902, 0.009942 
  0.040699 ,  0.044218, 0.010942 
  0.045076 ,  0.045361, 0.011048 
  0.049415 ,  0.046330, 0.009864 
  0.053711 ,  0.047127, 0.007135 
  0.057960 ,  0.047752, 0.002784 
  0.062158 ,  0.048209, -0.003057 
  0.066301 ,  0.048502, -0.010055 
  0.070385 ,  0.048634, -0.017701 
  0.074405 ,  0.048613, -0.025363 
  0.078358 ,  0.048443, -0.032349 
  0.082240 ,  0.048131, -0.037981 
  0.086047 ,  0.047686, -0.041668 
  0.089775 ,  0.047113, -0.042965 
  0.093421 ,  0.046422, -0.041623 
  0.096982 ,  0.045620, -0.037614 
  0.100454 ,  0.044717, -0.031134 
  0.103834 ,  0.043719, -0.022586 
  0.107118 ,  0.042637, -0.012543 
  0.110304 ,  0.041477, -0.001697 
  0.113389 ,  0.040248, 0.009202 
  0.116370 ,  0.038957, 0.019409 
  0.119244 ,  0.037612, 0.028240 
  0.122009 ,  0.036220, 0.035128 
  0.124662 ,  0.034788, 0.039661 
  0.127201 ,  0.033321, 0.041609 
  0.129625 ,  0.031824, 0.040937 
  0.131930 ,  0.030304, 0.037799 
  0.134116 ,  0.028763, 0.032526 
  0.136180 ,  0.027206, 0.025593 
  0.138121 ,  0.025637, 0.017578 
  0.139938 ,  0.024057, 0.009123 
  0.141629 ,  0.022468, 0.000876 
  0.143193 ,  0.020872, -0.006558 
  0.144629 ,  0.019271, -0.012661 
  0.145937 ,  0.017663, -0.017051 
  0.147115 ,  0.016050, -0.019503 
  0.148164 ,  0.014430, -0.019974 
  0.149083 ,  0.012804, -0.018599 
  0.149871 ,  0.011169, -0.015674 
  0.150529 ,  0.009525, -0.011630 
  0.151057 ,  0.007870, -0.006983 
  0.151455 ,  0.006201, -0.002279 
  0.151724 ,  0.004519, 0.001961 
  0.151864 ,  0.002819, 0.005298 
  0.151875 ,  0.001102, 0.007421 
  0.151759 ,  -0.000635, 0.008181 
  0.151517 ,  -0.002394, 0.007596 
  0.151149 ,  -0.004175, 0.005853 
  0.150658 ,  -0.005979, 0.003267 
  0.150044 ,  -0.007808, 0.000248 
  0.149309 ,  -0.009661, -0.002766 
  0.148455 ,  -0.011538, -0.005361 
  0.147484 ,  -0.013439, -0.007209 
  0.146397 ,  -0.015362, -0.008103 
  0.145197 ,  -0.017305, -0.007991 
  0.143886 ,  -0.019267, -0.006971 
  0.142467 ,  -0.021245, -0.005277 
  0.140940 ,  -0.023234, -0.003238 
  0.139311 ,  -0.025232, -0.001226 
  0.137580 ,  -0.027234, 0.000401 
  0.135750 ,  -0.029233, 0.001359 
  0.133826 ,  -0.031225, 0.001479 
  0.131809 ,  -0.033204, 0.000738 
  0.129702 ,  -0.035162, -0.000739 
  0.127509 ,  -0.037092, -0.002696 
  0.125234 ,  -0.038987, -0.004782 
  0.122878 ,  -0.040837, -0.006605 
  0.120447 ,  -0.042636, -0.007792 
  0.117942 ,  -0.044373, -0.008047 
  0.115368 ,  -0.046040, -0.007195 
  0.112728 ,  -0.047628, -0.005214 
  0.110026 ,  -0.049127, -0.002238 
  0.107266 ,  -0.050527, 0.001455 
  0.104451 ,  -0.051820, 0.005485 
  0.101585 ,  -0.052996, 0.009417 
  0.098672 ,  -0.054045, 0.012822 
  0.095715 ,  -0.054960, 0.015335 
  0.092719 ,  -0.055732, 0.016698 
  0.089687 ,  -0.056352, 0.016791 
  0.086624 ,  -0.056813, 0.015644 
  0.083532 ,  -0.057108, 0.013417 
  0.080417 ,  -0.057231, 0.010377 
  0.077281 ,  -0.057175, 0.006851 
  0.074129 ,  -0.056937, 0.003174 
  0.070965 ,  -0.056512, -0.000350 
  0.067792 ,  -0.055897, -0.003490 
  0.064614 ,  -0.055089, -0.006104 
  0.061436 ,  -0.054089, -0.008146 
  0.058260 ,  -0.052894, -0.009646 
  0.055091 ,  -0.051507, -0.010686 
  0.051932 ,  -0.049930, -0.011366 
  0.048787 ,  -0.048164, -0.011764 
  0.045659 ,  -0.046215, -0.011916 
  0.042552 ,  -0.044088, -0.011796 
  0.039469 ,  -0.041789, -0.011323 
  0.036414 ,  -0.039325, -0.010377 
  0.033390 ,  -0.036704, -0.008831 
  0.030401 ,  -0.033937, -0.006591 
  0.027448 ,  -0.031032, -0.003634 
  0.024537 ,  -0.028001, -0.000039 
  0.021668 ,  -0.024857, 0.004002 
  0.018847 ,  -0.021610, 0.008183 
  0.016074 ,  -0.018276, 0.012120 
  0.013353 ,  -0.014867, 0.015387 
  0.010687 ,  -0.011397, 0.017583 
  0.008078 ,  -0.007881, 0.018386 
  0.005528 ,  -0.004334, 0.017616 
  0.003040 ,  -0.000770, 0.015269 
  0.000616 ,  0.002796, 0.011536 
  -0.001743 ,  0.006348, 0.006790 
  -0.004033 ,  0.009872, 0.001543 
  -0.006254 ,  0.013354, -0.003617 
  -0.008403 ,  0.016780, -0.008105 
  -0.010479 ,  0.020136, -0.011424 
  -0.012481 ,  0.023409, -0.013239 
  -0.014407 ,  0.026588, -0.013427 
  -0.016256 ,  0.029661, -0.012108 
  -0.018027 ,  0.032616, -0.009622 
  -0.019719 ,  0.035445, -0.006492 
  -0.021331 ,  0.038138, -0.003340 
  -0.022862 ,  0.040688, -0.000798 
  -0.024312 ,  0.043087, 0.000597 
  -0.025681 ,  0.045330, 0.000490 
  -0.026968 ,  0.047412, -0.001227 
  -0.028172 ,  0.049330, -0.004381 
  -0.029295 ,  0.051079, -0.008532 
  -0.030335 ,  0.052659, -0.013023 
  -0.031294 ,  0.054069, -0.017064 
  -0.032171 ,  0.055308, -0.019848 
  -0.032967 ,  0.056379, -0.020666 
  -0.033682 ,  0.057282, -0.019018 
  -0.034318 ,  0.058020, -0.014697 
  -0.034875 ,  0.058597, -0.007836 
  -0.035353 ,  0.059016, 0.001084 
  -0.035755 ,  0.059281, 0.011289 
  -0.036081 ,  0.059397, 0.021791 
  -0.036332 ,  0.059368, 0.031506 
  -0.036510 ,  0.059201, 0.039388 
  -0.036616 ,  0.058900, 0.044559 
  -0.036652 ,  0.058470, 0.046413 
  -0.036620 ,  0.057917, 0.044693 
  -0.036521 ,  0.057246, 0.039519 
  -0.036357 ,  0.056461, 0.031373 
  -0.036131 ,  0.055567, 0.021030 
  -0.035844 ,  0.054569, 0.009463 
  -0.035499 ,  0.053469, -0.002274 
  -0.035097 ,  0.052272, -0.013176 
  -0.034641 ,  0.050981, -0.022395 
  -0.034134 ,  0.049597, -0.029330 
  -0.033577 ,  0.048123, -0.033672 
  -0.032974 ,  0.046560, -0.035415 
  -0.032326 ,  0.044909, -0.034823 
  -0.031638 ,  0.043171, -0.032367 
  -0.030910 ,  0.041346, -0.028637 
  -0.030146 ,  0.039433, -0.024252 
  -0.029350 ,  0.037434, -0.019765 
  -0.028522 ,  0.035346, -0.015603 
  -0.027667 ,  0.033169, -0.012019 
  -0.026788 ,  0.030903, -0.009084 
  -0.025886 ,  0.028548, -0.006710 
  -0.024966 ,  0.026102, -0.004690 
  -0.024029 ,  0.023566, -0.002761 
  -0.023080 ,  0.020939, -0.000672 
  -0.022120 ,  0.018224, 0.001765 
  -0.021154 ,  0.015421, 0.004626 
  -0.020183 ,  0.012532, 0.007862 
  -0.019211 ,  0.009560, 0.011301 
  -0.018241 ,  0.006510, 0.014678 
  -0.017275 ,  0.003385, 0.017679 
  -0.016316 ,  0.000191, 0.019994 
  -0.015369 ,  -0.003064, 0.021373 
  -0.014434 ,  -0.006374, 0.021662 
  -0.013515 ,  -0.009728, 0.020835 
  -0.012615 ,  -0.013118, 0.018994 
  -0.011737 ,  -0.016532, 0.016353 
  -0.010883 ,  -0.019957, 0.013205 
  -0.010056 ,  -0.023382, 0.009873 
  -0.009258 ,  -0.026791, 0.006661 
  -0.008492 ,  -0.030171, 0.003813 
  -0.007760 ,  -0.033504, 0.001474 
  -0.007065 ,  -0.036776, -0.000317 
  -0.006409 ,  -0.039969, -0.001630 
  -0.005795 ,  -0.043065, -0.002616 
  -0.005223 ,  -0.046048, -0.003472 
  -0.004698 ,  -0.048901, -0.004397 
  -0.004220 ,  -0.051605, -0.005550 
  -0.003791 ,  -0.054144, -0.007013 
  -0.003413 ,  -0.056502, -0.008776 
  -0.003089 ,  -0.058662, -0.010728 
  -0.002819 ,  -0.060609, -0.012677 
  -0.002605 ,  -0.062330, -0.014380 
  -0.002449 ,  -0.063811, -0.015585 
  -0.002351 ,  -0.065042, -0.016071 
  -0.002314 ,  -0.066012, -0.015695 
  -0.002338 ,  -0.066713, -0.014414 
  -0.002424 ,  -0.067139, -0.012298 
  -0.002574 ,  -0.067284, -0.009527 
  -0.002787 ,  -0.067147, -0.006363 
  -0.003065 ,  -0.066726, -0.003117 
  -0.003408 ,  -0.066024, -0.000099 
  -0.003816 ,  -0.065043, 0.002422 
  -0.004291 ,  -0.063789, 0.004261 
  -0.004832 ,  -0.062271, 0.005339 
  -0.005439 ,  -0.060498, 0.005694 
  -0.006112 ,  -0.058482, 0.005470 
  -0.006852 ,  -0.056235, 0.004888 
  -0.007657 ,  -0.053775, 0.004214 
  -0.008528 ,  -0.051118, 0.003708 
  -0.009464 ,  -0.048281, 0.003586 
  -0.010464 ,  -0.045286, 0.003983 
  -0.011528 ,  -0.042152, 0.004934 
  -0.012655 ,  -0.038902, 0.006364 
  -0.013844 ,  -0.035556, 0.008106 
  -0.015094 ,  -0.032139, 0.009925 
  -0.016403 ,  -0.028673, 0.011555 
  -0.017771 ,  -0.025180, 0.012741 
  -0.019197 ,  -0.021683, 0.013275 
  -0.020678 ,  -0.018203, 0.013029 
  -0.022212 ,  -0.014763, 0.011969 
  -0.023800 ,  -0.011381, 0.010162 
  -0.025438 ,  -0.008076, 0.007756 
  -0.027124 ,  -0.004866, 0.004963 
  -0.028857 ,  -0.001767, 0.002022 
  -0.030635 ,  0.001208, -0.000834 
  -0.032456 ,  0.004047, -0.003410 
  -0.034317 ,  0.006738, -0.005569 
  -0.036215 ,  0.009275, -0.007248 
  -0.038149 ,  0.011651, -0.008455 
  -0.040117 ,  0.013862, -0.009255 
  -0.042115 ,  0.015908, -0.009755 
  -0.044141 ,  0.017788, -0.010071 
  -0.046192 ,  0.019506, -0.010310 
  -0.048265 ,  0.021065, -0.010547 
  -0.050359 ,  0.022473, -0.010813 
  -0.052469 ,  0.023737, -0.011091 
  -0.054593 ,  0.024868, -0.011327 
  -0.056728 ,  0.025877, -0.011439 
  -0.058871 ,  0.026775, -0.011337 
  -0.061019 ,  0.027577, -0.010946 
  -0.063169 ,  0.028297, -0.010217 
  -0.065318 ,  0.028948, -0.009135 
  -0.067462 ,  0.029547, -0.007728 
  -0.069599 ,  0.030106, -0.006052 
  -0.071726 ,  0.030642, -0.004183 
  -0.073839 ,  0.031168, -0.002201 
  -0.075935 ,  0.031696, -0.000171 
  -0.078010 ,  0.032240, 0.001864 
  -0.080063 ,  0.032809, 0.003894 
  -0.082089 ,  0.033414, 0.005937 
  -0.084085 ,  0.034062, 0.008027 
  -0.086049 ,  0.034758, 0.010198 
  -0.087977 ,  0.035508, 0.012464 
  -0.089866 ,  0.036313, 0.014800 
  -0.091713 ,  0.037172, 0.017126 
  -0.093515 ,  0.038083, 0.019306 
  -0.095268 ,  0.039043, 0.021149 
  -0.096971 ,  0.040044, 0.022432 
  -0.098620 ,  0.041077, 0.022922 
  -0.100212 ,  0.042131, 0.022414 
  -0.101744 ,  0.043194, 0.020761 
  -0.103214 ,  0.044252, 0.017909 
  -0.104619 ,  0.045288, 0.013914 
  -0.105956 ,  0.046284, 0.008951 
  -0.107222 ,  0.047222, 0.003302 
  -0.108416 ,  0.048082, -0.002662 
  -0.109535 ,  0.048844, -0.008522 
  -0.110576 ,  0.049487, -0.013859 
  -0.111537 ,  0.049991, -0.018294 
  -0.112417 ,  0.050334, -0.021539 
  -0.113212 ,  0.050497, -0.023425 
  -0.113921 ,  0.050461, -0.023918 
  -0.114542 ,  0.050206, -0.023124 
  -0.115074 ,  0.049717, -0.021264 
  -0.115514 ,  0.048978, -0.018648 
  -0.115861 ,  0.047976, -0.015629 
  -0.116113 ,  0.046700, -0.012554 
  -0.116269 ,  0.045141, -0.009726 
  -0.116329 ,  0.043293, -0.007365 
  -0.116289 ,  0.041152, -0.005587 
  -0.116151 ,  0.038719, -0.004404 
  -0.115912 ,  0.035994, -0.003726 
  -0.115572 ,  0.032985, -0.003395 
  -0.115130 ,  0.029699, -0.003210 
  -0.114586 ,  0.026147, -0.002968 
  -0.113938 ,  0.022345, -0.002495 
  -0.113188 ,  0.018309, -0.001672 
  -0.112334 ,  0.014059, -0.000449 
  -0.111376 ,  0.009618, 0.001151 
  -0.110315 ,  0.005011, 0.003049 
  -0.109151 ,  0.000266, 0.005122 
  -0.107883 ,  -0.004590, 0.007236 
  -0.106513 ,  -0.009523, 0.009264 
  -0.105040 ,  -0.014504, 0.011111 
  -0.103466 ,  -0.019497, 0.012724 
  -0.101791 ,  -0.024470, 0.014090 
  -0.100016 ,  -0.029388, 0.015234 
  -0.098143 ,  -0.034216, 0.016193 
  -0.096171 ,  -0.038921, 0.017002 
  -0.094103 ,  -0.043468, 0.017669 
  -0.091940 ,  -0.047826, 0.018160 
  -0.089683 ,  -0.051963, 0.018392 
  -0.087335 ,  -0.055850, 0.018239 
  -0.084895 ,  -0.059459, 0.017547 
  -0.082368 ,  -0.062764, 0.016162 
  -0.079753 ,  -0.065744, 0.013957 
  -0.077054 ,  -0.068376, 0.010869 
  -0.074273 ,  -0.070645, 0.006919 
  -0.071411 ,  -0.072535, 0.002230 
  -0.068472 ,  -0.074035, -0.002972 
  -0.065457 ,  -0.075137, -0.008377 
  -0.062369 ,  -0.075837, -0.013619 
  -0.059210 ,  -0.076131, -0.018318 
  -0.055984 ,  -0.076024, -0.022125 
  -0.052694 ,  -0.075518, -0.024769 
  -0.049341 ,  -0.074622, -0.026091 
  -0.045930 ,  -0.073348, -0.026067 
  -0.042462 ,  -0.071708, -0.024809 
  -0.038942 ,  -0.069719, -0.022551 
  -0.035371 ,  -0.067400, -0.019613 
  -0.031755 ,  -0.064772, -0.016354 
  -0.028095 ,  -0.061857, -0.013124 
  -0.024395 ,  -0.058681, -0.010208 
  -0.020659 ,  -0.055269, -0.007790 
  -0.016890 ,  -0.051647, -0.005930 
  -0.013091 ,  -0.047844, -0.004560 
  -0.009267 ,  -0.043888, -0.003505 
  -0.005420 ,  -0.039807, -0.002517 
  -0.001554 ,  -0.035629, -0.001329 
  0.002328 ,  -0.031382, 0.000295 
  0.006221 ,  -0.027093, 0.002507 
  0.010121 ,  -0.022788, 0.005336 
  0.014026 ,  -0.018493, 0.008676 
  0.017932 ,  -0.014231, 0.012284 
  0.021835 ,  -0.010024, 0.015815 
  0.025730 ,  -0.005893, 0.018865 
  0.029616 ,  -0.001857, 0.021040 
  0.033487 ,  0.002068, 0.022013 
  0.037340 ,  0.005867, 0.021587 
  0.041172 ,  0.009527, 0.019735 
  0.044978 ,  0.013037, 0.016619 
  0.048756 ,  0.016388, 0.012576 
  0.052502 ,  0.019574, 0.008084 
  0.056212 ,  0.022589, 0.003700 
  0.059883 ,  0.025431, -0.000022 
  0.063511 ,  0.028097, -0.002604 
  0.067092 ,  0.030588, -0.003726 
  0.070624 ,  0.032906, -0.003274 
  0.074104 ,  0.035052, -0.001372 
  0.077527 ,  0.037030, 0.001629 
  0.080891 ,  0.038846, 0.005184 
  0.084192 ,  0.040504, 0.008629 
  0.087428 ,  0.042009, 0.011269 
  0.090596 ,  0.043368, 0.012473 
  0.093692 ,  0.044587, 0.011770 
  0.096714 ,  0.045672, 0.008924 
  0.099659 ,  0.046628, 0.003979 
  0.102524 ,  0.047461, -0.002732 
  0.105307 ,  0.048176, -0.010614 
  0.108006 ,  0.048777, -0.018875 
  0.110618 ,  0.049268, -0.026623 
  0.113140 ,  0.049651, -0.032967 
  0.115571 ,  0.049930, -0.037136 
  0.117908 ,  0.050104, -0.038572 
  0.120149 ,  0.050174, -0.037002 
  0.122294 ,  0.050140, -0.032480 
  0.124339 ,  0.050000, -0.025381 
  0.126283 ,  0.049753, -0.016358 
  0.128124 ,  0.049395, -0.006269 
  0.129862 ,  0.048923, 0.003928 
  0.131495 ,  0.048335, 0.013283 
  0.133022 ,  0.047625, 0.020966 
  0.134441 ,  0.046790, 0.026352 
  0.135751 ,  0.045825, 0.029093 
  0.136953 ,  0.044727, 0.029139 
  0.138044 ,  0.043492, 0.026731 
  0.139026 ,  0.042116, 0.022357 
  0.139896 ,  0.040597, 0.016678 
  0.140654 ,  0.038933, 0.010438 
  0.141302 ,  0.037123, 0.004369 
  0.141837 ,  0.035167, -0.000893 
  0.142261 ,  0.033065, -0.004884 
  0.142574 ,  0.030821, -0.007347 
  0.142775 ,  0.028438, -0.008247 
  0.142865 ,  0.025921, -0.007753 
  0.142845 ,  0.023277, -0.006193 
  0.142715 ,  0.020513, -0.003989 
  0.142476 ,  0.017638, -0.001594 
  0.142129 ,  0.014665, 0.000586 
  0.141675 ,  0.011604, 0.002238 
  0.141114 ,  0.008468, 0.003185 
  0.140449 ,  0.005274, 0.003396 
  0.139680 ,  0.002036, 0.002980 
  0.138809 ,  -0.001229, 0.002148 
  0.137837 ,  -0.004504, 0.001175 
  0.136766 ,  -0.007771, 0.000340 
  0.135598 ,  -0.011011, -0.000121 
  0.134334 ,  -0.014206, -0.000059 
  0.132977 ,  -0.017336, 0.000567 
  0.131528 ,  -0.020384, 0.001676 
  0.129989 ,  -0.023331, 0.003083 
  0.128364 ,  -0.026160, 0.004530 
  0.126653 ,  -0.028854, 0.005726 
  0.124860 ,  -0.031396, 0.006395 
  0.122986 ,  -0.033772, 0.006324 
  0.121035 ,  -0.035969, 0.005396 
  0.119009 ,  -0.037975, 0.003613 
  0.116911 ,  -0.039779, 0.001100 
  0.114742 ,  -0.041373, -0.001912 
  0.112507 ,  -0.042751, -0.005113 
  0.110208 ,  -0.043906, -0.008158 
  0.107848 ,  -0.044837, -0.010713 
  0.105430 ,  -0.045543, -0.012502 
  0.102956 ,  -0.046024, -0.013341 
  0.100431 ,  -0.046283, -0.013164 
  0.097856 ,  -0.046326, -0.012026 
  0.095236 ,  -0.046159, -0.010098 
  0.092573 ,  -0.045791, -0.007637 
  0.089871 ,  -0.045231, -0.004949 
  0.087132 ,  -0.044491, -0.002347 
  0.084360 ,  -0.043583, -0.000111 
  0.081558 ,  -0.042522, 0.001554 
  0.078730 ,  -0.041321, 0.002538 
  0.075878 ,  -0.039997, 0.002837 
  0.073007 ,  -0.038566, 0.002548 
  0.070118 ,  -0.037042, 0.001852 
  0.067216 ,  -0.035444, 0.000977 
  0.064304 ,  -0.033785, 0.000169 
  0.061385 ,  -0.032083, -0.000351 
  0.058462 ,  -0.030353, -0.000418 
  0.055539 ,  -0.028608, 0.000055 
  0.052618 ,  -0.026861, 0.001062 
  0.049702 ,  -0.025126, 0.002515 
  0.046796 ,  -0.023414, 0.004248 
  0.043902 ,  -0.021733, 0.006052 
  0.041022 ,  -0.020091, 0.007701 
  0.038160 ,  -0.018497, 0.008986 
  0.035320 ,  -0.016954, 0.009744 
  0.032503 ,  -0.015466, 0.009878 
  0.029713 ,  -0.014035, 0.009369 
  0.026952 ,  -0.012661, 0.008275 
  0.024223 ,  -0.011343, 0.006717 
  0.021529 ,  -0.010077, 0.004864 
  0.018872 ,  -0.008860, 0.002898 
  0.016255 ,  -0.007686, 0.000998 
  0.013680 ,  -0.006550, -0.000694 
  0.011150 ,  -0.005442, -0.002083 
  0.008667 ,  -0.004356, -0.003130 
  0.006234 ,  -0.003282, -0.003854 
  0.003851 ,  -0.002211, -0.004316 
  0.001521 ,  -0.001135, -0.004603 
  -0.000753 ,  -0.000043, -0.004807 
  -0.002970 ,  0.001073, -0.004997 
  -0.005128 ,  0.002222, -0.005210 
  -0.007226 ,  0.003412, -0.005431 
  -0.009262 ,  0.004650, -0.005596 
  -0.011235 ,  0.005942, -0.005601 
  -0.013142 ,  0.007292, -0.005318 
  -0.014984 ,  0.008706, -0.004619 
  -0.016758 ,  0.010185, -0.003406 
  -0.018464 ,  0.011729, -0.001637 
  -0.020101 ,  0.013339, 0.000654 
  -0.021668 ,  0.015011, 0.003344 
  -0.023164 ,  0.016741, 0.006222 
  -0.024589 ,  0.018524, 0.009001 
  -0.025942 ,  0.020352, 0.011345 
  -0.027222 ,  0.022216, 0.012904 
  -0.028430 ,  0.024106, 0.013357 
  -0.029565 ,  0.026010, 0.012458 
  -0.030627 ,  0.027914, 0.010072 
  -0.031616 ,  0.029804, 0.006210 
  -0.032533 ,  0.031666, 0.001042 
  -0.033377 ,  0.033483, -0.005101 
  -0.034149 ,  0.035239, -0.011748 
  -0.034849 ,  0.036917, -0.018322 
  -0.035478 ,  0.038500, -0.024194 
  -0.036037 ,  0.039971, -0.028742 
  -0.036526 ,  0.041313, -0.031417 
  -0.036946 ,  0.042511, -0.031805 
  -0.037298 ,  0.043550, -0.029680 
  -0.037583 ,  0.044415, -0.025041 
  -0.037803 ,  0.045094, -0.018122 
  -0.037958 ,  0.045574, -0.009390 
  -0.038050 ,  0.045846, 0.000495 
  -0.038080 ,  0.045902, 0.010731 
  -0.038050 ,  0.045734, 0.020449 
  -0.037961 ,  0.045339, 0.028799 
  -0.037815 ,  0.044714, 0.035031 
  -0.037614 ,  0.043859, 0.038580 
  -0.037360 ,  0.042775, 0.039125 
  -0.037054 ,  0.041467, 0.036631 
  -0.036698 ,  0.039939, 0.031361 
  -0.036295 ,  0.038201, 0.023857 
  -0.035847 ,  0.036262, 0.014887 
  -0.035355 ,  0.034134, 0.005372 
  -0.034822 ,  0.031831, -0.003710 
  -0.034251 ,  0.029368, -0.011434 
  -0.033643 ,  0.026762, -0.017024 
  -0.033000 ,  0.024030, -0.019945 
  -0.032326 ,  0.021191, -0.019968 
  -0.031623 ,  0.018265, -0.017198 
  -0.030893 ,  0.015272, -0.012074 
  -0.030138 ,  0.012233, -0.005317 
  -0.029362 ,  0.009169, 0.002144 
  -0.028567 ,  0.006099, 0.009281 
  -0.027755 ,  0.003045, 0.015087 
  -0.026929 ,  0.000026, 0.018696 
  -0.026091 ,  -0.002939, 0.019495 
  -0.025245 ,  -0.005832, 0.017204 
  -0.024393 ,  -0.008637, 0.011916 
  -0.023537 ,  -0.011338, 0.004102 
  -0.022680 ,  -0.013921, -0.005440 
  -0.021825 ,  -0.016374, -0.015669 
  -0.020974 ,  -0.018686, -0.025426 
  -0.020130 ,  -0.020850, -0.033566 
  -0.019296 ,  -0.022857, -0.039097 
  -0.018473 ,  -0.024702, -0.041307 
  -0.017665 ,  -0.026384, -0.039853 
  -0.016874 ,  -0.027900, -0.034807 
  -0.016103 ,  -0.029250, -0.026657 
  -0.015354 ,  -0.030438, -0.016249 
  -0.014628 ,  -0.031467, -0.004692 
  -0.013930 ,  -0.032342, 0.006777 
  -0.013260 ,  -0.033070, 0.016942 
  -0.012622 ,  -0.033659, 0.024757 
  -0.012017 ,  -0.034118, 0.029473 
  -0.011448 ,  -0.034457, 0.030729 
  -0.010915 ,  -0.034687, 0.028594 
  -0.010423 ,  -0.034817, 0.023554 
  -0.009972 ,  -0.034860, 0.016449 
  -0.009564 ,  -0.034827, 0.008355 
  -0.009202 ,  -0.034729, 0.000451 
  -0.008886 ,  -0.034576, -0.006142 
  -0.008618 ,  -0.034380, -0.010505 
  -0.008401 ,  -0.034149, -0.012038 
  -0.008235 ,  -0.033892, -0.010542 
  -0.008122 ,  -0.033618, -0.006240 
  -0.008062 ,  -0.033332, 0.000253 
  -0.008058 ,  -0.033041, 0.008014 
  -0.008111 ,  -0.032749, 0.015936 
  -0.008221 ,  -0.032458, 0.022873 
  -0.008389 ,  -0.032170, 0.027792 
  -0.008616 ,  -0.031885, 0.029914 
  -0.008903 ,  -0.031602, 0.028810 
  -0.009251 ,  -0.031317, 0.024462 
  -0.009659 ,  -0.031028, 0.017263 
  -0.010129 ,  -0.030728, 0.007966 
  -0.010660 ,  -0.030412, -0.002411 
  -0.011253 ,  -0.030073, -0.012719 
  -0.011908 ,  -0.029701, -0.021820 
  -0.012625 ,  -0.029289, -0.028731 
  -0.013403 ,  -0.028827, -0.032742 
  -0.014243 ,  -0.028305, -0.033498 
  -0.015144 ,  -0.027714, -0.031036 
  -0.016106 ,  -0.027042, -0.025768 
  -0.017128 ,  -0.026282, -0.018420 
  -0.018210 ,  -0.025422, -0.009935 
  -0.019350 ,  -0.024455, -0.001346 
  -0.020548 ,  -0.023373, 0.006351 
  -0.021803 ,  -0.022167, 0.012317 
  -0.023114 ,  -0.020832, 0.015963 
  -0.024480 ,  -0.019364, 0.017011 
  -0.025898 ,  -0.017758, 0.015511 
  -0.027369 ,  -0.016012, 0.011818 
  -0.028890 ,  -0.014125, 0.006526 
  -0.030460 ,  -0.012099, 0.000390 
  -0.032077 ,  -0.009936, -0.005782 
  -0.033740 ,  -0.007640, -0.011226 
  -0.035446 ,  -0.005217, -0.015309 
  -0.037194 ,  -0.002675, -0.017597 
  -0.038982 ,  -0.000023, -0.017890 
  -0.040807 ,  0.002730, -0.016229 
  -0.042667 ,  0.005569, -0.012867 
  -0.044561 ,  0.008483, -0.008230 
  -0.046485 ,  0.011456, -0.002848 
  -0.048438 ,  0.014473, 0.002707 
  -0.050416 ,  0.017517, 0.007891 
  -0.052418 ,  0.020570, 0.012241 
  -0.054440 ,  0.023614, 0.015412 
  -0.056480 ,  0.026631, 0.017201 
  -0.058536 ,  0.029601, 0.017549 
  -0.060604 ,  0.032506, 0.016531 
  -0.062682 ,  0.035328, 0.014333 
  -0.064766 ,  0.038047, 0.011222 
  -0.066854 ,  0.040646, 0.007519 
  -0.068944 ,  0.043107, 0.003567 
  -0.071031 ,  0.045415, -0.000298 
  -0.073113 ,  0.047552, -0.003758 
  -0.075187 ,  0.049507, -0.006542 
  -0.077249 ,  0.051264, -0.008429 
  -0.079298 ,  0.052813, -0.009264 
  -0.081329 ,  0.054143, -0.008967 
  -0.083339 ,  0.055245, -0.007536 
  -0.085326 ,  0.056113, -0.005058 
  -0.087287 ,  0.056741, -0.001705 
  -0.089217 ,  0.057125, 0.002269 
  -0.091115 ,  0.057262, 0.006542 
  -0.092976 ,  0.057153, 0.010741 
  -0.094799 ,  0.056798, 0.014471 
  -0.096579 ,  0.056199, 0.017354 
  -0.098314 ,  0.055362, 0.019060 
  -0.100002 ,  0.054291, 0.019346 
  -0.101638 ,  0.052993, 0.018087 
  -0.103220 ,  0.051477, 0.015293 
  -0.104745 ,  0.049751, 0.011117 
  -0.106211 ,  0.047825, 0.005843 
  -0.107614 ,  0.045710, -0.000143 
  -0.108951 ,  0.043419, -0.006387 
  -0.110221 ,  0.040963, -0.012421 
  -0.111421 ,  0.038356, -0.017812 
  -0.112547 ,  0.035610, -0.022203 
  -0.113598 ,  0.032740, -0.025357 
  -0.114570 ,  0.029758, -0.027167 
  -0.115463 ,  0.026678, -0.027662 
  -0.116272 ,  0.023515, -0.026988 
  -0.116998 ,  0.020281, -0.025374 
  -0.117636 ,  0.016990, -0.023087 
  -0.118185 ,  0.013654, -0.020393 
  -0.118644 ,  0.010287, -0.017505 
  -0.119011 ,  0.006900, -0.014561 
  -0.119283 ,  0.003505, -0.011606 
  -0.119459 ,  0.000114, -0.008597 
  -0.119538 ,  -0.003262, -0.005425 
  -0.119519 ,  -0.006614, -0.001953 
  -0.119399 ,  -0.009932, 0.001942 
  -0.119178 ,  -0.013205, 0.006325 
  -0.118855 ,  -0.016426, 0.011167 
  -0.118429 ,  -0.019584, 0.016325 
  -0.117899 ,  -0.022674, 0.021543 
  -0.117264 ,  -0.025685, 0.026467 
  -0.116524 ,  -0.028611, 0.030691 
  -0.115678 ,  -0.031445, 0.033804 
  -0.114726 ,  -0.034179, 0.035446 
  -0.113668 ,  -0.036807, 0.035370 
  -0.112503 ,  -0.039321, 0.033478 
  -0.111232 ,  -0.041716, 0.029846 
  -0.109855 ,  -0.043985, 0.024723 
  -0.108371 ,  -0.046122, 0.018505 
  -0.106783 ,  -0.048120, 0.011692 
  -0.105089 ,  -0.049973, 0.004823 
  -0.103291 ,  -0.051675, -0.001586 
  -0.101390 ,  -0.053220, -0.007109 
  -0.099385 ,  -0.054603, -0.011458 
  -0.097280 ,  -0.055818, -0.014510 
  -0.095074 ,  -0.056859, -0.016309 
  -0.092769 ,  -0.057721, -0.017048 
  -0.090366 ,  -0.058400, -0.017026 
  -0.087867 ,  -0.058890, -0.016586 
  -0.085274 ,  -0.059188, -0.016060 
  -0.082588 ,  -0.059290, -0.015706 
  -0.079811 ,  -0.059193, -0.015674 
  -0.076945 ,  -0.058894, -0.015976 
  -0.073993 ,  -0.058392, -0.016499 
  -0.070957 ,  -0.057686, -0.017025 
  -0.067838 ,  -0.056775, -0.017280 
  -0.064640 ,  -0.055660, -0.016990 
  -0.061365 ,  -0.054343, -0.015934 
  -0.058015 ,  -0.052826, -0.013998 
  -0.054594 ,  -0.051113, -0.011199 
  -0.051104 ,  -0.049209, -0.007693 
  -0.047549 ,  -0.047118, -0.003760 
  -0.043931 ,  -0.044849, 0.000241 
  -0.040253 ,  -0.042409, 0.003925 
  -0.036519 ,  -0.039806, 0.006943 
  -0.032731 ,  -0.037050, 0.009040 
  -0.028894 ,  -0.034153, 0.010099 
  -0.025011 ,  -0.031125, 0.010160 
  -0.021085 ,  -0.027980, 0.009416 
  -0.017120 ,  -0.024731, 0.008181 
  -0.013119 ,  -0.021392, 0.006837 
  -0.009087 ,  -0.017978, 0.005765 
  -0.005026 ,  -0.014503, 0.005283 
  -0.000942 ,  -0.010983, 0.005581 
  0.003164 ,  -0.007434, 0.006683 
  0.007286 ,  -0.003872, 0.008441 
  0.011421 ,  -0.000312, 0.010550 
  0.015564 ,  0.003230, 0.012597 
  0.019712 ,  0.006739, 0.014127 
  0.023862 ,  0.010199, 0.014729 
  0.028008 ,  0.013596, 0.014108 
  0.032147 ,  0.016917, 0.012147 
  0.036274 ,  0.020147, 0.008944 
  0.040387 ,  0.023276, 0.004813 
  0.044480 ,  0.026290, 0.000249 
  0.048550 ,  0.029181, -0.004142 
  0.052594 ,  0.031938, -0.007727 
  0.056606 ,  0.034554, -0.009952 
  0.060582 ,  0.037022, -0.010434 
  0.064520 ,  0.039335, -0.009031 
  0.068416 ,  0.041489, -0.005888 
  0.072264 ,  0.043480, -0.001432 
  0.076062 ,  0.045307, 0.003673 
  0.079806 ,  0.046967, 0.008608 
  0.083492 ,  0.048461, 0.012514 
  0.087116 ,  0.049790, 0.014610 
  0.090675 ,  0.050956, 0.014319 
  0.094166 ,  0.051961, 0.011357 
  0.097584 ,  0.052808, 0.005798 
  0.100927 ,  0.053501, -0.001922 
  0.104191 ,  0.054046, -0.011040 
  0.107374 ,  0.054447, -0.020555 
  0.110471 ,  0.054709, -0.029351 
  0.113480 ,  0.054838, -0.036338 
  0.116397 ,  0.054840, -0.040596 
  0.119221 ,  0.054720, -0.041492 
  0.121948 ,  0.054483, -0.038775 
  0.124576 ,  0.054134, -0.032606 
  0.127102 ,  0.053679, -0.023546 
  0.129524 ,  0.053122, -0.012486 
  0.131839 ,  0.052466, -0.000538 
  0.134045 ,  0.051715, 0.011103 
  0.136141 ,  0.050871, 0.021307 
  0.138123 ,  0.049937, 0.029145 
  0.139991 ,  0.048914, 0.033993 
  0.141743 ,  0.047803, 0.035600 
  0.143377 ,  0.046603, 0.034097 
  0.144891 ,  0.045315, 0.029965 
  0.146285 ,  0.043938, 0.023955 
  0.147557 ,  0.042469, 0.016973 
  0.148706 ,  0.040907, 0.009956 
  0.149731 ,  0.039249, 0.003747 
  0.150632 ,  0.037494, -0.001005 
  0.151407 ,  0.035638, -0.003920 
  0.152057 ,  0.033678, -0.004918 
  0.152582 ,  0.031611, -0.004197 
  0.152979 ,  0.029436, -0.002192 
  0.153251 ,  0.027150, 0.000515 
  0.153397 ,  0.024751, 0.003289 
  0.153417 ,  0.022238, 0.005537 
  0.153311 ,  0.019610, 0.006799 
  0.153080 ,  0.016869, 0.006802 
  0.152725 ,  0.014014, 0.005489 
  0.152246 ,  0.011048, 0.003014 
  0.151645 ,  0.007975, -0.000297 
  0.150922 ,  0.004798, -0.004008 
  0.150079 ,  0.001524, -0.007643 
  0.149117 ,  -0.001841, -0.010763 
  0.148038 ,  -0.005290, -0.013028 
  0.146842 ,  -0.008811, -0.014240 
  0.145532 ,  -0.012395, -0.014362 
  0.144110 ,  -0.016031, -0.013508 
  0.142578 ,  -0.019704, -0.011910 
  0.140937 ,  -0.023402, -0.009873 
  0.139190 ,  -0.027108, -0.007716 
  0.137340 ,  -0.030808, -0.005722 
  0.135389 ,  -0.034483, -0.004087 
  0.133338 ,  -0.038117, -0.002906 
  0.131192 ,  -0.041691, -0.002157 
  0.128953 ,  -0.045187, -0.001724 
  0.126623 ,  -0.048586, -0.001429 
  0.124206 ,  -0.051870, -0.001074 
  0.121705 ,  -0.055019, -0.000484 
  0.119123 ,  -0.058016, 0.000447 
  0.116463 ,  -0.060841, 0.001737 
  0.113728 ,  -0.063479, 0.003306 
  0.110923 ,  -0.065912, 0.004983 
  0.108049 ,  -0.068125, 0.006538 
  0.105112 ,  -0.070102, 0.007724 
  0.102114 ,  -0.071832, 0.008318 
  0.099059 ,  -0.073301, 0.008172 
  0.095951 ,  -0.074499, 0.007243 
  0.092793 ,  -0.075417, 0.005609 
  0.089590 ,  -0.076048, 0.003470 
  0.086346 ,  -0.076387, 0.001124 
  0.083063 ,  -0.076429, -0.001078 
  0.079747 ,  -0.076172, -0.002774 
  0.076401 ,  -0.075617, -0.003659 
  0.073028 ,  -0.074765, -0.003527 
  0.069634 ,  -0.073619, -0.002312 
  0.066221 ,  -0.072184, -0.000111 
  0.062795 ,  -0.070468, 0.002827 
  0.059359 ,  -0.068478, 0.006122 
  0.055916 ,  -0.066224, 0.009314 
  0.052471 ,  -0.063718, 0.011921 
  0.049028 ,  -0.060972, 0.013506 
  0.045591 ,  -0.058000, 0.013744 
  0.042163 ,  -0.054817, 0.012466 
  0.038750 ,  -0.051438, 0.009694 
  0.035353 ,  -0.047879, 0.005642 
  0.031978 ,  -0.044158, 0.000702 
  0.028627 ,  -0.040291, -0.004610 
  0.025305 ,  -0.036297, -0.009708 
  0.022016 ,  -0.032192, -0.014014 
  0.018762 ,  -0.027995, -0.017032 
  0.015547 ,  -0.023723, -0.018415 
  0.012376 ,  -0.019394, -0.018007 
  0.009251 ,  -0.015024, -0.015872 
  0.006175 ,  -0.010630, -0.012287 
  0.003152 ,  -0.006228, -0.007713 
  0.000185 ,  -0.001833, -0.002733 
  -0.002724 ,  0.002540, 0.002013 
  -0.005570 ,  0.006877, 0.005912 
  -0.008352 ,  0.011166, 0.008456 
  -0.011066 ,  0.015393, 0.009310 
  -0.013710 ,  0.019548, 0.008353 
  -0.016282 ,  0.023620, 0.005703 
  -0.018778 ,  0.027598, 0.001700 
  -0.021197 ,  0.031474, -0.003126 
  -0.023536 ,  0.035238, -0.008125 
  -0.025794 ,  0.038884, -0.012598 
  -0.027968 ,  0.042403, -0.015890 
  -0.030057 ,  0.045789, -0.017469 
  -0.032058 ,  0.049036, -0.016995 
  -0.033971 ,  0.052137, -0.014366 
  -0.035793 ,  0.055087, -0.009736 
  -0.037524 ,  0.057881, -0.003502 
  -0.039163 ,  0.060514, 0.003739 
  -0.040707 ,  0.062980, 0.011260 
  -0.042157 ,  0.065275, 0.018284 
  -0.043511 ,  0.067394, 0.024079 
  -0.044770 ,  0.069331, 0.028042 
  -0.045931 ,  0.071084, 0.029772 
  -0.046996 ,  0.072645, 0.029117 
  -0.047964 ,  0.074011, 0.026189 
  -0.048834 ,  0.075177, 0.021352 
  -0.049607 ,  0.076137, 0.015170 
  -0.050283 ,  0.076887, 0.008342 
  -0.050863 ,  0.077423, 0.001608 
  -0.051346 ,  0.077740, -0.004340 
  -0.051734 ,  0.077832, -0.008947 
  -0.052026 ,  0.077697, -0.011860 
  -0.052225 ,  0.077331, -0.012976 
  -0.052331 ,  0.076729, -0.012443 
  -0.052345 ,  0.075890, -0.010638 
  -0.052268 ,  0.074812, -0.008112 
  -0.052102 ,  0.073493, -0.005503 
  -0.051848 ,  0.071932, -0.003448 
  -0.051508 ,  0.070130, -0.002484 
  -0.051084 ,  0.068089, -0.002965 
  -0.050578 ,  0.065812, -0.005002 
  -0.049990 ,  0.063301, -0.008441 
  -0.049325 ,  0.060562, -0.012869 
  -0.048583 ,  0.057602, -0.017665 
  -0.047767 ,  0.054428, -0.022077 
  -0.046880 ,  0.051050, -0.025329 
  -0.045924 ,  0.047477, -0.026723 
  -0.044902 ,  0.043723, -0.025751 
  -0.043815 ,  0.039799, -0.022173 
  -0.042668 ,  0.035722, -0.016070 
  -0.041463 ,  0.031506, -0.007852 
  -0.040202 ,  0.027169, 0.001775 
  -0.038889 ,  0.022730, 0.011884 
  -0.037528 ,  0.018207, 0.021436 
  -0.036120 ,  0.013621, 0.029403 
  -0.034669 ,  0.008993, 0.034902 
  -0.033179 ,  0.004343, 0.037305 
  -0.031653 ,  -0.000305, 0.036332 
  -0.030093 ,  -0.004930, 0.032089 
  -0.028505 ,  -0.009510, 0.025070 
  -0.026890 ,  -0.014022, 0.016098 
  -0.025252 ,  -0.018445, 0.006232 
  -0.023595 ,  -0.022758, -0.003365 
  -0.021923 ,  -0.026940, -0.011566 
  -0.020238 ,  -0.030971, -0.017426 
  -0.018545 ,  -0.034834, -0.020300 
  -0.016846 ,  -0.038510, -0.019926 
  -0.015146 ,  -0.041985, -0.016462 
  -0.013448 ,  -0.045243, -0.010464 
  -0.011755 ,  -0.048272, -0.002818 
  -0.010071 ,  -0.051063, 0.005378 
  -0.008399 ,  -0.053605, 0.012950 
  -0.006743 ,  -0.055892, 0.018806 
  -0.005107 ,  -0.057919, 0.022076 
  -0.003493 ,  -0.059684, 0.022227 
  -0.001905 ,  -0.061186, 0.019134 
  -0.000346 ,  -0.062426, 0.013097 
  0.001181 ,  -0.063408, 0.004804 
  0.002671 ,  -0.064138, -0.004758 
  0.004123 ,  -0.064622, -0.014431 
  0.005534 ,  -0.064871, -0.023034 
  0.006899 ,  -0.064893, -0.029519 
  0.008217 ,  -0.064702, -0.033103 
  0.009484 ,  -0.064311, -0.033370 
  0.010697 ,  -0.063735, -0.030322 
  0.011855 ,  -0.062988, -0.024376 
  0.012954 ,  -0.062088, -0.016306 
  0.013992 ,  -0.061050, -0.007139 
  0.014967 ,  -0.059892, 0.001980 
  0.015876 ,  -0.058630, 0.009941 
  0.016716 ,  -0.057282, 0.015814 
  0.017487 ,  -0.055864, 0.018968 
  0.018186 ,  -0.054392, 0.019149 
  0.018811 ,  -0.052880, 0.016511 
  0.019360 ,  -0.051344, 0.011584 
  0.019832 ,  -0.049795, 0.005205 
  0.020225 ,  -0.048246, -0.001607 
  0.020538 ,  -0.046706, -0.007787 
  0.020770 ,  -0.045185, -0.012371 
  0.020919 ,  -0.043689, -0.014626 
  0.020984 ,  -0.042224, -0.014149 
  0.020966 ,  -0.040793, -0.010919 
  0.020862 ,  -0.039399, -0.005302 
  0.020672 ,  -0.038040, 0.002007 
  0.020397 ,  -0.036716, 0.010069 
  0.020035 ,  -0.035424, 0.017836 
  0.019586 ,  -0.034158, 0.024286 
  0.019050 ,  -0.032913, 0.028564 
  0.018428 ,  -0.031679, 0.030088 
  0.017719 ,  -0.030450, 0.028628 
  0.016925 ,  -0.029215, 0.024332 
  0.016044 ,  -0.027963, 0.017703 
  0.015079 ,  -0.026684, 0.009528 
  0.014030 ,  -0.025364, 0.000771 
  0.012897 ,  -0.023994, -0.007556 
  0.011682 ,  -0.022560, -0.014527 
  0.010386 ,  -0.021052, -0.019419 
  0.009010 ,  -0.019458, -0.021802 
  0.007556 ,  -0.017767, -0.021587 
  0.006025 ,  -0.015971, -0.019029 
  0.004419 ,  -0.014059, -0.014678 
  0.002739 ,  -0.012026, -0.009293 
  0.000988 ,  -0.009865, -0.003737 
  -0.000833 ,  -0.007572, 0.001156 
  -0.002720 ,  -0.005144, 0.004687 
  -0.004673 ,  -0.002581, 0.006394 
  -0.006688 ,  0.000117, 0.006108 
  -0.008764 ,  0.002947, 0.003968 
  -0.010897 ,  0.005905, 0.000396 
  -0.013085 ,  0.008982, -0.003974 
  -0.015324 ,  0.012171, -0.008392 
  -0.017614 ,  0.015461, -0.012103 
  -0.019949 ,  0.018840, -0.014460 
  -0.022328 ,  0.022294, -0.015018 
  -0.024746 ,  0.025806, -0.013600 
  -0.027202 ,  0.029361, -0.010320 
  -0.029691 ,  0.032940, -0.005569 
  -0.032211 ,  0.036524, 0.000043 
  -0.034757 ,  0.040092, 0.005773 
  -0.037327 ,  0.043624, 0.010852 
  -0.039917 ,  0.047098, 0.014595 
  -0.042523 ,  0.050493, 0.016496 
  -0.045142 ,  0.053787, 0.016300 
  -0.047771 ,  0.056959, 0.014041 
  -0.050404 ,  0.059989, 0.010034 
  -0.053040 ,  0.062857, 0.004833 
  -0.055673 ,  0.065542, -0.000846 
  -0.058301 ,  0.068028, -0.006225 
  -0.060919 ,  0.070297, -0.010571 
  -0.063524 ,  0.072335, -0.013292 
  -0.066112 ,  0.074127, -0.014018 
  -0.068679 ,  0.075662, -0.012646 
  -0.071222 ,  0.076930, -0.009353 
  -0.073737 ,  0.077922, -0.004562 
  -0.076220 ,  0.078634, 0.001115 
  -0.078667 ,  0.079060, 0.006965 
  -0.081074 ,  0.079199, 0.012272 
  -0.083439 ,  0.079052, 0.016410 
  -0.085758 ,  0.078620, 0.018922 
  -0.088026 ,  0.077908, 0.019574 
  -0.090240 ,  0.076922, 0.018378 
  -0.092398 ,  0.075670, 0.015574 
  -0.094495 ,  0.074161, 0.011588 
  -0.096529 ,  0.072407, 0.006963 
  -0.098495 ,  0.070419, 0.002277 
  -0.100392 ,  0.068213, -0.001938 
  -0.102215 ,  0.065802, -0.005266 
  -0.103962 ,  0.063201, -0.007457 
  -0.105629 ,  0.060428, -0.008451 
  -0.107215 ,  0.057497, -0.008368 
  -0.108715 ,  0.054427, -0.007480 
  -0.110128 ,  0.051234, -0.006151 
  -0.111452 ,  0.047933, -0.004774 
  -0.112682 ,  0.044543, -0.003708 
  -0.113818 ,  0.041077, -0.003218 
  -0.114857 ,  0.037552, -0.003434 
  -0.115797 ,  0.033982, -0.004342 
  -0.116635 ,  0.030379, -0.005788 
  -0.117371 ,  0.026756, -0.007509 
  -0.118002 ,  0.023125, -0.009184 
  -0.118526 ,  0.019494, -0.010487 
  -0.118943 ,  0.015874, -0.011144 
  -0.119251 ,  0.012270, -0.010977 
  -0.119448 ,  0.008691, -0.009934 
  -0.119533 ,  0.005139, -0.008094 
  -0.119507 ,  0.001620, -0.005657 
  -0.119367 ,  -0.001864, -0.002907 
  -0.119113 ,  -0.005311, -0.000169 
  -0.118744 ,  -0.008720, 0.002243 
  -0.118261 ,  -0.012092, 0.004077 
  -0.117663 ,  -0.015427, 0.005178 
  -0.116949 ,  -0.018726, 0.005509 
  -0.116121 ,  -0.021990, 0.005158 
  -0.115178 ,  -0.025222, 0.004315 
  -0.114120 ,  -0.028423, 0.003241 
  -0.112947 ,  -0.031595, 0.002225 
  -0.111662 ,  -0.034739, 0.001532 
  -0.110264 ,  -0.037856, 0.001368 
  -0.108753 ,  -0.040947, 0.001839 
  -0.107133 ,  -0.044010, 0.002943 
  -0.105402 ,  -0.047046, 0.004568 
  -0.103563 ,  -0.050051, 0.006512 
  -0.101618 ,  -0.053022, 0.008518 
  -0.099567 ,  -0.055956, 0.010312 
  -0.097413 ,  -0.058846, 0.011650 
  -0.095157 ,  -0.061685, 0.012347 
  -0.092802 ,  -0.064467, 0.012311 
  -0.090349 ,  -0.067180, 0.011546 
  -0.087801 ,  -0.069815, 0.010151 
  -0.085160 ,  -0.072361, 0.008293 
  -0.082429 ,  -0.074803, 0.006184 
  -0.079609 ,  -0.077130, 0.004036 
  -0.076705 ,  -0.079325, 0.002031 
  -0.073718 ,  -0.081374, 0.000294 
  -0.070652 ,  -0.083261, -0.001131 
  -0.067510 ,  -0.084969, -0.002271 
  -0.064294 ,  -0.086483, -0.003221 
  -0.061008 ,  -0.087784, -0.004115 
  -0.057656 ,  -0.088858, -0.005097 
  -0.054240 ,  -0.089687, -0.006283 
  -0.050764 ,  -0.090257, -0.007737 
  -0.047232 ,  -0.090553, -0.009447 
  -0.043647 ,  -0.090561, -0.011322 
  -0.040013 ,  -0.090269, -0.013197 
  -0.036333 ,  -0.089665, -0.014859 
  -0.032612 ,  -0.088742, -0.016073 
  -0.028854 ,  -0.087489, -0.016622 
  -0.025061 ,  -0.085903, -0.016342 
  -0.021239 ,  -0.083980, -0.015154 
  -0.017391 ,  -0.081717, -0.013076 
  -0.013521 ,  -0.079116, -0.010230 
  -0.009633 ,  -0.076180, -0.006829 
  -0.005732 ,  -0.072915, -0.003152 
  -0.001820 ,  -0.069328, 0.000492 
  0.002096 ,  -0.065431, 0.003801 
  0.006015 ,  -0.061234, 0.006522 
  0.009930 ,  -0.056755, 0.008478 
  0.013839 ,  -0.052010, 0.009588 
  0.017738 ,  -0.047019, 0.009873 
  0.021621 ,  -0.041803, 0.009447 
  0.025485 ,  -0.036385, 0.008494 
  0.029326 ,  -0.030791, 0.007242 
  0.033141 ,  -0.025048, 0.005926 
  0.036924 ,  -0.019182, 0.004756 
  0.040673 ,  -0.013222, 0.003896 
  0.044382 ,  -0.007199, 0.003442 
  0.048049 ,  -0.001143, 0.003423 
  0.051670 ,  0.004917, 0.003805 
  0.055241 ,  0.010949, 0.004505 
  0.058757 ,  0.016922, 0.005412 
  0.062217 ,  0.022809, 0.006412 
  0.065615 ,  0.028578, 0.007401 
  0.068949 ,  0.034202, 0.008299 
  0.072215 ,  0.039654, 0.009054 
  0.075410 ,  0.044908, 0.009639 
  0.078531 ,  0.049940, 0.010038 
  0.081574 ,  0.054728, 0.010236 
  0.084538 ,  0.059252, 0.010201 
  0.087417 ,  0.063493, 0.009876 
  0.090211 ,  0.067436, 0.009176 
  0.092916 ,  0.071066, 0.007997 
  0.095529 ,  0.074373, 0.006229 
  0.098049 ,  0.077347, 0.003779 
  0.100472 ,  0.079983, 0.000599 
  0.102797 ,  0.082276, -0.003287 
  0.105021 ,  0.084225, -0.007769 
  0.107142 ,  0.085830, -0.012637 
  0.109159 ,  0.087095, -0.017588 
  0.111069 ,  0.088025, -0.022246 
  0.112872 ,  0.088627, -0.026195 
  0.114565 ,  0.088910, -0.029024 
  0.116148 ,  0.088886, -0.030377 
  0.117618 ,  0.088567, -0.029998 
  0.118975 ,  0.087967, -0.027773 
  0.120218 ,  0.087101, -0.023753 
  0.121346 ,  0.085985, -0.018165 
  0.122359 ,  0.084637, -0.011393 
  0.123255 ,  0.083073, -0.003950 
  0.124035 ,  0.081312, 0.003576 
  0.124698 ,  0.079372, 0.010583 
  0.125243 ,  0.077271, 0.016515 
  0.125672 ,  0.075027, 0.020923 
  0.125984 ,  0.072657, 0.023513 
  0.126179 ,  0.070178, 0.024177 
  0.126258 ,  0.067607, 0.022998 
  0.126222 ,  0.064957, 0.020236 
  0.126070 ,  0.062245, 0.016299 
  0.125805 ,  0.059483, 0.011686 
  0.125425 ,  0.056682, 0.006935 
  0.124934 ,  0.053854, 0.002555 
  0.124332 ,  0.051007, -0.001022 
  0.123620 ,  0.048151, -0.003490 
  0.122800 ,  0.045290, -0.004693 
  0.121873 ,  0.042431, -0.004633 
  0.120841 ,  0.039578, -0.003460 
  0.119705 ,  0.036733, -0.001438 
  0.118469 ,  0.033898, 0.001086 
  0.117132 ,  0.031073, 0.003735 
  0.115699 ,  0.028258, 0.006149 
  0.114171 ,  0.025451, 0.008021 
  0.112550 ,  0.022650, 0.009136 
  0.110839 ,  0.019853, 0.009382 
  0.109039 ,  0.017054, 0.008758 
  0.107155 ,  0.014252, 0.007362 
  0.105188 ,  0.011441, 0.005369 
  0.103142 ,  0.008619, 0.003005 
  0.101018 ,  0.005781, 0.000509 
  0.098821 ,  0.002923, -0.001893 
  0.096552 ,  0.000042, -0.004019 
  0.094216 ,  -0.002864, -0.005747 
  0.091815 ,  -0.005798, -0.007025 
  0.089352 ,  -0.008761, -0.007870 
  0.086830 ,  -0.011753, -0.008354 
  0.084254 ,  -0.014774, -0.008591 
  0.081625 ,  -0.017822, -0.008708 
  0.078948 ,  -0.020895, -0.008825 
  0.076226 ,  -0.023989, -0.009034 
  0.073462 ,  -0.027099, -0.009377 
  0.070660 ,  -0.030219, -0.009843 
  0.067823 ,  -0.033341, -0.010363 
  0.064955 ,  -0.036458, -0.010820 
  0.062059 ,  -0.039559, -0.011065 
  0.059139 ,  -0.042635, -0.010940 
  0.056198 ,  -0.045673, -0.010302 
  0.053239 ,  -0.048662, -0.009050 
  0.050267 ,  -0.051587, -0.007146 
  0.047284 ,  -0.054436, -0.004629 
  0.044294 ,  -0.057195, -0.001621 
  0.041301 ,  -0.059847, 0.001679 
  0.038308 ,  -0.062378, 0.005012 
  0.035319 ,  -0.064774, 0.008088 
  0.032336 ,  -0.067018, 0.010618 
  0.029363 ,  -0.069096, 0.012353 
  0.026404 ,  -0.070994, 0.013119 
  0.023461 ,  -0.072697, 0.012852 
  0.020538 ,  -0.074192, 0.011608 
  0.017638 ,  -0.075466, 0.009574 
  0.014764 ,  -0.076508, 0.007051 
  0.011919 ,  -0.077307, 0.004423 
  0.009107 ,  -0.077854, 0.002117 
  0.006329 ,  -0.078140, 0.000542 
  0.003589 ,  -0.078159, 0.000036 
  0.000890 ,  -0.077905, 0.000810 
  -0.001766 ,  -0.077376, 0.002907 
  -0.004377 ,  -0.076568, 0.006178 
  -0.006939 ,  -0.075483, 0.010280 
  -0.009450 ,  -0.074120, 0.014704 
  -0.011908 ,  -0.072484, 0.018826 
  -0.014310 ,  -0.070579, 0.021973 
  -0.016656 ,  -0.068412, 0.023507 
  -0.018941 ,  -0.065991, 0.022915 
  -0.021165 ,  -0.063325, 0.019877 
  -0.023325 ,  -0.060427, 0.014331 
  -0.025420 ,  -0.057309, 0.006502 
  -0.027448 ,  -0.053985, -0.003104 
  -0.029408 ,  -0.050471, -0.013733 
  -0.031298 ,  -0.046784, -0.024457 
  -0.033116 ,  -0.042941, -0.034268 
  -0.034862 ,  -0.038962, -0.042189 
  -0.036534 ,  -0.034864, -0.047382 
  -0.038131 ,  -0.030670, -0.049252 
  -0.039652 ,  -0.026398, -0.047517 
  -0.041097 ,  -0.022071, -0.042249 
  -0.042465 ,  -0.017709, -0.033871 
  -0.043754 ,  -0.013333, -0.023117 
