   20m__24m 
  0.013209 ,  0.015282, 0.006377 
  0.014300 ,  0.017166, 0.018501 
  0.015411 ,  0.018861, 0.029243 
  0.016538 ,  0.020344, 0.037753 
  0.017680 ,  0.021594, 0.043406 
  0.018834 ,  0.022591, 0.045868 
  0.019999 ,  0.023319, 0.045118 
  0.021172 ,  0.023762, 0.041439 
  0.022350 ,  0.023910, 0.035372 
  0.023532 ,  0.023754, 0.027643 
  0.024716 ,  0.023289, 0.019074 
  0.025898 ,  0.022512, 0.010489 
  0.027077 ,  0.021425, 0.002624 
  0.028249 ,  0.020031, -0.003940 
  0.029412 ,  0.018336, -0.008829 
  0.030565 ,  0.016353, -0.011891 
  0.031703 ,  0.014092, -0.013185 
  0.032825 ,  0.011570, -0.012953 
  0.033928 ,  0.008805, -0.011566 
  0.035009 ,  0.005817, -0.009464 
  0.036066 ,  0.002629, -0.007095 
  0.037096 ,  -0.000735, -0.004862 
  0.038096 ,  -0.004248, -0.003084 
  0.039064 ,  -0.007884, -0.001965 
  0.039997 ,  -0.011613, -0.001593 
  0.040893 ,  -0.015407, -0.001948 
  0.041749 ,  -0.019237, -0.002914 
  0.042561 ,  -0.023072, -0.004315 
  0.043329 ,  -0.026884, -0.005939 
  0.044049 ,  -0.030642, -0.007567 
  0.044718 ,  -0.034320, -0.008995 
  0.045335 ,  -0.037890, -0.010051 
  0.045897 ,  -0.041325, -0.010605 
  0.046402 ,  -0.044602, -0.010571 
  0.046847 ,  -0.047698, -0.009908 
  0.047230 ,  -0.050592, -0.008621 
  0.047550 ,  -0.053264, -0.006754 
  0.047803 ,  -0.055699, -0.004390 
  0.047988 ,  -0.057882, -0.001653 
  0.048103 ,  -0.059801, 0.001304 
  0.048147 ,  -0.061445, 0.004291 
  0.048116 ,  -0.062808, 0.007100 
  0.048011 ,  -0.063885, 0.009509 
  0.047829 ,  -0.064672, 0.011304 
  0.047568 ,  -0.065169, 0.012296 
  0.047228 ,  -0.065378, 0.012347 
  0.046807 ,  -0.065302, 0.011386 
  0.046304 ,  -0.064947, 0.009433 
  0.045718 ,  -0.064320, 0.006602 
  0.045048 ,  -0.063429, 0.003099 
  0.044293 ,  -0.062285, -0.000784 
  0.043452 ,  -0.060898, -0.004703 
  0.042525 ,  -0.059282, -0.008289 
  0.041512 ,  -0.057448, -0.011190 
  0.040412 ,  -0.055411, -0.013110 
  0.039224 ,  -0.053185, -0.013848 
  0.037950 ,  -0.050783, -0.013317 
  0.036589 ,  -0.048220, -0.011562 
  0.035140 ,  -0.045509, -0.008754 
  0.033606 ,  -0.042665, -0.005173 
  0.031985 ,  -0.039701, -0.001171 
  0.030279 ,  -0.036629, 0.002865 
  0.028488 ,  -0.033462, 0.006562 
  0.026613 ,  -0.030210, 0.009601 
  0.024656 ,  -0.026884, 0.011755 
  0.022618 ,  -0.023495, 0.012911 
  0.020499 ,  -0.020050, 0.013074 
  0.018301 ,  -0.016558, 0.012360 
  0.016026 ,  -0.013025, 0.010976 
  0.013676 ,  -0.009458, 0.009179 
  0.011253 ,  -0.005863, 0.007243 
  0.008757 ,  -0.002244, 0.005421 
  0.006192 ,  0.001394, 0.003911 
  0.003561 ,  0.005048, 0.002833 
  0.000864 ,  0.008714, 0.002223 
  -0.001895 ,  0.012389, 0.002036 
  -0.004714 ,  0.016070, 0.002159 
  -0.007589 ,  0.019753, 0.002439 
  -0.010519 ,  0.023436, 0.002706 
  -0.013499 ,  0.027116, 0.002806 
  -0.016527 ,  0.030788, 0.002616 
  -0.019601 ,  0.034447, 0.002063 
  -0.022715 ,  0.038090, 0.001128 
  -0.025867 ,  0.041711, -0.000161 
  -0.029054 ,  0.045303, -0.001736 
  -0.032272 ,  0.048860, -0.003512 
  -0.035517 ,  0.052373, -0.005395 
  -0.038785 ,  0.055833, -0.007305 
  -0.042073 ,  0.059231, -0.009177 
  -0.045376 ,  0.062556, -0.010963 
  -0.048691 ,  0.065797, -0.012633 
  -0.052013 ,  0.068941, -0.014155 
  -0.055338 ,  0.071976, -0.015493 
  -0.058663 ,  0.074887, -0.016586 
  -0.061983 ,  0.077661, -0.017349 
  -0.065294 ,  0.080283, -0.017671 
  -0.068591 ,  0.082737, -0.017422 
  -0.071870 ,  0.085010, -0.016472 
  -0.075127 ,  0.087085, -0.014714 
  -0.078357 ,  0.088949, -0.012090 
  -0.081556 ,  0.090585, -0.008608 
  -0.084720 ,  0.091981, -0.004367 
  -0.087844 ,  0.093123, 0.000447 
  -0.090924 ,  0.093998, 0.005559 
  -0.093956 ,  0.094596, 0.010634 
  -0.096934 ,  0.094905, 0.015303 
  -0.099856 ,  0.094916, 0.019208 
  -0.102716 ,  0.094623, 0.022042 
  -0.105510 ,  0.094019, 0.023591 
  -0.108235 ,  0.093101, 0.023762 
  -0.110886 ,  0.091865, 0.022604 
  -0.113458 ,  0.090312, 0.020301 
  -0.115949 ,  0.088443, 0.017157 
  -0.118353 ,  0.086261, 0.013556 
  -0.120667 ,  0.083772, 0.009921 
  -0.122888 ,  0.080983, 0.006655 
  -0.125012 ,  0.077904, 0.004090 
  -0.127034 ,  0.074545, 0.002446 
  -0.128953 ,  0.070921, 0.001799 
  -0.130763 ,  0.067044, 0.002074 
  -0.132462 ,  0.062933, 0.003052 
  -0.134047 ,  0.058604, 0.004405 
  -0.135514 ,  0.054076, 0.005737 
  -0.136862 ,  0.049371, 0.006641 
  -0.138086 ,  0.044508, 0.006755 
  -0.139185 ,  0.039509, 0.005814 
  -0.140156 ,  0.034398, 0.003690 
  -0.140996 ,  0.029197, 0.000409 
  -0.141704 ,  0.023928, -0.003843 
  -0.142277 ,  0.018616, -0.008746 
  -0.142713 ,  0.013281, -0.013877 
  -0.143011 ,  0.007947, -0.018767 
  -0.143170 ,  0.002636, -0.022952 
  -0.143187 ,  -0.002633, -0.026030 
  -0.143062 ,  -0.007840, -0.027711 
  -0.142794 ,  -0.012965, -0.027844 
  -0.142381 ,  -0.017992, -0.026435 
  -0.141823 ,  -0.022905, -0.023640 
  -0.141120 ,  -0.027688, -0.019748 
  -0.140272 ,  -0.032330, -0.015134 
  -0.139277 ,  -0.036818, -0.010221 
  -0.138137 ,  -0.041144, -0.005424 
  -0.136852 ,  -0.045299, -0.001106 
  -0.135421 ,  -0.049277, 0.002463 
  -0.133846 ,  -0.053072, 0.005130 
  -0.132128 ,  -0.056683, 0.006869 
  -0.130267 ,  -0.060108, 0.007772 
  -0.128264 ,  -0.063345, 0.008032 
  -0.126122 ,  -0.066396, 0.007906 
  -0.123841 ,  -0.069264, 0.007674 
  -0.121424 ,  -0.071951, 0.007604 
  -0.118872 ,  -0.074462, 0.007908 
  -0.116187 ,  -0.076801, 0.008717 
  -0.113373 ,  -0.078975, 0.010060 
  -0.110430 ,  -0.080988, 0.011863 
  -0.107362 ,  -0.082848, 0.013956 
  -0.104172 ,  -0.084559, 0.016099 
  -0.100863 ,  -0.086129, 0.018008 
  -0.097438 ,  -0.087563, 0.019399 
  -0.093899 ,  -0.088866, 0.020021 
  -0.090252 ,  -0.090044, 0.019691 
  -0.086499 ,  -0.091100, 0.018322 
  -0.082643 ,  -0.092038, 0.015935 
  -0.078690 ,  -0.092861, 0.012664 
  -0.074643 ,  -0.093570, 0.008739 
  -0.070506 ,  -0.094166, 0.004466 
  -0.066284 ,  -0.094647, 0.000190 
  -0.061981 ,  -0.095014, -0.003744 
  -0.057601 ,  -0.095263, -0.007035 
  -0.053149 ,  -0.095389, -0.009460 
  -0.048631 ,  -0.095389, -0.010902 
  -0.044050 ,  -0.095257, -0.011368 
  -0.039413 ,  -0.094986, -0.010988 
  -0.034723 ,  -0.094568, -0.009997 
  -0.029986 ,  -0.093995, -0.008708 
  -0.025208 ,  -0.093259, -0.007468 
  -0.020393 ,  -0.092350, -0.006609 
  -0.015547 ,  -0.091258, -0.006404 
  -0.010675 ,  -0.089975, -0.007019 
  -0.005783 ,  -0.088490, -0.008489 
  -0.000876 ,  -0.086794, -0.010700 
  0.004040 ,  -0.084878, -0.013400 
  0.008960 ,  -0.082734, -0.016221 
  0.013879 ,  -0.080354, -0.018728 
  0.018790 ,  -0.077730, -0.020471 
  0.023689 ,  -0.074858, -0.021048 
  0.028569 ,  -0.071733, -0.020169 
  0.033426 ,  -0.068351, -0.017695 
  0.038253 ,  -0.064711, -0.013678 
  0.043046 ,  -0.060814, -0.008361 
  0.047799 ,  -0.056659, -0.002164 
  0.052506 ,  -0.052252, 0.004361 
  0.057163 ,  -0.047598, 0.010595 
  0.061763 ,  -0.042703, 0.015924 
  0.066303 ,  -0.037578, 0.019820 
  0.070776 ,  -0.032232, 0.021908 
  0.075178 ,  -0.026681, 0.022026 
  0.079503 ,  -0.020938, 0.020246 
  0.083748 ,  -0.015020, 0.016874 
  0.087907 ,  -0.008947, 0.012419 
  0.091976 ,  -0.002739, 0.007530 
  0.095950 ,  0.003582, 0.002913 
  0.099825 ,  0.009992, -0.000759 
  0.103597 ,  0.016468, -0.002934 
  0.107261 ,  0.022981, -0.003264 
  0.110813 ,  0.029507, -0.001649 
  0.114250 ,  0.036016, 0.001738 
  0.117569 ,  0.042481, 0.006466 
  0.120765 ,  0.048872, 0.011899 
  0.123835 ,  0.055161, 0.017269 
  0.126777 ,  0.061319, 0.021776 
  0.129586 ,  0.067316, 0.024685 
  0.132261 ,  0.073124, 0.025427 
  0.134799 ,  0.078716, 0.023670 
  0.137197 ,  0.084065, 0.019367 
  0.139453 ,  0.089144, 0.012767 
  0.141564 ,  0.093929, 0.004391 
  0.143530 ,  0.098397, -0.005030 
  0.145348 ,  0.102525, -0.014636 
  0.147017 ,  0.106295, -0.023537 
  0.148535 ,  0.109688, -0.030914 
  0.149902 ,  0.112687, -0.036110 
  0.151117 ,  0.115280, -0.038696 
  0.152178 ,  0.117453, -0.038510 
  0.153086 ,  0.119198, -0.035669 
  0.153840 ,  0.120508, -0.030535 
  0.154440 ,  0.121377, -0.023671 
  0.154886 ,  0.121804, -0.015763 
  0.155179 ,  0.121789, -0.007545 
  0.155319 ,  0.121334, 0.000287 
  0.155307 ,  0.120444, 0.007136 
  0.155144 ,  0.119128, 0.012559 
  0.154830 ,  0.117394, 0.016291 
  0.154368 ,  0.115255, 0.018254 
  0.153759 ,  0.112724, 0.018535 
  0.153005 ,  0.109818, 0.017353 
  0.152107 ,  0.106555, 0.015023 
  0.151068 ,  0.102955, 0.011905 
  0.149889 ,  0.099040, 0.008362 
  0.148574 ,  0.094831, 0.004732 
  0.147125 ,  0.090355, 0.001305 
  0.145545 ,  0.085636, -0.001692 
  0.143837 ,  0.080701, -0.004089 
  0.142004 ,  0.075577, -0.005772 
  0.140049 ,  0.070293, -0.006675 
  0.137976 ,  0.064877, -0.006768 
  0.135789 ,  0.059358, -0.006056 
  0.133490 ,  0.053764, -0.004578 
  0.131085 ,  0.048126, -0.002408 
  0.128576 ,  0.042470, 0.000334 
  0.125969 ,  0.036825, 0.003483 
  0.123267 ,  0.031219, 0.006827 
  0.120474 ,  0.025679, 0.010112 
  0.117596 ,  0.020229, 0.013058 
  0.114636 ,  0.014895, 0.015383 
  0.111600 ,  0.009699, 0.016827 
  0.108492 ,  0.004664, 0.017189 
  0.105317 ,  -0.000190, 0.016349 
  0.102079 ,  -0.004844, 0.014294 
  0.098784 ,  -0.009282, 0.011125 
  0.095436 ,  -0.013488, 0.007057 
  0.092041 ,  -0.017450, 0.002399 
  0.088603 ,  -0.021156, -0.002478 
  0.085128 ,  -0.024596, -0.007181 
  0.081621 ,  -0.027765, -0.011336 
  0.078087 ,  -0.030658, -0.014633 
  0.074530 ,  -0.033270, -0.016860 
  0.070956 ,  -0.035603, -0.017917 
  0.067371 ,  -0.037656, -0.017827 
  0.063778 ,  -0.039435, -0.016720 
  0.060184 ,  -0.040943, -0.014806 
  0.056593 ,  -0.042190, -0.012340 
  0.053009 ,  -0.043183, -0.009582 
  0.049439 ,  -0.043934, -0.006761 
  0.045887 ,  -0.044455, -0.004049 
  0.042357 ,  -0.044760, -0.001547 
  0.038854 ,  -0.044866, 0.000715 
  0.035384 ,  -0.044789, 0.002760 
  0.031949 ,  -0.044546, 0.004635 
  0.028556 ,  -0.044156, 0.006383 
  0.025208 ,  -0.043639, 0.008010 
  0.021909 ,  -0.043015, 0.009464 
  0.018664 ,  -0.042303, 0.010628 
  0.015476 ,  -0.041525, 0.011329 
  0.012350 ,  -0.040702, 0.011361 
  0.009289 ,  -0.039852, 0.010527 
  0.006296 ,  -0.038997, 0.008684 
  0.003376 ,  -0.038155, 0.005785 
  0.000532 ,  -0.037346, 0.001918 
  -0.002234 ,  -0.036586, -0.002682 
  -0.004918 ,  -0.035893, -0.007633 
  -0.007518 ,  -0.035282, -0.012441 
  -0.010031 ,  -0.034765, -0.016549 
  -0.012453 ,  -0.034357, -0.019409 
  -0.014784 ,  -0.034067, -0.020560 
  -0.017020 ,  -0.033904, -0.019695 
  -0.019160 ,  -0.033875, -0.016725 
  -0.021203 ,  -0.033985, -0.011803 
  -0.023145 ,  -0.034238, -0.005333 
  -0.024987 ,  -0.034633, 0.002074 
  -0.026726 ,  -0.035171, 0.009661 
  -0.028361 ,  -0.035847, 0.016616 
  -0.029893 ,  -0.036657, 0.022176 
  -0.031320 ,  -0.037594, 0.025722 
  -0.032641 ,  -0.038648, 0.026870 
  -0.033856 ,  -0.039809, 0.025520 
  -0.034966 ,  -0.041065, 0.021878 
  -0.035969 ,  -0.042400, 0.016429 
  -0.036868 ,  -0.043800, 0.009877 
  -0.037661 ,  -0.045248, 0.003051 
  -0.038350 ,  -0.046725, -0.003207 
  -0.038935 ,  -0.048212, -0.008152 
  -0.039418 ,  -0.049691, -0.011242 
  -0.039799 ,  -0.051140, -0.012208 
  -0.040080 ,  -0.052539, -0.011087 
  -0.040263 ,  -0.053867, -0.008216 
  -0.040349 ,  -0.055103, -0.004178 
  -0.040341 ,  -0.056228, 0.000280 
  -0.040239 ,  -0.057221, 0.004362 
  -0.040047 ,  -0.058064, 0.007334 
  -0.039766 ,  -0.058738, 0.008629 
  -0.039400 ,  -0.059226, 0.007935 
  -0.038950 ,  -0.059513, 0.005231 
  -0.038420 ,  -0.059584, 0.000798 
  -0.037813 ,  -0.059428, -0.004830 
  -0.037132 ,  -0.059033, -0.010935 
  -0.036379 ,  -0.058391, -0.016719 
  -0.035558 ,  -0.057496, -0.021417 
  -0.034673 ,  -0.056342, -0.024398 
  -0.033728 ,  -0.054927, -0.025252 
  -0.032724 ,  -0.053251, -0.023839 
  -0.031668 ,  -0.051317, -0.020304 
  -0.030561 ,  -0.049129, -0.015046 
  -0.029408 ,  -0.046693, -0.008662 
  -0.028214 ,  -0.044018, -0.001854 
  -0.026982 ,  -0.041115, 0.004662 
  -0.025715 ,  -0.037997, 0.010254 
  -0.024419 ,  -0.034678, 0.014449 
  -0.023098 ,  -0.031175, 0.016982 
  -0.021755 ,  -0.027506, 0.017816 
  -0.020395 ,  -0.023691, 0.017123 
  -0.019022 ,  -0.019749, 0.015237 
  -0.017640 ,  -0.015703, 0.012595 
  -0.016254 ,  -0.011576, 0.009657 
  -0.014868 ,  -0.007389, 0.006837 
  -0.013485 ,  -0.003168, 0.004449 
  -0.012111 ,  0.001066, 0.002670 
  -0.010750 ,  0.005286, 0.001536 
  -0.009406 ,  0.009472, 0.000958 
  -0.008082 ,  0.013599, 0.000760 
  -0.006783 ,  0.017645, 0.000729 
  -0.005513 ,  0.021589, 0.000669 
  -0.004276 ,  0.025411, 0.000448 
  -0.003075 ,  0.029092, 0.000019 
  -0.001915 ,  0.032614, -0.000563 
  -0.000800 ,  0.035961, -0.001161 
  0.000268 ,  0.039119, -0.001587 
  0.001284 ,  0.042075, -0.001646 
  0.002245 ,  0.044819, -0.001188 
  0.003148 ,  0.047342, -0.000149 
  0.003990 ,  0.049637, 0.001422 
  0.004768 ,  0.051699, 0.003355 
  0.005478 ,  0.053526, 0.005374 
  0.006117 ,  0.055117, 0.007136 
  0.006684 ,  0.056472, 0.008280 
  0.007176 ,  0.057596, 0.008492 
  0.007589 ,  0.058492, 0.007557 
  0.007923 ,  0.059168, 0.005406 
  0.008174 ,  0.059631, 0.002138 
  0.008342 ,  0.059892, -0.001984 
  0.008424 ,  0.059960, -0.006561 
  0.008418 ,  0.059848, -0.011109 
  0.008324 ,  0.059568, -0.015126 
  0.008140 ,  0.059136, -0.018164 
  0.007865 ,  0.058564, -0.019891 
  0.007498 ,  0.057869, -0.020140 
  0.007039 ,  0.057065, -0.018932 
  0.006486 ,  0.056168, -0.016468 
  0.005840 ,  0.055193, -0.013099 
  0.005101 ,  0.054156, -0.009265 
  0.004268 ,  0.053070, -0.005430 
  0.003342 ,  0.051951, -0.002006 
  0.002324 ,  0.050811, 0.000707 
  0.001213 ,  0.049664, 0.002568 
  0.000011 ,  0.048521, 0.003607 
  -0.001282 ,  0.047394, 0.004015 
  -0.002663 ,  0.046291, 0.004104 
  -0.004133 ,  0.045222, 0.004243 
  -0.005689 ,  0.044194, 0.004789 
  -0.007329 ,  0.043213, 0.006013 
  -0.009053 ,  0.042283, 0.008044 
  -0.010856 ,  0.041410, 0.010837 
  -0.012739 ,  0.040593, 0.014162 
  -0.014697 ,  0.039836, 0.017635 
  -0.016729 ,  0.039136, 0.020771 
  -0.018832 ,  0.038494, 0.023054 
  -0.021002 ,  0.037906, 0.024023 
  -0.023238 ,  0.037369, 0.023344 
  -0.025535 ,  0.036879, 0.020872 
  -0.027891 ,  0.036429, 0.016681 
  -0.030302 ,  0.036015, 0.011067 
  -0.032764 ,  0.035629, 0.004511 
  -0.035274 ,  0.035264, -0.002381 
  -0.037828 ,  0.034912, -0.008961 
  -0.040422 ,  0.034564, -0.014625 
  -0.043052 ,  0.034214, -0.018899 
  -0.045713 ,  0.033851, -0.021497 
  -0.048403 ,  0.033468, -0.022358 
  -0.051116 ,  0.033056, -0.021643 
  -0.053847 ,  0.032606, -0.019706 
  -0.056594 ,  0.032111, -0.017026 
  -0.059350 ,  0.031563, -0.014128 
  -0.062112 ,  0.030955, -0.011499 
  -0.064875 ,  0.030279, -0.009507 
  -0.067633 ,  0.029530, -0.008345 
  -0.070384 ,  0.028701, -0.008001 
  -0.073121 ,  0.027788, -0.008269 
  -0.075840 ,  0.026785, -0.008784 
  -0.078536 ,  0.025690, -0.009089 
  -0.081205 ,  0.024498, -0.008719 
  -0.083841 ,  0.023207, -0.007288 
  -0.086441 ,  0.021816, -0.004559 
  -0.088999 ,  0.020322, -0.000499 
  -0.091510 ,  0.018726, 0.004700 
  -0.093971 ,  0.017027, 0.010637 
  -0.096376 ,  0.015227, 0.016750 
  -0.098720 ,  0.013325, 0.022391 
  -0.101001 ,  0.011325, 0.026915 
  -0.103212 ,  0.009228, 0.029767 
  -0.105349 ,  0.007038, 0.030570 
  -0.107409 ,  0.004756, 0.029170 
  -0.109387 ,  0.002388, 0.025667 
  -0.111280 ,  -0.000063, 0.020397 
  -0.113082 ,  -0.002593, 0.013890 
  -0.114791 ,  -0.005197, 0.006794 
  -0.116402 ,  -0.007869, -0.000209 
  -0.117912 ,  -0.010605, -0.006493 
  -0.119318 ,  -0.013398, -0.011566 
  -0.120616 ,  -0.016244, -0.015129 
  -0.121802 ,  -0.019135, -0.017096 
  -0.122875 ,  -0.022066, -0.017594 
  -0.123830 ,  -0.025029, -0.016923 
  -0.124666 ,  -0.028019, -0.015493 
  -0.125379 ,  -0.031028, -0.013756 
  -0.125968 ,  -0.034049, -0.012127 
  -0.126429 ,  -0.037074, -0.010917 
  -0.126761 ,  -0.040096, -0.010294 
  -0.126963 ,  -0.043107, -0.010260 
  -0.127032 ,  -0.046099, -0.010661 
  -0.126966 ,  -0.049064, -0.011224 
  -0.126765 ,  -0.051993, -0.011608 
  -0.126428 ,  -0.054877, -0.011472 
  -0.125953 ,  -0.057708, -0.010532 
  -0.125340 ,  -0.060477, -0.008618 
  -0.124588 ,  -0.063174, -0.005702 
  -0.123697 ,  -0.065790, -0.001909 
  -0.122666 ,  -0.068316, 0.002501 
  -0.121497 ,  -0.070742, 0.007166 
  -0.120188 ,  -0.073058, 0.011675 
  -0.118742 ,  -0.075255, 0.015625 
  -0.117157 ,  -0.077323, 0.018675 
  -0.115436 ,  -0.079253, 0.020586 
  -0.113579 ,  -0.081035, 0.021250 
  -0.111587 ,  -0.082661, 0.020691 
  -0.109463 ,  -0.084120, 0.019051 
  -0.107207 ,  -0.085404, 0.016564 
  -0.104822 ,  -0.086506, 0.013507 
  -0.102310 ,  -0.087416, 0.010167 
  -0.099672 ,  -0.088128, 0.006795 
  -0.096912 ,  -0.088635, 0.003588 
  -0.094032 ,  -0.088930, 0.000668 
  -0.091035 ,  -0.089008, -0.001909 
  -0.087924 ,  -0.088863, -0.004143 
  -0.084701 ,  -0.088492, -0.006060 
  -0.081371 ,  -0.087892, -0.007693 
  -0.077937 ,  -0.087059, -0.009057 
  -0.074402 ,  -0.085992, -0.010135 
  -0.070771 ,  -0.084691, -0.010877 
  -0.067047 ,  -0.083156, -0.011210 
  -0.063234 ,  -0.081389, -0.011059 
  -0.059337 ,  -0.079391, -0.010373 
  -0.055359 ,  -0.077166, -0.009149 
  -0.051306 ,  -0.074717, -0.007453 
  -0.047182 ,  -0.072052, -0.005426 
  -0.042992 ,  -0.069175, -0.003279 
  -0.038740 ,  -0.066093, -0.001265 
  -0.034431 ,  -0.062815, 0.000350 
  -0.030071 ,  -0.059349, 0.001332 
  -0.025664 ,  -0.055705, 0.001522 
  -0.021215 ,  -0.051892, 0.000871 
  -0.016731 ,  -0.047923, -0.000542 
  -0.012215 ,  -0.043808, -0.002508 
  -0.007673 ,  -0.039558, -0.004708 
  -0.003112 ,  -0.035188, -0.006756 
  0.001465 ,  -0.030708, -0.008251 
  0.006052 ,  -0.026132, -0.008841 
  0.010642 ,  -0.021474, -0.008283 
  0.015231 ,  -0.016746, -0.006487 
  0.019814 ,  -0.011962, -0.003539 
  0.024384 ,  -0.007134, 0.000294 
  0.028937 ,  -0.002277, 0.004599 
  0.033467 ,  0.002597, 0.008866 
  0.037969 ,  0.007475, 0.012562 
  0.042437 ,  0.012344, 0.015203 
  0.046866 ,  0.017193, 0.016435 
  0.051251 ,  0.022010, 0.016085 
  0.055587 ,  0.026782, 0.014197 
  0.059869 ,  0.031499, 0.011030 
  0.064092 ,  0.036150, 0.007029 
  0.068250 ,  0.040725, 0.002766 
  0.072339 ,  0.045214, -0.001144 
  0.076354 ,  0.049607, -0.004129 
  0.080291 ,  0.053895, -0.005746 
  0.084145 ,  0.058070, -0.005750 
  0.087912 ,  0.062123, -0.004133 
  0.091588 ,  0.066046, -0.001134 
  0.095167 ,  0.069832, 0.002793 
  0.098648 ,  0.073472, 0.007035 
  0.102024 ,  0.076960, 0.010906 
  0.105294 ,  0.080289, 0.013741 
  0.108453 ,  0.083451, 0.014988 
  0.111497 ,  0.086440, 0.014290 
  0.114425 ,  0.089250, 0.011533 
  0.117232 ,  0.091873, 0.006865 
  0.119916 ,  0.094304, 0.000683 
  0.122474 ,  0.096535, -0.006418 
  0.124904 ,  0.098561, -0.013720 
  0.127203 ,  0.100376, -0.020469 
  0.129369 ,  0.101973, -0.025971 
  0.131400 ,  0.103346, -0.029664 
  0.133295 ,  0.104489, -0.031187 
  0.135052 ,  0.105396, -0.030410 
  0.136669 ,  0.106062, -0.027433 
  0.138145 ,  0.106482, -0.022567 
  0.139480 ,  0.106650, -0.016283 
  0.140672 ,  0.106562, -0.009145 
  0.141722 ,  0.106214, -0.001750 
  0.142628 ,  0.105601, 0.005343 
  0.143390 ,  0.104721, 0.011657 
  0.144009 ,  0.103572, 0.016835 
  0.144485 ,  0.102152, 0.020649 
  0.144818 ,  0.100459, 0.022999 
  0.145009 ,  0.098495, 0.023896 
  0.145058 ,  0.096260, 0.023432 
  0.144967 ,  0.093757, 0.021758 
  0.144736 ,  0.090990, 0.019056 
  0.144368 ,  0.087962, 0.015525 
  0.143864 ,  0.084679, 0.011374 
  0.143225 ,  0.081150, 0.006820 
  0.142453 ,  0.077383, 0.002096 
  0.141551 ,  0.073388, -0.002548 
  0.140521 ,  0.069175, -0.006845 
  0.139365 ,  0.064759, -0.010515 
  0.138086 ,  0.060153, -0.013285 
  0.136686 ,  0.055373, -0.014915 
  0.135169 ,  0.050436, -0.015229 
  0.133537 ,  0.045360, -0.014147 
  0.131795 ,  0.040163, -0.011710 
  0.129944 ,  0.034867, -0.008094 
  0.127989 ,  0.029493, -0.003609 
  0.125933 ,  0.024062, 0.001324 
  0.123779 ,  0.018597, 0.006215 
  0.121533 ,  0.013122, 0.010555 
  0.119196 ,  0.007660, 0.013881 
  0.116775 ,  0.002235, 0.015834 
  0.114272 ,  -0.003130, 0.016208 
  0.111692 ,  -0.008410, 0.014981 
  0.109039 ,  -0.013583, 0.012322 
  0.106317 ,  -0.018625, 0.008569 
  0.103531 ,  -0.023516, 0.004181 
  0.100685 ,  -0.028233, -0.000321 
  0.097784 ,  -0.032756, -0.004431 
  0.094832 ,  -0.037068, -0.007730 
  0.091834 ,  -0.041150, -0.009944 
  0.088794 ,  -0.044988, -0.010981 
  0.085717 ,  -0.048567, -0.010939 
  0.082607 ,  -0.051875, -0.010083 
  0.079470 ,  -0.054902, -0.008798 
  0.076309 ,  -0.057640, -0.007516 
  0.073130 ,  -0.060083, -0.006641 
  0.069936 ,  -0.062229, -0.006471 
  0.066733 ,  -0.064074, -0.007142 
  0.063524 ,  -0.065621, -0.008592 
  0.060315 ,  -0.066873, -0.010569 
  0.057110 ,  -0.067834, -0.012655 
  0.053912 ,  -0.068512, -0.014336 
  0.050727 ,  -0.068917, -0.015082 
  0.047558 ,  -0.069060, -0.014437 
  0.044410 ,  -0.068955, -0.012103 
  0.041286 ,  -0.068617, -0.008003 
  0.038190 ,  -0.068063, -0.002313 
  0.035128 ,  -0.067310, 0.004544 
  0.032101 ,  -0.066379, 0.011941 
  0.029114 ,  -0.065289, 0.019123 
  0.026170 ,  -0.064062, 0.025306 
  0.023273 ,  -0.062719, 0.029779 
  0.020425 ,  -0.061282, 0.032005 
  0.017631 ,  -0.059775, 0.031699 
  0.014893 ,  -0.058218, 0.028865 
  0.012214 ,  -0.056634, 0.023805 
  0.009596 ,  -0.055044, 0.017073 
  0.007043 ,  -0.053469, 0.009411 
  0.004556 ,  -0.051928, 0.001642 
  0.002138 ,  -0.050440, -0.005432 
  -0.000209 ,  -0.049022, -0.011138 
  -0.002483 ,  -0.047689, -0.015010 
  -0.004682 ,  -0.046455, -0.016844 
  -0.006804 ,  -0.045333, -0.016711 
  -0.008849 ,  -0.044333, -0.014928 
  -0.010815 ,  -0.043462, -0.012002 
  -0.012700 ,  -0.042728, -0.008544 
  -0.014504 ,  -0.042134, -0.005175 
  -0.016226 ,  -0.041682, -0.002434 
  -0.017865 ,  -0.041371, -0.000708 
  -0.019421 ,  -0.041201, -0.000179 
  -0.020893 ,  -0.041165, -0.000818 
  -0.022282 ,  -0.041258, -0.002401 
  -0.023587 ,  -0.041471, -0.004558 
  -0.024809 ,  -0.041793, -0.006846 
  -0.025948 ,  -0.042214, -0.008818 
  -0.027005 ,  -0.042720, -0.010101 
  -0.027979 ,  -0.043295, -0.010448 
  -0.028873 ,  -0.043924, -0.009769 
  -0.029687 ,  -0.044589, -0.008137 
  -0.030423 ,  -0.045273, -0.005763 
  -0.031081 ,  -0.045956, -0.002951 
  -0.031663 ,  -0.046621, -0.000045 
  -0.032171 ,  -0.047246, 0.002637 
  -0.032606 ,  -0.047814, 0.004846 
  -0.032971 ,  -0.048304, 0.006443 
  -0.033267 ,  -0.048698, 0.007407 
  -0.033496 ,  -0.048978, 0.007829 
  -0.033662 ,  -0.049126, 0.007877 
  -0.033765 ,  -0.049125, 0.007756 
  -0.033808 ,  -0.048960, 0.007655 
  -0.033795 ,  -0.048617, 0.007710 
  -0.033728 ,  -0.048083, 0.007966 
  -0.033609 ,  -0.047347, 0.008371 
  -0.033442 ,  -0.046398, 0.008781 
  -0.033229 ,  -0.045229, 0.008992 
  -0.032973 ,  -0.043833, 0.008782 
  -0.032678 ,  -0.042207, 0.007958 
  -0.032346 ,  -0.040347, 0.006405 
  -0.031981 ,  -0.038253, 0.004120 
  -0.031586 ,  -0.035926, 0.001224 
  -0.031164 ,  -0.033369, -0.002043 
  -0.030719 ,  -0.030587, -0.005351 
  -0.030254 ,  -0.027587, -0.008328 
  -0.029772 ,  -0.024377, -0.010615 
  -0.029277 ,  -0.020967, -0.011927 
  -0.028771 ,  -0.017368, -0.012101 
  -0.028259 ,  -0.013594, -0.011124 
  -0.027744 ,  -0.009658, -0.009145 
  -0.027228 ,  -0.005575, -0.006452 
  -0.026717 ,  -0.001363, -0.003436 
  -0.026211 ,  0.002961, -0.000527 
  -0.025716 ,  0.007381, 0.001865 
  -0.025234 ,  0.011876, 0.003421 
  -0.024768 ,  0.016429, 0.003956 
  -0.024321 ,  0.021019, 0.003453 
  -0.023897 ,  0.025628, 0.002061 
  -0.023499 ,  0.030236, 0.000076 
  -0.023129 ,  0.034823, -0.002112 
  -0.022790 ,  0.039371, -0.004077 
  -0.022484 ,  0.043861, -0.005430 
  -0.022215 ,  0.048274, -0.005880 
  -0.021986 ,  0.052593, -0.005280 
  -0.021797 ,  0.056801, -0.003657 
  -0.021653 ,  0.060883, -0.001201 
  -0.021554 ,  0.064821, 0.001757 
  -0.021504 ,  0.068603, 0.004802 
  -0.021504 ,  0.072216, 0.007496 
  -0.021555 ,  0.075645, 0.009451 
  -0.021660 ,  0.078882, 0.010384 
  -0.021820 ,  0.081914, 0.010165 
  -0.022037 ,  0.084734, 0.008836 
  -0.022312 ,  0.087333, 0.006601 
  -0.022646 ,  0.089705, 0.003794 
  -0.023039 ,  0.091844, 0.000830 
  -0.023494 ,  0.093744, -0.001865 
  -0.024009 ,  0.095404, -0.003917 
  -0.024587 ,  0.096819, -0.005059 
  -0.025228 ,  0.097989, -0.005171 
  -0.025931 ,  0.098913, -0.004293 
  -0.026696 ,  0.099591, -0.002621 
  -0.027524 ,  0.100024, -0.000466 
  -0.028414 ,  0.100214, 0.001790 
  -0.029367 ,  0.100163, 0.003756 
  -0.030380 ,  0.099876, 0.005091 
  -0.031454 ,  0.099355, 0.005551 
  -0.032587 ,  0.098606, 0.005022 
  -0.033779 ,  0.097632, 0.003536 
  -0.035029 ,  0.096441, 0.001254 
  -0.036334 ,  0.095037, -0.001558 
  -0.037693 ,  0.093426, -0.004569 
  -0.039105 ,  0.091616, -0.007439 
  -0.040568 ,  0.089612, -0.009857 
  -0.042080 ,  0.087422, -0.011583 
  -0.043638 ,  0.085054, -0.012471 
  -0.045241 ,  0.082513, -0.012472 
  -0.046886 ,  0.079809, -0.011632 
  -0.048571 ,  0.076947, -0.010070 
  -0.050292 ,  0.073937, -0.007943 
  -0.052047 ,  0.070784, -0.005429 
  -0.053834 ,  0.067498, -0.002693 
  -0.055648 ,  0.064086, 0.000127 
  -0.057488 ,  0.060555, 0.002924 
  -0.059350 ,  0.056914, 0.005616 
  -0.061230 ,  0.053169, 0.008140 
  -0.063124 ,  0.049328, 0.010427 
  -0.065031 ,  0.045399, 0.012398 
  -0.066945 ,  0.041390, 0.013949 
  -0.068864 ,  0.037308, 0.014956 
  -0.070783 ,  0.033160, 0.015286 
  -0.072700 ,  0.028954, 0.014820 
  -0.074609 ,  0.024698, 0.013477 
  -0.076507 ,  0.020398, 0.011243 
  -0.078390 ,  0.016061, 0.008193 
  -0.080255 ,  0.011696, 0.004500 
  -0.082096 ,  0.007310, 0.000429 
  -0.083911 ,  0.002909, -0.003681 
  -0.085695 ,  -0.001499, -0.007456 
  -0.087445 ,  -0.005907, -0.010531 
  -0.089155 ,  -0.010308, -0.012600 
  -0.090823 ,  -0.014694, -0.013463 
  -0.092444 ,  -0.019059, -0.013059 
  -0.094014 ,  -0.023395, -0.011479 
  -0.095530 ,  -0.027696, -0.008963 
  -0.096987 ,  -0.031954, -0.005869 
  -0.098381 ,  -0.036162, -0.002626 
  -0.099710 ,  -0.040314, 0.000328 
  -0.100969 ,  -0.044402, 0.002606 
  -0.102154 ,  -0.048419, 0.003928 
  -0.103262 ,  -0.052358, 0.004167 
  -0.104290 ,  -0.056212, 0.003361 
  -0.105234 ,  -0.059975, 0.001711 
  -0.106090 ,  -0.063640, -0.000454 
  -0.106856 ,  -0.067199, -0.002729 
  -0.107529 ,  -0.070646, -0.004696 
  -0.108106 ,  -0.073974, -0.005993 
  -0.108583 ,  -0.077176, -0.006370 
  -0.108958 ,  -0.080247, -0.005728 
  -0.109229 ,  -0.083178, -0.004137 
  -0.109392 ,  -0.085964, -0.001822 
  -0.109447 ,  -0.088599, 0.000878 
  -0.109390 ,  -0.091075, 0.003558 
  -0.109220 ,  -0.093387, 0.005823 
  -0.108935 ,  -0.095529, 0.007346 
  -0.108533 ,  -0.097494, 0.007927 
  -0.108013 ,  -0.099277, 0.007522 
  -0.107373 ,  -0.100873, 0.006249 
  -0.106612 ,  -0.102275, 0.004367 
  -0.105730 ,  -0.103479, 0.002229 
  -0.104725 ,  -0.104480, 0.000223 
  -0.103598 ,  -0.105273, -0.001302 
  -0.102346 ,  -0.105853, -0.002093 
  -0.100971 ,  -0.106217, -0.002043 
  -0.099473 ,  -0.106360, -0.001207 
  -0.097851 ,  -0.106280, 0.000202 
  -0.096105 ,  -0.105973, 0.001849 
  -0.094238 ,  -0.105437, 0.003341 
  -0.092248 ,  -0.104669, 0.004292 
  -0.090137 ,  -0.103667, 0.004400 
  -0.087906 ,  -0.102432, 0.003504 
  -0.085557 ,  -0.100961, 0.001625 
  -0.083091 ,  -0.099255, -0.001028 
  -0.080510 ,  -0.097314, -0.004081 
  -0.077816 ,  -0.095139, -0.007050 
  -0.075010 ,  -0.092732, -0.009416 
  -0.072095 ,  -0.090095, -0.010709 
  -0.069073 ,  -0.087231, -0.010593 
  -0.065948 ,  -0.084143, -0.008928 
  -0.062721 ,  -0.080837, -0.005808 
  -0.059397 ,  -0.077316, -0.001556 
  -0.055977 ,  -0.073587, 0.003307 
  -0.052466 ,  -0.069656, 0.008133 
  -0.048866 ,  -0.065530, 0.012240 
  -0.045182 ,  -0.061217, 0.015012 
  -0.041418 ,  -0.056726, 0.015994 
  -0.037576 ,  -0.052065, 0.014967 
  -0.033662 ,  -0.047244, 0.011984 
  -0.029679 ,  -0.042275, 0.007378 
  -0.025632 ,  -0.037168, 0.001717 
  -0.021525 ,  -0.031935, -0.004271 
  -0.017364 ,  -0.026589, -0.009797 
  -0.013151 ,  -0.021142, -0.014125 
  -0.008893 ,  -0.015609, -0.016673 
  -0.004595 ,  -0.010002, -0.017101 
  -0.000260 ,  -0.004338, -0.015360 
  0.004105 ,  0.001369, -0.011696 
  0.008496 ,  0.007105, -0.006624 
  0.012907 ,  0.012852, -0.000848 
  0.017333 ,  0.018595, 0.004830 
  0.021769 ,  0.024317, 0.009630 
  0.026209 ,  0.030003, 0.012892 
  0.030649 ,  0.035635, 0.014175 
  0.035082 ,  0.041197, 0.013308 
  0.039503 ,  0.046671, 0.010412 
  0.043907 ,  0.052042, 0.005877 
  0.048288 ,  0.057291, 0.000308 
  0.052641 ,  0.062403, -0.005569 
  0.056960 ,  0.067362, -0.010997 
  0.061240 ,  0.072150, -0.015295 
  0.065476 ,  0.076753, -0.017939 
  0.069662 ,  0.081154, -0.018625 
  0.073793 ,  0.085339, -0.017295 
  0.077863 ,  0.089293, -0.014130 
  0.081868 ,  0.093001, -0.009513 
  0.085803 ,  0.096452, -0.003968 
  0.089662 ,  0.099631, 0.001920 
  0.093440 ,  0.102528, 0.007577 
  0.097133 ,  0.105130, 0.012512 
  0.100736 ,  0.107427, 0.016363 
  0.104245 ,  0.109411, 0.018923 
  0.107654 ,  0.111072, 0.020146 
  0.110960 ,  0.112404, 0.020119 
  0.114158 ,  0.113400, 0.019030 
  0.117244 ,  0.114054, 0.017123 
  0.120214 ,  0.114363, 0.014648 
  0.123064 ,  0.114325, 0.011830 
  0.125792 ,  0.113936, 0.008840 
  0.128392 ,  0.113198, 0.005791 
  0.130863 ,  0.112111, 0.002740 
  0.133200 ,  0.110678, -0.000291 
  0.135402 ,  0.108902, -0.003291 
  0.137464 ,  0.106788, -0.006239 
  0.139385 ,  0.104344, -0.009082 
  0.141162 ,  0.101577, -0.011728 
  0.142794 ,  0.098496, -0.014050 
  0.144277 ,  0.095112, -0.015898 
  0.145611 ,  0.091437, -0.017122 
  0.146793 ,  0.087485, -0.017602 
  0.147823 ,  0.083269, -0.017265 
  0.148699 ,  0.078807, -0.016111 
  0.149421 ,  0.074114, -0.014213 
  0.149987 ,  0.069209, -0.011714 
  0.150398 ,  0.064111, -0.008814 
  0.150652 ,  0.058841, -0.005737 
  0.150751 ,  0.053419, -0.002703 
  0.150693 ,  0.047868, 0.000096 
  0.150480 ,  0.042209, 0.002527 
  0.150112 ,  0.036466, 0.004524 
  0.149590 ,  0.030663, 0.006086 
  0.148916 ,  0.024822, 0.007272 
  0.148089 ,  0.018969, 0.008170 
  0.147113 ,  0.013128, 0.008876 
  0.145988 ,  0.007322, 0.009465 
  0.144716 ,  0.001576, 0.009970 
  0.143300 ,  -0.004088, 0.010368 
  0.141742 ,  -0.009645, 0.010588 
  0.140045 ,  -0.015073, 0.010518 
  0.138211 ,  -0.020351, 0.010033 
  0.136243 ,  -0.025458, 0.009029 
  0.134144 ,  -0.030373, 0.007447 
  0.131918 ,  -0.035078, 0.005303 
  0.129567 ,  -0.039556, 0.002697 
  0.127097 ,  -0.043789, -0.000184 
  0.124510 ,  -0.047765, -0.003089 
  0.121810 ,  -0.051468, -0.005730 
  0.119003 ,  -0.054888, -0.007825 
  0.116091 ,  -0.058014, -0.009139 
  0.113079 ,  -0.060838, -0.009523 
  0.109972 ,  -0.063354, -0.008940 
  0.106775 ,  -0.065557, -0.007477 
  0.103492 ,  -0.067444, -0.005336 
  0.100129 ,  -0.069014, -0.002804 
  0.096690 ,  -0.070266, -0.000213 
  0.093180 ,  -0.071205, 0.002108 
  0.089605 ,  -0.071833, 0.003885 
  0.085970 ,  -0.072156, 0.004940 
  0.082281 ,  -0.072181, 0.005215 
  0.078542 ,  -0.071917, 0.004781 
  0.074759 ,  -0.071375, 0.003821 
  0.070939 ,  -0.070565, 0.002593 
  0.067085 ,  -0.069499, 0.001387 
  0.063205 ,  -0.068193, 0.000470 
  0.059303 ,  -0.066659, 0.000033 
  0.055386 ,  -0.064913, 0.000158 
  0.051458 ,  -0.062971, 0.000798 
  0.047526 ,  -0.060849, 0.001785 
  0.043596 ,  -0.058565, 0.002851 
  0.039671 ,  -0.056135, 0.003684 
  0.035760 ,  -0.053575, 0.003978 
  0.031866 ,  -0.050904, 0.003495 
  0.027995 ,  -0.048139, 0.002114 
  0.024153 ,  -0.045295, -0.000137 
  0.020345 ,  -0.042388, -0.003072 
  0.016577 ,  -0.039435, -0.006367 
  0.012853 ,  -0.036451, -0.009606 
  0.009178 ,  -0.033450, -0.012339 
  0.005558 ,  -0.030446, -0.014154 
  0.001998 ,  -0.027451, -0.014749 
  -0.001499 ,  -0.024478, -0.013982 
  -0.004926 ,  -0.021538, -0.011901 
  -0.008280 ,  -0.018641, -0.008747 
  -0.011557 ,  -0.015796, -0.004920 
  -0.014751 ,  -0.013012, -0.000925 
  -0.017860 ,  -0.010297, 0.002708 
  -0.020879 ,  -0.007656, 0.005507 
  -0.023804 ,  -0.005097, 0.007134 
  -0.026632 ,  -0.002624, 0.007445 
  -0.029359 ,  -0.000242, 0.006518 
  -0.031982 ,  0.002045, 0.004646 
  -0.034499 ,  0.004234, 0.002299 
  -0.036906 ,  0.006323, 0.000047 
  -0.039201 ,  0.008308, -0.001528 
  -0.041381 ,  0.010188, -0.001931 
  -0.043444 ,  0.011960, -0.000840 
  -0.045388 ,  0.013624, 0.001827 
  -0.047211 ,  0.015177, 0.005885 
  -0.048912 ,  0.016618, 0.010892 
  -0.050490 ,  0.017945, 0.016198 
  -0.051942 ,  0.019157, 0.021038 
  -0.053268 ,  0.020252, 0.024632 
  -0.054468 ,  0.021228, 0.026305 
  -0.055541 ,  0.022082, 0.025590 
  -0.056486 ,  0.022813, 0.022305 
  -0.057304 ,  0.023418, 0.016593 
  -0.057995 ,  0.023894, 0.008916 
  -0.058559 ,  0.024238, 0.000004 
  -0.058997 ,  0.024448, -0.009236 
  -0.059309 ,  0.024520, -0.017836 
  -0.059497 ,  0.024451, -0.024896 
  -0.059561 ,  0.024238, -0.029699 
  -0.059505 ,  0.023879, -0.031808 
  -0.059328 ,  0.023370, -0.031117 
  -0.059033 ,  0.022710, -0.027863 
  -0.058622 ,  0.021897, -0.022587 
  -0.058098 ,  0.020929, -0.016051 
  -0.057462 ,  0.019806, -0.009131 
  -0.056718 ,  0.018528, -0.002693 
  -0.055868 ,  0.017095, 0.002526 
  -0.054916 ,  0.015510, 0.006013 
  -0.053865 ,  0.013776, 0.007546 
  -0.052718 ,  0.011896, 0.007203 
  -0.051478 ,  0.009876, 0.005347 
  -0.050150 ,  0.007723, 0.002547 
  -0.048738 ,  0.005444, -0.000507 
  -0.047245 ,  0.003049, -0.003122 
  -0.045675 ,  0.000547, -0.004706 
  -0.044034 ,  -0.002048, -0.004859 
  -0.042324 ,  -0.004723, -0.003429 
  -0.040552 ,  -0.007465, -0.000531 
  -0.038721 ,  -0.010256, 0.003477 
  -0.036836 ,  -0.013079, 0.008048 
  -0.034903 ,  -0.015917, 0.012541 
  -0.032926 ,  -0.018750, 0.016311 
  -0.030909 ,  -0.021558, 0.018811 
  -0.028859 ,  -0.024320, 0.019671 
  -0.026781 ,  -0.027014, 0.018746 
  -0.024679 ,  -0.029618, 0.016137 
  -0.022558 ,  -0.032111, 0.012165 
  -0.020425 ,  -0.034470, 0.007324 
  -0.018284 ,  -0.036674, 0.002199 
  -0.016140 ,  -0.038701, -0.002615 
  -0.013999 ,  -0.040531, -0.006601 
  -0.011867 ,  -0.042143, -0.009387 
  -0.009748 ,  -0.043518, -0.010787 
  -0.007647 ,  -0.044640, -0.010820 
  -0.005571 ,  -0.045491, -0.009685 
  -0.003523 ,  -0.046059, -0.007718 
  -0.001510 ,  -0.046330, -0.005330 
  0.000464 ,  -0.046295, -0.002937 
  0.002393 ,  -0.045944, -0.000895 
  0.004274 ,  -0.045273, 0.000552 
  0.006101 ,  -0.044278, 0.001299 
  0.007868 ,  -0.042959, 0.001381 
  0.009573 ,  -0.041317, 0.000948 
  0.011209 ,  -0.039357, 0.000227 
  0.012774 ,  -0.037087, -0.000535 
  0.014262 ,  -0.034515, -0.001122 
  0.015669 ,  -0.031655, -0.001396 
  0.016991 ,  -0.028522, -0.001326 
  0.018225 ,  -0.025133, -0.000987 
  0.019367 ,  -0.021508, -0.000548 
  0.020414 ,  -0.017668, -0.000228 
  0.021361 ,  -0.013638, -0.000253 
  0.022206 ,  -0.009443, -0.000794 
  0.022947 ,  -0.005110, -0.001928 
  0.023579 ,  -0.000667, -0.003602 
  0.024101 ,  0.003856, -0.005631 
  0.024510 ,  0.008429, -0.007712 
  0.024803 ,  0.013022, -0.009466 
  0.024980 ,  0.017605, -0.010502 
  0.025038 ,  0.022146, -0.010479 
  0.024976 ,  0.026615, -0.009174 
  0.024792 ,  0.030983, -0.006535 
  0.024485 ,  0.035222, -0.002704 
  0.024055 ,  0.039304, 0.001985 
  0.023500 ,  0.043203, 0.007037 
  0.022820 ,  0.046897, 0.011858 
  0.022016 ,  0.050361, 0.015836 
  0.021087 ,  0.053578, 0.018430 
  0.020033 ,  0.056529, 0.019248 
  0.018855 ,  0.059199, 0.018118 
  0.017553 ,  0.061577, 0.015117 
  0.016130 ,  0.063651, 0.010574 
  0.014585 ,  0.065416, 0.005031 
  0.012920 ,  0.066867, -0.000823 
  0.011137 ,  0.068003, -0.006249 
  0.009238 ,  0.068825, -0.010558 
  0.007225 ,  0.069336, -0.013208 
  0.005100 ,  0.069545, -0.013885 
  0.002866 ,  0.069458, -0.012548 
  0.000525 ,  0.069089, -0.009440 
  -0.001919 ,  0.068449, -0.005052 
  -0.004463 ,  0.067555, -0.000061 
  -0.007105 ,  0.066424, 0.004772 
  -0.009839 ,  0.065073, 0.008705 
  -0.012663 ,  0.063522, 0.011127 
  -0.015572 ,  0.061792, 0.011641 
  -0.018563 ,  0.059903, 0.010127 
  -0.021631 ,  0.057878, 0.006758 
  -0.024772 ,  0.055738, 0.001979 
  -0.027980 ,  0.053504, -0.003558 
  -0.031252 ,  0.051198, -0.009081 
  -0.034581 ,  0.048839, -0.013813 
  -0.037964 ,  0.046448, -0.017074 
  -0.041394 ,  0.044041, -0.018381 
  -0.044867 ,  0.041637, -0.017512 
  -0.048377 ,  0.039250, -0.014536 
  -0.051919 ,  0.036893, -0.009800 
  -0.055486 ,  0.034580, -0.003880 
  -0.059073 ,  0.032319, 0.002501 
  -0.062674 ,  0.030118, 0.008575 
  -0.066284 ,  0.027984, 0.013634 
  -0.069895 ,  0.025919, 0.017118 
  -0.073503 ,  0.023925, 0.018691 
  -0.077101 ,  0.022002, 0.018272 
  -0.080684 ,  0.020147, 0.016037 
  -0.084244 ,  0.018356, 0.012383 
  -0.087776 ,  0.016623, 0.007855 
  -0.091273 ,  0.014940, 0.003070 
  -0.094730 ,  0.013298, -0.001378 
  -0.098141 ,  0.011687, -0.004996 
  -0.101499 ,  0.010095, -0.007457 
  -0.104798 ,  0.008511, -0.008629 
  -0.108032 ,  0.006921, -0.008582 
  -0.111196 ,  0.005312, -0.007552 
  -0.114283 ,  0.003672, -0.005898 
  -0.117288 ,  0.001987, -0.004025 
  -0.120205 ,  0.000245, -0.002321 
  -0.123027 ,  -0.001567, -0.001090 
  -0.125751 ,  -0.003459, -0.000512 
  -0.128370 ,  -0.005441, -0.000620 
  -0.130879 ,  -0.007523, -0.001307 
  -0.133273 ,  -0.009712, -0.002355 
  -0.135546 ,  -0.012014, -0.003485 
  -0.137695 ,  -0.014432, -0.004411 
  -0.139714 ,  -0.016968, -0.004897 
  -0.141598 ,  -0.019623, -0.004796 
  -0.143344 ,  -0.022396, -0.004082 
  -0.144947 ,  -0.025281, -0.002847 
  -0.146403 ,  -0.028274, -0.001285 
  -0.147709 ,  -0.031365, 0.000347 
  -0.148860 ,  -0.034546, 0.001778 
  -0.149854 ,  -0.037803, 0.002776 
  -0.150686 ,  -0.041124, 0.003191 
  -0.151355 ,  -0.044493, 0.002987 
  -0.151857 ,  -0.047892, 0.002249 
  -0.152190 ,  -0.051303, 0.001172 
  -0.152352 ,  -0.054707, 0.000027 
  -0.152340 ,  -0.058082, -0.000887 
  -0.152153 ,  -0.061407, -0.001297 
  -0.151789 ,  -0.064659, -0.001004 
  -0.151247 ,  -0.067817, 0.000073 
  -0.150526 ,  -0.070857, 0.001881 
  -0.149625 ,  -0.073757, 0.004232 
  -0.148544 ,  -0.076494, 0.006835 
  -0.147282 ,  -0.079047, 0.009334 
  -0.145839 ,  -0.081394, 0.011364 
  -0.144216 ,  -0.083517, 0.012613 
  -0.142412 ,  -0.085394, 0.012869 
  -0.140430 ,  -0.087011, 0.012053 
  -0.138269 ,  -0.088349, 0.010235 
  -0.135932 ,  -0.089396, 0.007618 
  -0.133420 ,  -0.090139, 0.004506 
  -0.130734 ,  -0.090566, 0.001253 
  -0.127876 ,  -0.090671, -0.001793 
  -0.124850 ,  -0.090446, -0.004349 
  -0.121657 ,  -0.089886, -0.006243 
  -0.118301 ,  -0.088991, -0.007430 
  -0.114785 ,  -0.087759, -0.008000 
  -0.111111 ,  -0.086192, -0.008152 
  -0.107284 ,  -0.084296, -0.008148 
  -0.103307 ,  -0.082076, -0.008257 
  -0.099184 ,  -0.079539, -0.008695 
  -0.094920 ,  -0.076697, -0.009576 
  -0.090519 ,  -0.073560, -0.010880 
  -0.085985 ,  -0.070141, -0.012440 
  -0.081325 ,  -0.066455, -0.013971 
  -0.076542 ,  -0.062518, -0.015104 
  -0.071642 ,  -0.058347, -0.015458 
  -0.066630 ,  -0.053959, -0.014709 
  -0.061513 ,  -0.049374, -0.012655 
  -0.056295 ,  -0.044611, -0.009274 
  -0.050984 ,  -0.039689, -0.004741 
  -0.045584 ,  -0.034629, 0.000568 
  -0.040103 ,  -0.029452, 0.006126 
  -0.034546 ,  -0.024178, 0.011313 
  -0.028921 ,  -0.018828, 0.015513 
  -0.023234 ,  -0.013422, 0.018200 
  -0.017491 ,  -0.007979, 0.019029 
  -0.011700 ,  -0.002520, 0.017894 
  -0.005867 ,  0.002936, 0.014961 
  0.000000 ,  0.008370, 0.010656 
  0.005895 ,  0.013765, 0.005617 
  0.011810 ,  0.019103, 0.000608 
  0.017738 ,  0.024367, -0.003590 
  0.023672 ,  0.029541, -0.006286 
  0.029605 ,  0.034609, -0.006993 
  0.035529 ,  0.039556, -0.005498 
  0.041438 ,  0.044370, -0.001910 
  0.047323 ,  0.049035, 0.003345 
  0.053178 ,  0.053540, 0.009578 
  0.058995 ,  0.057871, 0.015916 
  0.064767 ,  0.062018, 0.021430 
  0.070488 ,  0.065969, 0.025249 
  0.076149 ,  0.069714, 0.026690 
  0.081745 ,  0.073243, 0.025350 
  0.087267 ,  0.076545, 0.021163 
  0.092710 ,  0.079613, 0.014416 
  0.098067 ,  0.082436, 0.005712 
  0.103330 ,  0.085007, -0.004106 
  0.108494 ,  0.087318, -0.014058 
  0.113551 ,  0.089362, -0.023158 
  0.118497 ,  0.091130, -0.030525 
  0.123324 ,  0.092618, -0.035495 
  0.128026 ,  0.093818, -0.037683 
  0.132599 ,  0.094726, -0.037024 
  0.137036 ,  0.095336, -0.033752 
  0.141332 ,  0.095644, -0.028358 
  0.145482 ,  0.095648, -0.021511 
  0.149481 ,  0.095343, -0.013961 
  0.153323 ,  0.094728, -0.006444 
  0.157004 ,  0.093803, 0.000401 
  0.160521 ,  0.092567, 0.006097 
  0.163868 ,  0.091023, 0.010360 
  0.167041 ,  0.089171, 0.013103 
  0.170038 ,  0.087017, 0.014408 
  0.172855 ,  0.084566, 0.014489 
  0.175487 ,  0.081823, 0.013627 
  0.177933 ,  0.078798, 0.012126 
  0.180190 ,  0.075499, 0.010262 
  0.182255 ,  0.071937, 0.008255 
  0.184126 ,  0.068126, 0.006260 
  0.185801 ,  0.064079, 0.004373 
  0.187278 ,  0.059812, 0.002649 
  0.188557 ,  0.055343, 0.001128 
  0.189635 ,  0.050690, -0.000142 
  0.190513 ,  0.045872, -0.001090 
  0.191189 ,  0.040913, -0.001621 
  0.191664 ,  0.035833, -0.001626 
  0.191937 ,  0.030657, -0.001008 
  0.192008 ,  0.025410, 0.000290 
  0.191879 ,  0.020117, 0.002253 
  0.191549 ,  0.014804, 0.004773 
  0.191021 ,  0.009497, 0.007642 
  0.190294 ,  0.004224, 0.010565 
  0.189372 ,  -0.000988, 0.013188 
  0.188256 ,  -0.006114, 0.015145 
  0.186948 ,  -0.011127, 0.016114 
  0.185451 ,  -0.016000, 0.015868 
  0.183767 ,  -0.020710, 0.014321 
  0.181899 ,  -0.025231, 0.011551 
  0.179850 ,  -0.029542, 0.007800 
  0.177624 ,  -0.033620, 0.003445 
  0.175224 ,  -0.037447, -0.001051 
  0.172655 ,  -0.041005, -0.005213 
  0.169920 ,  -0.044277, -0.008621 
  0.167024 ,  -0.047249, -0.010986 
  0.163972 ,  -0.049911, -0.012194 
  0.160767 ,  -0.052252, -0.012329 
  0.157416 ,  -0.054267, -0.011660 
  0.153922 ,  -0.055951, -0.010597 
  0.150292 ,  -0.057301, -0.009617 
  0.146532 ,  -0.058319, -0.009182 
  0.142645 ,  -0.059009, -0.009642 
  0.138640 ,  -0.059375, -0.011166 
  0.134521 ,  -0.059425, -0.013694 
  0.130294 ,  -0.059171, -0.016923 
  0.125966 ,  -0.058625, -0.020342 
  0.121543 ,  -0.057801, -0.023303 
  0.117032 ,  -0.056717, -0.025113 
  0.112440 ,  -0.055389, -0.025152 
  0.107772 ,  -0.053839, -0.022980 
  0.103036 ,  -0.052086, -0.018422 
  0.098238 ,  -0.050154, -0.011619 
  0.093385 ,  -0.048065, -0.003034 
  0.088485 ,  -0.045841, 0.006598 
  0.083544 ,  -0.043508, 0.016357 
  0.078569 ,  -0.041089, 0.025261 
  0.073568 ,  -0.038608, 0.032402 
  0.068547 ,  -0.036087, 0.037070 
  0.063513 ,  -0.033549, 0.038855 
  0.058473 ,  -0.031017, 0.037706 
  0.053434 ,  -0.028510, 0.033935 
  0.048404 ,  -0.026048, 0.028163 
  0.043389 ,  -0.023648, 0.021228 
  0.038396 ,  -0.021328, 0.014054 
  0.033432 ,  -0.019101, 0.007510 
  0.028503 ,  -0.016980, 0.002282 
  0.023616 ,  -0.014975, -0.001228 
  0.018778 ,  -0.013096, -0.002950 
  0.013995 ,  -0.011348, -0.003145 
  0.009274 ,  -0.009737, -0.002343 
  0.004620 ,  -0.008265, -0.001238 
  0.000040 ,  -0.006933, -0.000562 
  -0.004461 ,  -0.005739, -0.000940 
  -0.008876 ,  -0.004679, -0.002777 
  -0.013201 ,  -0.003751, -0.006173 
  -0.017429 ,  -0.002946, -0.010894 
  -0.021555 ,  -0.002257, -0.016404 
  -0.025574 ,  -0.001675, -0.021943 
  -0.029482 ,  -0.001191, -0.026653 
  -0.033273 ,  -0.000792, -0.029725 
  -0.036943 ,  -0.000468, -0.030530 
  -0.040488 ,  -0.000207, -0.028743 
  -0.043903 ,  0.000004, -0.024401 
  -0.047185 ,  0.000177, -0.017910 
  -0.050331 ,  0.000324, -0.009996 
  -0.053336 ,  0.000457, -0.001589 
  -0.056197 ,  0.000586, 0.006312 
  -0.058912 ,  0.000723, 0.012803 
  -0.061478 ,  0.000876, 0.017212 
  -0.063892 ,  0.001055, 0.019208 
  -0.066153 ,  0.001267, 0.018846 
  -0.068257 ,  0.001517, 0.016554 
  -0.070205 ,  0.001811, 0.013052 
  -0.071993 ,  0.002151, 0.009220 
  -0.073621 ,  0.002541, 0.005941 
  -0.075088 ,  0.002979, 0.003937 
  -0.076393 ,  0.003466, 0.003631 
  -0.077537 ,  0.003998, 0.005067 
  -0.078517 ,  0.004572, 0.007883 
  -0.079336 ,  0.005184, 0.011372 
  -0.079993 ,  0.005825, 0.014594 
  -0.080489 ,  0.006490, 0.016544 
  -0.080824 ,  0.007171, 0.016342 
  -0.081000 ,  0.007857, 0.013403 
  -0.081019 ,  0.008540, 0.007578 
  -0.080881 ,  0.009208, -0.000782 
  -0.080589 ,  0.009853, -0.010834 
  -0.080145 ,  0.010463, -0.021344 
  -0.079550 ,  0.011028, -0.030854 
  -0.078809 ,  0.011538, -0.037894 
  -0.077923 ,  0.011983, -0.041218 
  -0.076895 ,  0.012354, -0.040010 
  -0.075730 ,  0.012642, -0.034042 
  -0.074429 ,  0.012840, -0.023742 
  -0.072998 ,  0.012942, -0.010170 
  -0.071439 ,  0.012942, 0.005107 
  -0.069757 ,  0.012837, 0.020215 
  -0.067956 ,  0.012623, 0.033239 
  -0.066040 ,  0.012300, 0.042490 
  -0.064015 ,  0.011868, 0.046760 
  -0.061884 ,  0.011329, 0.045501 
  -0.059654 ,  0.010685, 0.038919 
  -0.057327 ,  0.009942, 0.027957 
  -0.054911 ,  0.009106, 0.014165 
  -0.052410 ,  0.008183, -0.000516 
  -0.049830 ,  0.007184, -0.014032 
  -0.047176 ,  0.006117, -0.024515 
  -0.044454 ,  0.004993, -0.030556 
  -0.041670 ,  0.003825, -0.031409 
  -0.038829 ,  0.002625, -0.027103 
  -0.035937 ,  0.001406, -0.018438 
  -0.033001 ,  0.000180, -0.006860 
  -0.030026 ,  -0.001037, 0.005751 
  -0.027019 ,  -0.002233, 0.017361 
  -0.023985 ,  -0.003393, 0.026089 
  -0.020931 ,  -0.004505, 0.030487 
  -0.017863 ,  -0.005557, 0.029753 
  -0.014787 ,  -0.006535, 0.023853 
  -0.011709 ,  -0.007429, 0.013526 
  -0.008635 ,  -0.008229, 0.000172 
  -0.005572 ,  -0.008926, -0.014354 
  -0.002525 ,  -0.009512, -0.028015 
  0.000500 ,  -0.009982, -0.038888 
  0.003495 ,  -0.010329, -0.045447 
  0.006457 ,  -0.010552, -0.046775 
  0.009378 ,  -0.010648, -0.042690 
  0.012253 ,  -0.010617, -0.033763 
  0.015076 ,  -0.010462, -0.021215 
  0.017842 ,  -0.010185, -0.006738 
  0.020545 ,  -0.009790, 0.007764 
  0.023181 ,  -0.009285, 0.020453 
  0.025742 ,  -0.008677, 0.029814 
  0.028225 ,  -0.007975, 0.034863 
  0.030625 ,  -0.007189, 0.035266 
  0.032937 ,  -0.006331, 0.031361 
  0.035155 ,  -0.005411, 0.024076 
  0.037276 ,  -0.004445, 0.014768 
  0.039296 ,  -0.003444, 0.004996 
  0.041209 ,  -0.002423, -0.003718 
  0.043013 ,  -0.001395, -0.010120 
  0.044703 ,  -0.000376, -0.013398 
  0.046276 ,  0.000623, -0.013284 
  0.047728 ,  0.001586, -0.010070 
  0.049056 ,  0.002502, -0.004530 
  0.050258 ,  0.003358, 0.002223 
  0.051330 ,  0.004142, 0.008929 
  0.052270 ,  0.004846, 0.014393 
  0.053076 ,  0.005459, 0.017665 
  0.053745 ,  0.005974, 0.018191 
  0.054277 ,  0.006386, 0.015879 
  0.054668 ,  0.006689, 0.011101 
  0.054918 ,  0.006880, 0.004616 
  0.055025 ,  0.006959, -0.002567 
  0.054989 ,  0.006924, -0.009353 
  0.054810 ,  0.006779, -0.014741 
  0.054485 ,  0.006527, -0.017977 
  0.054016 ,  0.006173, -0.018659 
  0.053402 ,  0.005724, -0.016790 
  0.052644 ,  0.005188, -0.012756 
  0.051743 ,  0.004575, -0.007253 
  0.050698 ,  0.003896, -0.001163 
  0.049510 ,  0.003162, 0.004593 
  0.048183 ,  0.002387, 0.009196 
  0.046715 ,  0.001585, 0.012049 
  0.045110 ,  0.000769, 0.012859 
  0.043369 ,  -0.000044, 0.011654 
  0.041495 ,  -0.000841, 0.008764 
  0.039489 ,  -0.001604, 0.004737 
  0.037354 ,  -0.002321, 0.000241 
  0.035094 ,  -0.002975, -0.004057 
  0.032710 ,  -0.003552, -0.007598 
  0.030207 ,  -0.004039, -0.010014 
  0.027587 ,  -0.004422, -0.011169 
  0.024855 ,  -0.004690, -0.011159 
  0.022013 ,  -0.004832, -0.010271 
  0.019067 ,  -0.004838, -0.008908 
  0.016019 ,  -0.004702, -0.007500 
  0.012875 ,  -0.004415, -0.006412 
  0.009639 ,  -0.003974, -0.005876 
  0.006315 ,  -0.003375, -0.005942 
  0.002908 ,  -0.002616, -0.006479 
  -0.000577 ,  -0.001698, -0.007197 
  -0.004135 ,  -0.000623, -0.007712 
  -0.007761 ,  0.000604, -0.007627 
  -0.011449 ,  0.001980, -0.006607 
  -0.015195 ,  0.003496, -0.004457 
  -0.018992 ,  0.005143, -0.001163 
  -0.022835 ,  0.006912, 0.003088 
  -0.026720 ,  0.008789, 0.007934 
  -0.030639 ,  0.010763, 0.012889 
  -0.034587 ,  0.012818, 0.017413 
  -0.038559 ,  0.014940, 0.021000 
  -0.042548 ,  0.017112, 0.023250 
  -0.046549 ,  0.019316, 0.023929 
  -0.050555 ,  0.021535, 0.023002 
  -0.054561 ,  0.023752, 0.020627 
  -0.058562 ,  0.025947, 0.017127 
  -0.062550 ,  0.028102, 0.012926 
  -0.066520 ,  0.030198, 0.008484 
  -0.070466 ,  0.032218, 0.004223 
  -0.074382 ,  0.034144, 0.000463 
  -0.078263 ,  0.035959, -0.002610 
  -0.082102 ,  0.037645, -0.004963 
  -0.085895 ,  0.039188, -0.006692 
  -0.089634 ,  0.040573, -0.007987 
  -0.093315 ,  0.041786, -0.009075 
  -0.096932 ,  0.042814, -0.010157 
  -0.100479 ,  0.043646, -0.011363 
  -0.103952 ,  0.044273, -0.012714 
  -0.107345 ,  0.044686, -0.014117 
  -0.110652 ,  0.044879, -0.015376 
  -0.113870 ,  0.044844, -0.016238 
  -0.116993 ,  0.044579, -0.016440 
  -0.120016 ,  0.044081, -0.015773 
  -0.122934 ,  0.043349, -0.014128 
  -0.125745 ,  0.042384, -0.011533 
  -0.128442 ,  0.041187, -0.008159 
  -0.131022 ,  0.039761, -0.004303 
  -0.133481 ,  0.038112, -0.000349 
  -0.135815 ,  0.036245, 0.003296 
  -0.138020 ,  0.034168, 0.006265 
  -0.140094 ,  0.031889, 0.008291 
  -0.142033 ,  0.029417, 0.009252 
  -0.143834 ,  0.026762, 0.009187 
  -0.145493 ,  0.023937, 0.008291 
  -0.147010 ,  0.020954, 0.006873 
  -0.148380 ,  0.017824, 0.005299 
  -0.149601 ,  0.014562, 0.003924 
  -0.150673 ,  0.011181, 0.003027 
  -0.151593 ,  0.007697, 0.002752 
  -0.152359 ,  0.004123, 0.003087 
  -0.152970 ,  0.000475, 0.003861 
  -0.153425 ,  -0.003231, 0.004779 
  -0.153723 ,  -0.006981, 0.005481 
  -0.153863 ,  -0.010759, 0.005614 
  -0.153845 ,  -0.014550, 0.004906 
  -0.153668 ,  -0.018339, 0.003235 
  -0.153333 ,  -0.022110, 0.000665 
  -0.152840 ,  -0.025848, -0.002545 
  -0.152189 ,  -0.029540, -0.005973 
  -0.151380 ,  -0.033172, -0.009086 
  -0.150415 ,  -0.036728, -0.011335 
  -0.149295 ,  -0.040196, -0.012238 
  -0.148021 ,  -0.043563, -0.011471 
  -0.146594 ,  -0.046817, -0.008937 
  -0.145017 ,  -0.049946, -0.004790 
  -0.143290 ,  -0.052937, 0.000564 
  -0.141417 ,  -0.055782, 0.006524 
  -0.139399 ,  -0.058469, 0.012366 
  -0.137239 ,  -0.060988, 0.017354 
  -0.134940 ,  -0.063332, 0.020845 
  -0.132505 ,  -0.065492, 0.022380 
  -0.129936 ,  -0.067459, 0.021758 
  -0.127237 ,  -0.069228, 0.019060 
  -0.124411 ,  -0.070793, 0.014635 
  -0.121462 ,  -0.072147, 0.009042 
  -0.118394 ,  -0.073286, 0.002963 
  -0.115211 ,  -0.074207, -0.002905 
  -0.111916 ,  -0.074906, -0.007953 
  -0.108513 ,  -0.075381, -0.011749 
  -0.105008 ,  -0.075630, -0.014092 
  -0.101404 ,  -0.075653, -0.015027 
  -0.097706 ,  -0.075449, -0.014816 
  -0.093919 ,  -0.075021, -0.013874 
  -0.090048 ,  -0.074368, -0.012675 
  -0.086097 ,  -0.073495, -0.011659 
  -0.082071 ,  -0.072405, -0.011140 
  -0.077976 ,  -0.071101, -0.011245 
  -0.073816 ,  -0.069588, -0.011888 
  -0.069597 ,  -0.067874, -0.012790 
  -0.065324 ,  -0.065963, -0.013537 
  -0.061002 ,  -0.063864, -0.013664 
  -0.056637 ,  -0.061585, -0.012760 
  -0.052234 ,  -0.059134, -0.010557 
  -0.047798 ,  -0.056521, -0.007010 
  -0.043335 ,  -0.053755, -0.002322 
  -0.038851 ,  -0.050848, 0.003064 
  -0.034350 ,  -0.047810, 0.008527 
  -0.029838 ,  -0.044653, 0.013361 
  -0.025321 ,  -0.041389, 0.016901 
  -0.020804 ,  -0.038030, 0.018637 
  -0.016293 ,  -0.034589, 0.018321 
  -0.011792 ,  -0.031077, 0.016022 
  -0.007307 ,  -0.027508, 0.012139 
  -0.002843 ,  -0.023895, 0.007350 
  0.001595 ,  -0.020250, 0.002514 
  0.006000 ,  -0.016585, -0.001470 
  0.010370 ,  -0.012913, -0.003814 
  0.014697 ,  -0.009246, -0.003986 
  0.018979 ,  -0.005595, -0.001818 
  0.023209 ,  -0.001972, 0.002441 
  0.027383 ,  0.001613, 0.008140 
  0.031497 ,  0.005151, 0.014309 
  0.035546 ,  0.008631, 0.019805 
  0.039526 ,  0.012045, 0.023490 
  0.043433 ,  0.015385, 0.024426 
  0.047262 ,  0.018645, 0.022044 
  0.051010 ,  0.021817, 0.016265 
  0.054672 ,  0.024897, 0.007552 
  0.058246 ,  0.027880, -0.003129 
  0.061727 ,  0.030763, -0.014425 
  0.065113 ,  0.033542, -0.024781 
  0.068400 ,  0.036215, -0.032675 
  0.071585 ,  0.038783, -0.036848 
  0.074666 ,  0.041244, -0.036516 
  0.077639 ,  0.043599, -0.031516 
  0.080502 ,  0.045849, -0.022363 
  0.083253 ,  0.047996, -0.010210 
  0.085889 ,  0.050043, 0.003297 
  0.088410 ,  0.051993, 0.016236 
  0.090812 ,  0.053849, 0.026682 
  0.093094 ,  0.055615, 0.032991 
  0.095255 ,  0.057295, 0.034048 
  0.097294 ,  0.058894, 0.029453 
  0.099209 ,  0.060416, 0.019605 
  0.101000 ,  0.061866, 0.005666 
  0.102666 ,  0.063248, -0.010574 
  0.104206 ,  0.064567, -0.026936 
  0.105621 ,  0.065826, -0.041148 
  0.106910 ,  0.067029, -0.051164 
  0.108072 ,  0.068180, -0.055448 
  0.109109 ,  0.069281, -0.053203 
  0.110021 ,  0.070334, -0.044483 
  0.110808 ,  0.071341, -0.030201 
  0.111471 ,  0.072302, -0.012008 
  0.112011 ,  0.073219, 0.007931 
  0.112429 ,  0.074089, 0.027229 
  0.112726 ,  0.074911, 0.043600 
  0.112904 ,  0.075684, 0.055164 
  0.112965 ,  0.076403, 0.060699 
  0.112910 ,  0.077064, 0.059784 
  0.112741 ,  0.077663, 0.052843 
  0.112459 ,  0.078194, 0.041060 
  0.112069 ,  0.078649, 0.026192 
  0.111570 ,  0.079022, 0.010310 
  0.110967 ,  0.079304, -0.004501 
  0.110262 ,  0.079488, -0.016434 
  0.109457 ,  0.079562, -0.024199 
  0.108555 ,  0.079519, -0.027183 
  0.107559 ,  0.079347, -0.025500 
  0.106472 ,  0.079036, -0.019943 
  0.105298 ,  0.078575, -0.011830 
  0.104039 ,  0.077954, -0.002779 
  0.102699 ,  0.077162, 0.005547 
  0.101282 ,  0.076188, 0.011698 
  0.099790 ,  0.075022, 0.014648 
  0.098228 ,  0.073655, 0.013939 
  0.096599 ,  0.072076, 0.009727 
  0.094906 ,  0.070276, 0.002736 
  0.093154 ,  0.068249, -0.005872 
  0.091345 ,  0.065986, -0.014691 
  0.089485 ,  0.063482, -0.022300 
  0.087577 ,  0.060730, -0.027482 
  0.085624 ,  0.057728, -0.029408 
  0.083631 ,  0.054471, -0.027752 
  0.081601 ,  0.050960, -0.022734 
  0.079539 ,  0.047193, -0.015070 
  0.077448 ,  0.043173, -0.005850 
  0.075332 ,  0.038901, 0.003631 
  0.073195 ,  0.034383, 0.012076 
  0.071040 ,  0.029625, 0.018377 
  0.068873 ,  0.024635, 0.021772 
  0.066696 ,  0.019421, 0.021946 
  0.064513 ,  0.013996, 0.019057 
  0.062328 ,  0.008371, 0.013694 
  0.060144 ,  0.002561, 0.006771 
  0.057966 ,  -0.003418, -0.000625 
  0.055796 ,  -0.009549, -0.007400 
  0.053638 ,  -0.015814, -0.012622 
  0.051496 ,  -0.022191, -0.015640 
  0.049373 ,  -0.028660, -0.016173 
  0.047271 ,  -0.035197, -0.014321 
  0.045195 ,  -0.041780, -0.010529 
  0.043147 ,  -0.048383, -0.005493 
  0.041131 ,  -0.054981, -0.000036 
  0.039148 ,  -0.061547, 0.005028 
  0.037202 ,  -0.068055, 0.009022 
  0.035295 ,  -0.074477, 0.011500 
  0.033430 ,  -0.080785, 0.012303 
  0.031610 ,  -0.086952, 0.011560 
  0.029836 ,  -0.092950, 0.009642 
  0.028111 ,  -0.098751, 0.007085 
  0.026436 ,  -0.104328, 0.004483 
  0.024815 ,  -0.109653, 0.002382 
  0.023247 ,  -0.114701, 0.001187 
  0.021736 ,  -0.119446, 0.001099 
  0.020283 ,  -0.123863, 0.002088 
  0.018889 ,  -0.127930, 0.003911 
  0.017554 ,  -0.131624, 0.006163 
  0.016282 ,  -0.134923, 0.008356 
  0.015071 ,  -0.137810, 0.010007 
  0.013924 ,  -0.140266, 0.010723 
  0.012841 ,  -0.142276, 0.010267 
  0.011823 ,  -0.143826, 0.008595 
  0.010869 ,  -0.144904, 0.005858 
  0.009981 ,  -0.145500, 0.002369 
  0.009158 ,  -0.145606, -0.001455 
  0.008401 ,  -0.145217, -0.005167 
  0.007709 ,  -0.144331, -0.008368 
  0.007082 ,  -0.142946, -0.010769 
  0.006520 ,  -0.141064, -0.012238 
  0.006022 ,  -0.138690, -0.012812 
  0.005588 ,  -0.135829, -0.012677 
  0.005217 ,  -0.132491, -0.012122 
  0.004908 ,  -0.128686, -0.011479 
  0.004660 ,  -0.124429, -0.011052 
  0.004473 ,  -0.119735, -0.011047 
  0.004344 ,  -0.114623, -0.011532 
  0.004272 ,  -0.109112, -0.012417 
  0.004257 ,  -0.103224, -0.013458 
  0.004297 ,  -0.096984, -0.014305 
  0.004389 ,  -0.090418, -0.014558 
  0.004533 ,  -0.083553, -0.013840 
  0.004727 ,  -0.076418, -0.011876 
  0.004968 ,  -0.069044, -0.008546 
  0.005255 ,  -0.061462, -0.003924 
  0.005586 ,  -0.053705, 0.001720 
  0.005958 ,  -0.045806, 0.007942 
  0.006370 ,  -0.037799, 0.014184 
  0.006819 ,  -0.029719, 0.019844 
  0.007303 ,  -0.021601, 0.024367 
  0.007820 ,  -0.013479, 0.027314 
  0.008368 ,  -0.005387, 0.028429 
  0.008943 ,  0.002639, 0.027672 
  0.009543 ,  0.010566, 0.025220 
  0.010167 ,  0.018362, 0.021437 
  0.010811 ,  0.025994, 0.016814 
  0.011474 ,  0.033432, 0.011898 
  0.012151 ,  0.040647, 0.007207 
  0.012842 ,  0.047610, 0.003155 
  0.013543 ,  0.054294, 0.000002 
  0.014252 ,  0.060677, -0.002182 
  0.014966 ,  0.066735, -0.003505 
  0.015683 ,  0.072449, -0.004229 
  0.016400 ,  0.077799, -0.004702 
  0.017115 ,  0.082770, -0.005297 
  0.017825 ,  0.087349, -0.006329 
  0.018529 ,  0.091525, -0.007998 
  0.019222 ,  0.095289, -0.010341 
  0.019904 ,  0.098635, -0.013221 
  0.020572 ,  0.101560, -0.016342 
  0.021224 ,  0.104062, -0.019291 
  0.021856 ,  0.106144, -0.021607 
  0.022469 ,  0.107809, -0.022852 
  0.023058 ,  0.109064, -0.022689 
  0.023622 ,  0.109917, -0.020940 
  0.024160 ,  0.110379, -0.017624 
  0.024669 ,  0.110463, -0.012963 
  0.025148 ,  0.110184, -0.007358 
  0.025594 ,  0.109558, -0.001340 
  0.026007 ,  0.108603, 0.004507 
  0.026384 ,  0.107340, 0.009621 
  0.026725 ,  0.105789, 0.013542 
  0.027028 ,  0.103973, 0.015975 
  0.027291 ,  0.101914, 0.016825 
  0.027514 ,  0.099637, 0.016206 
  0.027695 ,  0.097165, 0.014416 
  0.027833 ,  0.094523, 0.011891 
  0.027928 ,  0.091736, 0.009128 
  0.027979 ,  0.088828, 0.006614 
  0.027985 ,  0.085824, 0.004749 
  0.027946 ,  0.082747, 0.003789 
  0.027861 ,  0.079620, 0.003807 
  0.027730 ,  0.076465, 0.004694 
  0.027552 ,  0.073305, 0.006174 
  0.027328 ,  0.070157, 0.007857 
  0.027057 ,  0.067042, 0.009304 
  0.026740 ,  0.063976, 0.010098 
  0.026377 ,  0.060975, 0.009910 
  0.025967 ,  0.058052, 0.008555 
  0.025512 ,  0.055220, 0.006020 
  0.025013 ,  0.052489, 0.002466 
  0.024468 ,  0.049866, -0.001794 
  0.023880 ,  0.047359, -0.006345 
  0.023250 ,  0.044972, -0.010725 
  0.022577 ,  0.042708, -0.014498 
  0.021863 ,  0.040566, -0.017310 
  0.021109 ,  0.038547, -0.018934 
  0.020317 ,  0.036646, -0.019298 
  0.019487 ,  0.034859, -0.018478 
  0.018622 ,  0.033179, -0.016681 
  0.017722 ,  0.031599, -0.014195 
  0.016788 ,  0.030110, -0.011338 
  0.015823 ,  0.028700, -0.008404 
  0.014829 ,  0.027357, -0.005614 
  0.013806 ,  0.026070, -0.003083 
  0.012757 ,  0.024825, -0.000817 
  0.011684 ,  0.023607, 0.001280 
  0.010588 ,  0.022402, 0.003368 
  0.009471 ,  0.021195, 0.005625 
  0.008336 ,  0.019971, 0.008190 
  0.007185 ,  0.018714, 0.011119 
  0.006019 ,  0.017410, 0.014344 
  0.004841 ,  0.016046, 0.017664 
  0.003653 ,  0.014606, 0.020751 
  0.002457 ,  0.013077, 0.023193 
  0.001255 ,  0.011449, 0.024543 
  0.000050 ,  0.009709, 0.024396 
  -0.001156 ,  0.007848, 0.022458 
  -0.002361 ,  0.005857, 0.018605 
  -0.003563 ,  0.003729, 0.012930 
  -0.004760 ,  0.001458, 0.005757 
  -0.005949 ,  -0.000960, -0.002382 
  -0.007127 ,  -0.003527, -0.010793 
  -0.008294 ,  -0.006244, -0.018694 
  -0.009446 ,  -0.009111, -0.025313 
  -0.010581 ,  -0.012125, -0.029978 
  -0.011698 ,  -0.015280, -0.032212 
  -0.012794 ,  -0.018571, -0.031790 
  -0.013867 ,  -0.021991, -0.028778 
  -0.014915 ,  -0.025529, -0.023530 
  -0.015936 ,  -0.029174, -0.016643 
  -0.016929 ,  -0.032913, -0.008887 
  -0.017890 ,  -0.036733, -0.001109 
  -0.018820 ,  -0.040618, 0.005878 
  -0.019715 ,  -0.044551, 0.011389 
  -0.020574 ,  -0.048514, 0.014958 
  -0.021396 ,  -0.052489, 0.016386 
  -0.022179 ,  -0.056456, 0.015760 
  -0.022921 ,  -0.060395, 0.013429 
  -0.023621 ,  -0.064284, 0.009947 
  -0.024279 ,  -0.068104, 0.005986 
  -0.024892 ,  -0.071832, 0.002240 
  -0.025459 ,  -0.075447, -0.000679 
  -0.025981 ,  -0.078929, -0.002322 
  -0.026454 ,  -0.082256, -0.002466 
  -0.026880 ,  -0.085407, -0.001138 
  -0.027257 ,  -0.088364, 0.001393 
  -0.027584 ,  -0.091106, 0.004667 
  -0.027861 ,  -0.093617, 0.008104 
  -0.028088 ,  -0.095878, 0.011092 
  -0.028264 ,  -0.097875, 0.013083 
  -0.028389 ,  -0.099593, 0.013672 
  -0.028463 ,  -0.101019, 0.012660 
  -0.028485 ,  -0.102141, 0.010077 
  -0.028457 ,  -0.102950, 0.006184 
  -0.028378 ,  -0.103437, 0.001426 
  -0.028249 ,  -0.103596, -0.003625 
  -0.028070 ,  -0.103423, -0.008357 
  -0.027841 ,  -0.102914, -0.012203 
  -0.027564 ,  -0.102070, -0.014717 
  -0.027239 ,  -0.100891, -0.015637 
  -0.026866 ,  -0.099379, -0.014912 
  -0.026447 ,  -0.097541, -0.012707 
  -0.025984 ,  -0.095381, -0.009371 
  -0.025476 ,  -0.092909, -0.005386 
  -0.024926 ,  -0.090135, -0.001292 
  -0.024334 ,  -0.087070, 0.002383 
  -0.023703 ,  -0.083728, 0.005196 
  -0.023033 ,  -0.080123, 0.006843 
  -0.022327 ,  -0.076270, 0.007194 
  -0.021586 ,  -0.072188, 0.006294 
  -0.020812 ,  -0.067895, 0.004350 
  -0.020007 ,  -0.063410, 0.001688 
  -0.019172 ,  -0.058752, -0.001298 
  -0.018311 ,  -0.053943, -0.004206 
  -0.017424 ,  -0.049005, -0.006680 
  -0.016515 ,  -0.043958, -0.008448 
  -0.015585 ,  -0.038825, -0.009356 
  -0.014637 ,  -0.033629, -0.009366 
  -0.013673 ,  -0.028390, -0.008547 
  -0.012696 ,  -0.023132, -0.007051 
  -0.011707 ,  -0.017876, -0.005074 
  -0.010710 ,  -0.012642, -0.002825 
  -0.009707 ,  -0.007452, -0.000487 
  -0.008701 ,  -0.002326, 0.001795 
  -0.007694 ,  0.002718, 0.003932 
  -0.006689 ,  0.007661, 0.005881 
  -0.005688 ,  0.012487, 0.007633 
  -0.004694 ,  0.017179, 0.009194 
  -0.003710 ,  0.021722, 0.010561 
  -0.002739 ,  0.026103, 0.011706 
  -0.001783 ,  0.030310, 0.012569 
  -0.000844 ,  0.034331, 0.013060 
  0.000074 ,  0.038159, 0.013074 
  0.000969 ,  0.041783, 0.012511 
  0.001839 ,  0.045198, 0.011301 
  0.002680 ,  0.048399, 0.009432 
  0.003490 ,  0.051382, 0.006966 
  0.004267 ,  0.054144, 0.004041 
  0.005009 ,  0.056684, 0.000868 
  0.005712 ,  0.059002, -0.002293 
  0.006375 ,  0.061101, -0.005167 
  0.006995 ,  0.062983, -0.007503 
  0.007570 ,  0.064651, -0.009114 
  0.008098 ,  0.066110, -0.009907 
  0.008576 ,  0.067366, -0.009902 
  0.009003 ,  0.068425, -0.009235 
  0.009377 ,  0.069296, -0.008140 
  0.009695 ,  0.069984, -0.006910 
  0.009956 ,  0.070501, -0.005855 
  0.010159 ,  0.070853, -0.005251 
  0.010301 ,  0.071051, -0.005284 
  0.010382 ,  0.071103, -0.006021 
  0.010399 ,  0.071020, -0.007388 
  0.010352 ,  0.070811, -0.009173 
  0.010239 ,  0.070485, -0.011052 
  0.010060 ,  0.070052, -0.012639 
  0.009813 ,  0.069522, -0.013538 
  0.009497 ,  0.068902, -0.013411 
  0.009112 ,  0.068201, -0.012035 
  0.008657 ,  0.067428, -0.009342 
  0.008132 ,  0.066589, -0.005440 
  0.007536 ,  0.065691, -0.000608 
  0.006869 ,  0.064741, 0.004737 
  0.006131 ,  0.063745, 0.010091 
  0.005322 ,  0.062706, 0.014932 
  0.004443 ,  0.061630, 0.018792 
  0.003492 ,  0.060520, 0.021318 
  0.002472 ,  0.059379, 0.022322 
  0.001382 ,  0.058209, 0.021803 
  0.000224 ,  0.057012, 0.019942 
  -0.001003 ,  0.055790, 0.017073 
  -0.002297 ,  0.054541, 0.013629 
  -0.003657 ,  0.053267, 0.010072 
  -0.005081 ,  0.051968, 0.006827 
  -0.006569 ,  0.050641, 0.004218 
  -0.008120 ,  0.049286, 0.002423 
  -0.009730 ,  0.047902, 0.001453 
  -0.011399 ,  0.046487, 0.001160 
  -0.013125 ,  0.045039, 0.001269 
  -0.014906 ,  0.043556, 0.001433 
  -0.016740 ,  0.042036, 0.001292 
  -0.018624 ,  0.040477, 0.000542 
  -0.020557 ,  0.038878, -0.001010 
  -0.022536 ,  0.037236, -0.003412 
  -0.024558 ,  0.035551, -0.006552 
  -0.026621 ,  0.033822, -0.010176 
  -0.028722 ,  0.032047, -0.013923 
  -0.030858 ,  0.030226, -0.017382 
  -0.033027 ,  0.028360, -0.020153 
  -0.035225 ,  0.026448, -0.021911 
  -0.037450 ,  0.024491, -0.022450 
  -0.039697 ,  0.022492, -0.021715 
  -0.041965 ,  0.020450, -0.019804 
  -0.044249 ,  0.018370, -0.016948 
  -0.046547 ,  0.016253, -0.013470 
  -0.048854 ,  0.014103, -0.009729 
  -0.051168 ,  0.011923, -0.006064 
  -0.053485 ,  0.009716, -0.002740 
  -0.055801 ,  0.007488, 0.000090 
  -0.058114 ,  0.005242, 0.002397 
  -0.060418 ,  0.002984, 0.004273 
  -0.062711 ,  0.000719, 0.005899 
  -0.064988 ,  -0.001549, 0.007498 
  -0.067247 ,  -0.003814, 0.009285 
  -0.069483 ,  -0.006070, 0.011409 
  -0.071693 ,  -0.008313, 0.013918 
  -0.073873 ,  -0.010538, 0.016731 
  -0.076020 ,  -0.012738, 0.019643 
  -0.078129 ,  -0.014909, 0.022348 
  -0.080197 ,  -0.017047, 0.024482 
  -0.082221 ,  -0.019147, 0.025684 
  -0.084196 ,  -0.021204, 0.025654 
  -0.086120 ,  -0.023215, 0.024204 
  -0.087989 ,  -0.025177, 0.021301 
  -0.089798 ,  -0.027086, 0.017076 
  -0.091546 ,  -0.028939, 0.011817 
  -0.093228 ,  -0.030735, 0.005930 
  -0.094841 ,  -0.032471, -0.000110 
  -0.096383 ,  -0.034146, -0.005828 
  -0.097849 ,  -0.035760, -0.010810 
  -0.099237 ,  -0.037311, -0.014755 
  -0.100544 ,  -0.038800, -0.017514 
  -0.101767 ,  -0.040226, -0.019096 
  -0.102903 ,  -0.041591, -0.019656 
  -0.103949 ,  -0.042894, -0.019455 
  -0.104904 ,  -0.044138, -0.018808 
  -0.105764 ,  -0.045322, -0.018022 
  -0.106527 ,  -0.046449, -0.017342 
  -0.107191 ,  -0.047521, -0.016906 
  -0.107754 ,  -0.048537, -0.016724 
  -0.108213 ,  -0.049501, -0.016682 
  -0.108568 ,  -0.050413, -0.016563 
  -0.108816 ,  -0.051274, -0.016096 
  -0.108955 ,  -0.052087, -0.015010 
  -0.108985 ,  -0.052850, -0.013089 
  -0.108904 ,  -0.053566, -0.010222 
  -0.108711 ,  -0.054235, -0.006432 
  -0.108405 ,  -0.054856, -0.001885 
  -0.107985 ,  -0.055429, 0.003132 
  -0.107450 ,  -0.055954, 0.008246 
  -0.106800 ,  -0.056428, 0.013050 
  -0.106034 ,  -0.056852, 0.017168 
  -0.105153 ,  -0.057221, 0.020304 
  -0.104156 ,  -0.057535, 0.022288 
  -0.103043 ,  -0.057790, 0.023090 
  -0.101815 ,  -0.057983, 0.022822 
  -0.100472 ,  -0.058110, 0.021703 
  -0.099014 ,  -0.058169, 0.020019 
  -0.097443 ,  -0.058154, 0.018064 
  -0.095759 ,  -0.058061, 0.016083 
  -0.093963 ,  -0.057887, 0.014233 
  -0.092057 ,  -0.057626, 0.012554 
  -0.090042 ,  -0.057274, 0.010968 
  -0.087919 ,  -0.056827, 0.009304 
  -0.085690 ,  -0.056281, 0.007341 
  -0.083357 ,  -0.055630, 0.004865 
  -0.080922 ,  -0.054871, 0.001731 
  -0.078387 ,  -0.054002, -0.002093 
  -0.075755 ,  -0.053017, -0.006489 
  -0.073027 ,  -0.051916, -0.011191 
  -0.070207 ,  -0.050695, -0.015807 
  -0.067297 ,  -0.049352, -0.019870 
  -0.064300 ,  -0.047888, -0.022912 
  -0.061219 ,  -0.046301, -0.024537 
  -0.058056 ,  -0.044592, -0.024498 
  -0.054816 ,  -0.042763, -0.022746 
  -0.051501 ,  -0.040813, -0.019456 
  -0.048116 ,  -0.038748, -0.015013 
  -0.044662 ,  -0.036569, -0.009969 
  -0.041145 ,  -0.034280, -0.004963 
  -0.037568 ,  -0.031888, -0.000627 
  -0.033935 ,  -0.029396, 0.002514 
  -0.030249 ,  -0.026812, 0.004127 
  -0.026515 ,  -0.024142, 0.004131 
  -0.022737 ,  -0.021393, 0.002719 
  -0.018919 ,  -0.018574, 0.000330 
  -0.015064 ,  -0.015692, -0.002406 
  -0.011179 ,  -0.012757, -0.004777 
  -0.007266 ,  -0.009776, -0.006100 
  -0.003330 ,  -0.006761, -0.005838 
  0.000623 ,  -0.003719, -0.003703 
  0.004591 ,  -0.000660, 0.000284 
  0.008569 ,  0.002407, 0.005773 
  0.012551 ,  0.005472, 0.012122 
  0.016533 ,  0.008527, 0.018482 
  0.020511 ,  0.011563, 0.023917 
  0.024481 ,  0.014572, 0.027546 
  0.028437 ,  0.017546, 0.028685 
  0.032375 ,  0.020477, 0.026963 
  0.036291 ,  0.023360, 0.022393 
  0.040180 ,  0.026188, 0.015399 
  0.044037 ,  0.028955, 0.006767 
  0.047859 ,  0.031656, -0.002452 
  0.051640 ,  0.034288, -0.011080 
  0.055377 ,  0.036848, -0.017984 
  0.059065 ,  0.039331, -0.022237 
  0.062700 ,  0.041738, -0.023259 
  0.066277 ,  0.044065, -0.020913 
  0.069793 ,  0.046312, -0.015535 
  0.073244 ,  0.048479, -0.007899 
  0.076625 ,  0.050567, 0.000883 
  0.079932 ,  0.052575, 0.009514 
  0.083163 ,  0.054506, 0.016687 
  0.086313 ,  0.056360, 0.021275 
  0.089378 ,  0.058139, 0.022491 
  0.092356 ,  0.059845, 0.020005 
  0.095242 ,  0.061480, 0.013993 
  0.098034 ,  0.063044, 0.005125 
  0.100729 ,  0.064541, -0.005526 
  0.103323 ,  0.065970, -0.016623 
  0.105813 ,  0.067333, -0.026751 
  0.108198 ,  0.068629, -0.034600 
  0.110473 ,  0.069860, -0.039144 
  0.112638 ,  0.071025, -0.039774 
  0.114689 ,  0.072121, -0.036374 
  0.116624 ,  0.073147, -0.029326 
  0.118442 ,  0.074100, -0.019457 
  0.120141 ,  0.074977, -0.007912 
  0.121718 ,  0.075772, 0.003997 
  0.123172 ,  0.076482, 0.014967 
  0.124503 ,  0.077099, 0.023873 
  0.125708 ,  0.077617, 0.029905 
  0.126786 ,  0.078028, 0.032649 
  0.127738 ,  0.078325, 0.032123 
  0.128561 ,  0.078498, 0.028741 
  0.129256 ,  0.078537, 0.023233 
  0.129822 ,  0.078433, 0.016518 
  0.130259 ,  0.078176, 0.009568 
  0.130567 ,  0.077755, 0.003269 
  0.130745 ,  0.077160, -0.001692 
  0.130795 ,  0.076380, -0.004906 
  0.130716 ,  0.075404, -0.006270 
  0.130510 ,  0.074223, -0.005967 
  0.130176 ,  0.072827, -0.004411 
  0.129716 ,  0.071207, -0.002154 
  0.129132 ,  0.069355, 0.000216 
  0.128423 ,  0.067263, 0.002175 
  0.127592 ,  0.064926, 0.003343 
  0.126640 ,  0.062339, 0.003532 
  0.125570 ,  0.059497, 0.002761 
  0.124381 ,  0.056400, 0.001232 
  0.123078 ,  0.053046, -0.000725 
  0.121661 ,  0.049437, -0.002724 
  0.120134 ,  0.045576, -0.004400 
  0.118498 ,  0.041467, -0.005480 
  0.116756 ,  0.037118, -0.005835 
  0.114911 ,  0.032538, -0.005493 
  0.112966 ,  0.027737, -0.004640 
  0.110923 ,  0.022728, -0.003570 
  0.108785 ,  0.017525, -0.002636 
  0.106556 ,  0.012147, -0.002171 
  0.104240 ,  0.006609, -0.002426 
  0.101838 ,  0.000935, -0.003513 
  0.099355 ,  -0.004856, -0.005378 
  0.096794 ,  -0.010739, -0.007797 
  0.094159 ,  -0.016690, -0.010405 
  0.091454 ,  -0.022683, -0.012752 
  0.088682 ,  -0.028690, -0.014369 
  0.085847 ,  -0.034683, -0.014845 
  0.082953 ,  -0.040634, -0.013898 
  0.080004 ,  -0.046513, -0.011420 
  0.077004 ,  -0.052292, -0.007511 
  0.073957 ,  -0.057940, -0.002468 
  0.070867 ,  -0.063429, 0.003246 
  0.067739 ,  -0.068729, 0.009063 
  0.064575 ,  -0.073813, 0.014381 
  0.061382 ,  -0.078654, 0.018643 
  0.058162 ,  -0.083225, 0.021413 
  0.054920 ,  -0.087501, 0.022431 
  0.051661 ,  -0.091460, 0.021643 
  0.048387 ,  -0.095080, 0.019204 
  0.045105 ,  -0.098341, 0.015458 
  0.041817 ,  -0.101226, 0.010882 
  0.038528 ,  -0.103720, 0.006029 
  0.035242 ,  -0.105809, 0.001447 
  0.031963 ,  -0.107484, -0.002381 
  0.028695 ,  -0.108737, -0.005100 
  0.025442 ,  -0.109561, -0.006521 
  0.022209 ,  -0.109955, -0.006632 
  0.018999 ,  -0.109919, -0.005592 
  0.015815 ,  -0.109455, -0.003702 
  0.012663 ,  -0.108569, -0.001355 
  0.009544 ,  -0.107268, 0.001017 
  0.006464 ,  -0.105564, 0.002998 
  0.003426 ,  -0.103468, 0.004239 
  0.000432 ,  -0.100996, 0.004500 
  -0.002512 ,  -0.098166, 0.003669 
  -0.005405 ,  -0.094997, 0.001773 
  -0.008243 ,  -0.091509, -0.001034 
  -0.011023 ,  -0.087726, -0.004492 
  -0.013742 ,  -0.083671, -0.008267 
  -0.016396 ,  -0.079372, -0.011990 
  -0.018984 ,  -0.074853, -0.015294 
  -0.021503 ,  -0.070143, -0.017850 
  -0.023949 ,  -0.065269, -0.019391 
  -0.026321 ,  -0.060260, -0.019739 
  -0.028616 ,  -0.055144, -0.018815 
  -0.030833 ,  -0.049950, -0.016640 
  -0.032968 ,  -0.044706, -0.013333 
  -0.035021 ,  -0.039439, -0.009102 
  -0.036989 ,  -0.034177, -0.004222 
  -0.038871 ,  -0.028945, 0.000983 
