   4m__8m 
  0.012167 ,  -0.066059, -0.025932 
  0.013618 ,  -0.066316, -0.038569 
  0.015077 ,  -0.066168, -0.049182 
  0.016543 ,  -0.065611, -0.057037 
  0.018014 ,  -0.064647, -0.061640 
  0.019489 ,  -0.063280, -0.062782 
  0.020966 ,  -0.061519, -0.060546 
  0.022444 ,  -0.059376, -0.055290 
  0.023921 ,  -0.056866, -0.047596 
  0.025395 ,  -0.054009, -0.038195 
  0.026865 ,  -0.050826, -0.027891 
  0.028328 ,  -0.047343, -0.017473 
  0.029785 ,  -0.043586, -0.007639 
  0.031231 ,  -0.039587, 0.001065 
  0.032667 ,  -0.035376, 0.008278 
  0.034091 ,  -0.030987, 0.013840 
  0.035500 ,  -0.026456, 0.017779 
  0.036893 ,  -0.021818, 0.020275 
  0.038269 ,  -0.017109, 0.021616 
  0.039625 ,  -0.012366, 0.022146 
  0.040961 ,  -0.007625, 0.022204 
  0.042275 ,  -0.002923, 0.022087 
  0.043564 ,  0.001707, 0.022013 
  0.044828 ,  0.006231, 0.022102 
  0.046065 ,  0.010618, 0.022380 
  0.047274 ,  0.014837, 0.022786 
  0.048452 ,  0.018860, 0.023199 
  0.049599 ,  0.022664, 0.023464 
  0.050712 ,  0.026226, 0.023426 
  0.051792 ,  0.029526, 0.022950 
  0.052835 ,  0.032548, 0.021943 
  0.053841 ,  0.035278, 0.020364 
  0.054809 ,  0.037708, 0.018222 
  0.055737 ,  0.039830, 0.015571 
  0.056625 ,  0.041641, 0.012497 
  0.057470 ,  0.043141, 0.009102 
  0.058271 ,  0.044332, 0.005492 
  0.059029 ,  0.045221, 0.001763 
  0.059741 ,  0.045816, -0.002001 
  0.060406 ,  0.046129, -0.005735 
  0.061024 ,  0.046173, -0.009383 
  0.061593 ,  0.045965, -0.012898 
  0.062113 ,  0.045523, -0.016231 
  0.062583 ,  0.044865, -0.019325 
  0.063002 ,  0.044013, -0.022109 
  0.063370 ,  0.042990, -0.024504 
  0.063685 ,  0.041817, -0.026420 
  0.063948 ,  0.040518, -0.027767 
  0.064157 ,  0.039115, -0.028462 
  0.064312 ,  0.037633, -0.028440 
  0.064413 ,  0.036093, -0.027662 
  0.064459 ,  0.034518, -0.026120 
  0.064451 ,  0.032927, -0.023841 
  0.064387 ,  0.031341, -0.020882 
  0.064267 ,  0.029778, -0.017326 
  0.064092 ,  0.028253, -0.013277 
  0.063862 ,  0.026782, -0.008849 
  0.063575 ,  0.025376, -0.004162 
  0.063234 ,  0.024047, 0.000663 
  0.062836 ,  0.022803, 0.005508 
  0.062383 ,  0.021649, 0.010255 
  0.061875 ,  0.020591, 0.014785 
  0.061313 ,  0.019629, 0.018970 
  0.060695 ,  0.018765, 0.022677 
  0.060024 ,  0.017995, 0.025766 
  0.059299 ,  0.017316, 0.028091 
  0.058521 ,  0.016723, 0.029513 
  0.057690 ,  0.016208, 0.029911 
  0.056808 ,  0.015763, 0.029196 
  0.055874 ,  0.015378, 0.027330 
  0.054890 ,  0.015042, 0.024337 
  0.053856 ,  0.014745, 0.020313 
  0.052773 ,  0.014474, 0.015431 
  0.051642 ,  0.014218, 0.009932 
  0.050464 ,  0.013964, 0.004115 
  0.049241 ,  0.013700, -0.001690 
  0.047972 ,  0.013416, -0.007143 
  0.046659 ,  0.013099, -0.011928 
  0.045304 ,  0.012740, -0.015780 
  0.043908 ,  0.012330, -0.018508 
  0.042471 ,  0.011860, -0.020010 
  0.040995 ,  0.011324, -0.020282 
  0.039481 ,  0.010716, -0.019409 
  0.037931 ,  0.010032, -0.017555 
  0.036346 ,  0.009270, -0.014940 
  0.034727 ,  0.008428, -0.011811 
  0.033077 ,  0.007507, -0.008419 
  0.031395 ,  0.006509, -0.004993 
  0.029685 ,  0.005438, -0.001722 
  0.027947 ,  0.004297, 0.001255 
  0.026183 ,  0.003093, 0.003850 
  0.024394 ,  0.001832, 0.006018 
  0.022583 ,  0.000525, 0.007747 
  0.020750 ,  -0.000822, 0.009041 
  0.018898 ,  -0.002198, 0.009904 
  0.017028 ,  -0.003593, 0.010330 
  0.015142 ,  -0.004996, 0.010295 
  0.013241 ,  -0.006396, 0.009762 
  0.011327 ,  -0.007783, 0.008688 
  0.009402 ,  -0.009146, 0.007035 
  0.007468 ,  -0.010475, 0.004792 
  0.005526 ,  -0.011760, 0.001992 
  0.003578 ,  -0.012993, -0.001282 
  0.001626 ,  -0.014166, -0.004883 
  -0.000329 ,  -0.015271, -0.008608 
  -0.002285 ,  -0.016303, -0.012211 
  -0.004240 ,  -0.017256, -0.015419 
  -0.006193 ,  -0.018129, -0.017965 
  -0.008141 ,  -0.018919, -0.019612 
  -0.010084 ,  -0.019624, -0.020186 
  -0.012019 ,  -0.020247, -0.019593 
  -0.013945 ,  -0.020788, -0.017834 
  -0.015860 ,  -0.021252, -0.015008 
  -0.017763 ,  -0.021643, -0.011298 
  -0.019652 ,  -0.021966, -0.006956 
  -0.021525 ,  -0.022228, -0.002273 
  -0.023381 ,  -0.022437, 0.002454 
  -0.025219 ,  -0.022602, 0.006950 
  -0.027037 ,  -0.022730, 0.010988 
  -0.028833 ,  -0.022832, 0.014405 
  -0.030607 ,  -0.022916, 0.017114 
  -0.032356 ,  -0.022992, 0.019092 
  -0.034080 ,  -0.023070, 0.020375 
  -0.035776 ,  -0.023157, 0.021030 
  -0.037444 ,  -0.023263, 0.021143 
  -0.039083 ,  -0.023394, 0.020787 
  -0.040692 ,  -0.023558, 0.020015 
  -0.042268 ,  -0.023760, 0.018847 
  -0.043811 ,  -0.024003, 0.017275 
  -0.045320 ,  -0.024290, 0.015269 
  -0.046794 ,  -0.024623, 0.012799 
  -0.048232 ,  -0.025002, 0.009847 
  -0.049633 ,  -0.025424, 0.006437 
  -0.050996 ,  -0.025886, 0.002638 
  -0.052320 ,  -0.026382, -0.001420 
  -0.053604 ,  -0.026905, -0.005554 
  -0.054847 ,  -0.027448, -0.009541 
  -0.056050 ,  -0.027999, -0.013143 
  -0.057210 ,  -0.028547, -0.016130 
  -0.058328 ,  -0.029079, -0.018315 
  -0.059402 ,  -0.029581, -0.019578 
  -0.060433 ,  -0.030039, -0.019886 
  -0.061420 ,  -0.030436, -0.019298 
  -0.062362 ,  -0.030756, -0.017961 
  -0.063258 ,  -0.030983, -0.016090 
  -0.064110 ,  -0.031099, -0.013944 
  -0.064915 ,  -0.031089, -0.011781 
  -0.065675 ,  -0.030936, -0.009831 
  -0.066388 ,  -0.030624, -0.008260 
  -0.067055 ,  -0.030140, -0.007144 
  -0.067675 ,  -0.029470, -0.006464 
  -0.068248 ,  -0.028602, -0.006110 
  -0.068775 ,  -0.027525, -0.005898 
  -0.069255 ,  -0.026233, -0.005603 
  -0.069689 ,  -0.024718, -0.004997 
  -0.070076 ,  -0.022976, -0.003887 
  -0.070416 ,  -0.021007, -0.002151 
  -0.070711 ,  -0.018810, 0.000237 
  -0.070959 ,  -0.016390, 0.003199 
  -0.071161 ,  -0.013753, 0.006558 
  -0.071318 ,  -0.010908, 0.010058 
  -0.071430 ,  -0.007866, 0.013397 
  -0.071497 ,  -0.004642, 0.016272 
  -0.071520 ,  -0.001253, 0.018415 
  -0.071498 ,  0.002283, 0.019634 
  -0.071433 ,  0.005943, 0.019840 
  -0.071326 ,  0.009704, 0.019057 
  -0.071175 ,  0.013541, 0.017418 
  -0.070983 ,  0.017425, 0.015144 
  -0.070750 ,  0.021328, 0.012513 
  -0.070475 ,  0.025220, 0.009817 
  -0.070161 ,  0.029071, 0.007321 
  -0.069808 ,  0.032848, 0.005225 
  -0.069415 ,  0.036521, 0.003639 
  -0.068985 ,  0.040058, 0.002568 
  -0.068518 ,  0.043427, 0.001919 
  -0.068014 ,  0.046600, 0.001518 
  -0.067474 ,  0.049546, 0.001142 
  -0.066899 ,  0.052238, 0.000559 
  -0.066290 ,  0.054651, -0.000435 
  -0.065648 ,  0.056759, -0.001979 
  -0.064974 ,  0.058543, -0.004120 
  -0.064268 ,  0.059983, -0.006808 
  -0.063531 ,  0.061062, -0.009895 
  -0.062764 ,  0.061769, -0.013157 
  -0.061968 ,  0.062092, -0.016323 
  -0.061144 ,  0.062025, -0.019109 
  -0.060292 ,  0.061566, -0.021258 
  -0.059414 ,  0.060714, -0.022569 
  -0.058511 ,  0.059472, -0.022922 
  -0.057583 ,  0.057849, -0.022284 
  -0.056631 ,  0.055855, -0.020708 
  -0.055656 ,  0.053503, -0.018317 
  -0.054659 ,  0.050811, -0.015280 
  -0.053641 ,  0.047798, -0.011783 
  -0.052603 ,  0.044488, -0.008002 
  -0.051545 ,  0.040906, -0.004082 
  -0.050469 ,  0.037080, -0.000126 
  -0.049375 ,  0.033039, 0.003807 
  -0.048264 ,  0.028816, 0.007689 
  -0.047137 ,  0.024443, 0.011507 
  -0.045995 ,  0.019955, 0.015240 
  -0.044839 ,  0.015387, 0.018836 
  -0.043668 ,  0.010774, 0.022194 
  -0.042486 ,  0.006151, 0.025160 
  -0.041291 ,  0.001555, 0.027528 
  -0.040085 ,  -0.002982, 0.029064 
  -0.038868 ,  -0.007423, 0.029529 
  -0.037641 ,  -0.011738, 0.028717 
  -0.036406 ,  -0.015895, 0.026493 
  -0.035162 ,  -0.019866, 0.022824 
  -0.033910 ,  -0.023622, 0.017801 
  -0.032651 ,  -0.027140, 0.011646 
  -0.031386 ,  -0.030397, 0.004704 
  -0.030115 ,  -0.033374, -0.002586 
  -0.028839 ,  -0.036054, -0.009731 
  -0.027558 ,  -0.038423, -0.016235 
  -0.026273 ,  -0.040471, -0.021651 
  -0.024985 ,  -0.042189, -0.025628 
  -0.023694 ,  -0.043574, -0.027952 
  -0.022400 ,  -0.044623, -0.028563 
  -0.021105 ,  -0.045337, -0.027561 
  -0.019808 ,  -0.045722, -0.025182 
  -0.018510 ,  -0.045783, -0.021771 
  -0.017212 ,  -0.045530, -0.017729 
  -0.015914 ,  -0.044975, -0.013464 
  -0.014616 ,  -0.044132, -0.009343 
  -0.013319 ,  -0.043018, -0.005650 
  -0.012023 ,  -0.041649, -0.002559 
  -0.010728 ,  -0.040046, -0.000126 
  -0.009436 ,  -0.038228, 0.001700 
  -0.008145 ,  -0.036218, 0.003056 
  -0.006857 ,  -0.034038, 0.004127 
  -0.005572 ,  -0.031710, 0.005106 
  -0.004290 ,  -0.029259, 0.006153 
  -0.003011 ,  -0.026705, 0.007370 
  -0.001736 ,  -0.024073, 0.008778 
  -0.000465 ,  -0.021385, 0.010313 
  0.000802 ,  -0.018661, 0.011846 
  0.002065 ,  -0.015922, 0.013198 
  0.003323 ,  -0.013188, 0.014180 
  0.004576 ,  -0.010477, 0.014628 
  0.005825 ,  -0.007806, 0.014430 
  0.007068 ,  -0.005189, 0.013552 
  0.008306 ,  -0.002640, 0.012047 
  0.009538 ,  -0.000172, 0.010048 
  0.010764 ,  0.002206, 0.007750 
  0.011985 ,  0.004485, 0.005377 
  0.013200 ,  0.006658, 0.003153 
  0.014408 ,  0.008719, 0.001259 
  0.015610 ,  0.010666, -0.000190 
  0.016805 ,  0.012495, -0.001164 
  0.017994 ,  0.014205, -0.001724 
  0.019175 ,  0.015798, -0.002008 
  0.020350 ,  0.017274, -0.002206 
  0.021518 ,  0.018636, -0.002529 
  0.022678 ,  0.019888, -0.003164 
  0.023831 ,  0.021032, -0.004248 
  0.024976 ,  0.022074, -0.005831 
  0.026113 ,  0.023019, -0.007867 
  0.027242 ,  0.023870, -0.010214 
  0.028363 ,  0.024634, -0.012647 
  0.029475 ,  0.025314, -0.014894 
  0.030579 ,  0.025916, -0.016669 
  0.031674 ,  0.026443, -0.017717 
  0.032760 ,  0.026899, -0.017853 
  0.033837 ,  0.027286, -0.016988 
  0.034904 ,  0.027607, -0.015146 
  0.035962 ,  0.027863, -0.012461 
  0.037010 ,  0.028055, -0.009162 
  0.038047 ,  0.028181, -0.005535 
  0.039074 ,  0.028241, -0.001892 
  0.040091 ,  0.028232, 0.001481 
  0.041096 ,  0.028152, 0.004357 
  0.042090 ,  0.027996, 0.006602 
  0.043072 ,  0.027760, 0.008185 
  0.044042 ,  0.027438, 0.009180 
  0.045000 ,  0.027025, 0.009745 
  0.045946 ,  0.026514, 0.010095 
  0.046878 ,  0.025899, 0.010457 
  0.047797 ,  0.025173, 0.011030 
  0.048702 ,  0.024330, 0.011950 
  0.049593 ,  0.023362, 0.013257 
  0.050470 ,  0.022265, 0.014889 
  0.051331 ,  0.021031, 0.016679 
  0.052177 ,  0.019656, 0.018380 
  0.053007 ,  0.018136, 0.019699 
  0.053821 ,  0.016467, 0.020336 
  0.054618 ,  0.014647, 0.020032 
  0.055398 ,  0.012675, 0.018606 
  0.056160 ,  0.010552, 0.015991 
  0.056904 ,  0.008278, 0.012241 
  0.057630 ,  0.005858, 0.007539 
  0.058336 ,  0.003296, 0.002172 
  0.059022 ,  0.000600, -0.003499 
  0.059688 ,  -0.002224, -0.009078 
  0.060333 ,  -0.005163, -0.014186 
  0.060957 ,  -0.008208, -0.018496 
  0.061559 ,  -0.011343, -0.021774 
  0.062138 ,  -0.014555, -0.023897 
  0.062695 ,  -0.017826, -0.024860 
  0.063228 ,  -0.021139, -0.024766 
  0.063737 ,  -0.024473, -0.023806 
  0.064221 ,  -0.027809, -0.022219 
  0.064680 ,  -0.031125, -0.020261 
  0.065114 ,  -0.034398, -0.018164 
  0.065521 ,  -0.037604, -0.016103 
  0.065901 ,  -0.040721, -0.014182 
  0.066254 ,  -0.043724, -0.012418 
  0.066579 ,  -0.046590, -0.010752 
  0.066875 ,  -0.049293, -0.009065 
  0.067143 ,  -0.051812, -0.007206 
  0.067381 ,  -0.054123, -0.005024 
  0.067589 ,  -0.056203, -0.002397 
  0.067766 ,  -0.058033, 0.000736 
  0.067913 ,  -0.059593, 0.004359 
  0.068028 ,  -0.060864, 0.008374 
  0.068111 ,  -0.061829, 0.012600 
  0.068161 ,  -0.062476, 0.016794 
  0.068179 ,  -0.062790, 0.020676 
  0.068163 ,  -0.062762, 0.023958 
  0.068114 ,  -0.062383, 0.026381 
  0.068031 ,  -0.061649, 0.027738 
  0.067913 ,  -0.060555, 0.027908 
  0.067760 ,  -0.059102, 0.026859 
  0.067573 ,  -0.057293, 0.024658 
  0.067350 ,  -0.055130, 0.021465 
  0.067091 ,  -0.052623, 0.017508 
  0.066796 ,  -0.049782, 0.013066 
  0.066465 ,  -0.046619, 0.008435 
  0.066098 ,  -0.043149, 0.003901 
  0.065694 ,  -0.039389, -0.000289 
  0.065253 ,  -0.035361, -0.003943 
  0.064776 ,  -0.031086, -0.006943 
  0.064261 ,  -0.026587, -0.009245 
  0.063710 ,  -0.021891, -0.010875 
  0.063122 ,  -0.017024, -0.011917 
  0.062496 ,  -0.012016, -0.012491 
  0.061834 ,  -0.006897, -0.012736 
  0.061134 ,  -0.001697, -0.012789 
  0.060398 ,  0.003552, -0.012759 
  0.059625 ,  0.008819, -0.012723 
  0.058816 ,  0.014070, -0.012712 
  0.057970 ,  0.019275, -0.012714 
  0.057088 ,  0.024400, -0.012678 
  0.056170 ,  0.029416, -0.012531 
  0.055217 ,  0.034291, -0.012191 
  0.054228 ,  0.038996, -0.011587 
  0.053205 ,  0.043503, -0.010672 
  0.052147 ,  0.047786, -0.009435 
  0.051055 ,  0.051817, -0.007910 
  0.049930 ,  0.055576, -0.006174 
  0.048771 ,  0.059040, -0.004334 
  0.047580 ,  0.062190, -0.002520 
  0.046358 ,  0.065009, -0.000861 
  0.045104 ,  0.067483, 0.000531 
  0.043820 ,  0.069600, 0.001584 
  0.042506 ,  0.071350, 0.002277 
  0.041162 ,  0.072726, 0.002644 
  0.039791 ,  0.073724, 0.002779 
  0.038391 ,  0.074342, 0.002819 
  0.036965 ,  0.074580, 0.002928 
  0.035514 ,  0.074443, 0.003271 
  0.034037 ,  0.073937, 0.003985 
  0.032536 ,  0.073068, 0.005156 
  0.031012 ,  0.071849, 0.006797 
  0.029466 ,  0.070291, 0.008838 
  0.027898 ,  0.068411, 0.011125 
  0.026311 ,  0.066223, 0.013435 
  0.024705 ,  0.063748, 0.015502 
  0.023080 ,  0.061006, 0.017045 
  0.021439 ,  0.058017, 0.017813 
  0.019783 ,  0.054805, 0.017622 
  0.018111 ,  0.051393, 0.016381 
  0.016427 ,  0.047807, 0.014121 
  0.014730 ,  0.044072, 0.010991 
  0.013022 ,  0.040213, 0.007253 
  0.011305 ,  0.036257, 0.003251 
  0.009579 ,  0.032229, -0.000629 
  0.007846 ,  0.028155, -0.004010 
  0.006107 ,  0.024061, -0.006575 
  0.004364 ,  0.019972, -0.008110 
  0.002617 ,  0.015912, -0.008539 
  0.000869 ,  0.011904, -0.007937 
  -0.000881 ,  0.007970, -0.006527 
  -0.002629 ,  0.004131, -0.004650 
  -0.004376 ,  0.000407, -0.002723 
  -0.006119 ,  -0.003185, -0.001178 
  -0.007858 ,  -0.006627, -0.000404 
  -0.009591 ,  -0.009906, -0.000688 
  -0.011316 ,  -0.013007, -0.002165 
  -0.013033 ,  -0.015921, -0.004800 
  -0.014740 ,  -0.018637, -0.008379 
  -0.016435 ,  -0.021148, -0.012533 
  -0.018118 ,  -0.023449, -0.016784 
  -0.019787 ,  -0.025536, -0.020603 
  -0.021441 ,  -0.027407, -0.023482 
  -0.023079 ,  -0.029062, -0.024998 
  -0.024699 ,  -0.030504, -0.024875 
  -0.026300 ,  -0.031736, -0.023013 
  -0.027881 ,  -0.032763, -0.019512 
  -0.029440 ,  -0.033591, -0.014650 
  -0.030977 ,  -0.034230, -0.008851 
  -0.032491 ,  -0.034688, -0.002623 
  -0.033980 ,  -0.034977, 0.003501 
  -0.035442 ,  -0.035107, 0.009038 
  -0.036878 ,  -0.035092, 0.013612 
  -0.038286 ,  -0.034944, 0.016993 
  -0.039665 ,  -0.034678, 0.019116 
  -0.041014 ,  -0.034308, 0.020077 
  -0.042332 ,  -0.033849, 0.020098 
  -0.043618 ,  -0.033314, 0.019483 
  -0.044871 ,  -0.032720, 0.018556 
  -0.046091 ,  -0.032080, 0.017607 
  -0.047276 ,  -0.031408, 0.016838 
  -0.048426 ,  -0.030718, 0.016336 
  -0.049539 ,  -0.030022, 0.016058 
  -0.050617 ,  -0.029333, 0.015852 
  -0.051656 ,  -0.028662, 0.015486 
  -0.052658 ,  -0.028018, 0.014699 
  -0.053622 ,  -0.027412, 0.013258 
  -0.054546 ,  -0.026850, 0.011010 
  -0.055431 ,  -0.026339, 0.007918 
  -0.056275 ,  -0.025884, 0.004082 
  -0.057080 ,  -0.025490, -0.000263 
  -0.057843 ,  -0.025158, -0.004779 
  -0.058565 ,  -0.024890, -0.009074 
  -0.059246 ,  -0.024685, -0.012756 
  -0.059886 ,  -0.024540, -0.015498 
  -0.060483 ,  -0.024454, -0.017095 
  -0.061039 ,  -0.024421, -0.017491 
  -0.061553 ,  -0.024436, -0.016800 
  -0.062025 ,  -0.024492, -0.015282 
  -0.062454 ,  -0.024581, -0.013308 
  -0.062842 ,  -0.024693, -0.011298 
  -0.063188 ,  -0.024819, -0.009649 
  -0.063492 ,  -0.024949, -0.008670 
  -0.063754 ,  -0.025071, -0.008521 
  -0.063975 ,  -0.025174, -0.009184 
  -0.064156 ,  -0.025245, -0.010457 
  -0.064295 ,  -0.025274, -0.011981 
  -0.064394 ,  -0.025248, -0.013295 
  -0.064453 ,  -0.025155, -0.013909 
  -0.064473 ,  -0.024983, -0.013392 
  -0.064453 ,  -0.024722, -0.011445 
  -0.064395 ,  -0.024362, -0.007970 
  -0.064299 ,  -0.023892, -0.003097 
  -0.064166 ,  -0.023304, 0.002808 
  -0.063996 ,  -0.022591, 0.009189 
  -0.063790 ,  -0.021745, 0.015359 
  -0.063549 ,  -0.020762, 0.020601 
  -0.063273 ,  -0.019638, 0.024260 
  -0.062963 ,  -0.018370, 0.025845 
  -0.062621 ,  -0.016957, 0.025107 
  -0.062246 ,  -0.015401, 0.022078 
  -0.061840 ,  -0.013702, 0.017082 
  -0.061403 ,  -0.011865, 0.010702 
  -0.060937 ,  -0.009896, 0.003700 
  -0.060443 ,  -0.007800, -0.003071 
  -0.059921 ,  -0.005586, -0.008788 
  -0.059372 ,  -0.003264, -0.012762 
  -0.058798 ,  -0.000846, -0.014533 
  -0.058199 ,  0.001657, -0.013930 
  -0.057577 ,  0.004231, -0.011090 
  -0.056932 ,  0.006861, -0.006440 
  -0.056266 ,  0.009532, -0.000634 
  -0.055579 ,  0.012227, 0.005536 
  -0.054873 ,  0.014930, 0.011250 
  -0.054149 ,  0.017622, 0.015763 
  -0.053408 ,  0.020287, 0.018506 
  -0.052651 ,  0.022906, 0.019151 
  -0.051879 ,  0.025461, 0.017647 
  -0.051093 ,  0.027936, 0.014207 
  -0.050295 ,  0.030313, 0.009274 
  -0.049485 ,  0.032575, 0.003444 
  -0.048664 ,  0.034707, -0.002622 
  -0.047834 ,  0.036695, -0.008284 
  -0.046996 ,  0.038523, -0.013014 
  -0.046151 ,  0.040180, -0.016444 
  -0.045300 ,  0.041655, -0.018409 
  -0.044443 ,  0.042937, -0.018936 
  -0.043583 ,  0.044019, -0.018221 
  -0.042719 ,  0.044893, -0.016574 
  -0.041853 ,  0.045556, -0.014355 
  -0.040986 ,  0.046004, -0.011911 
  -0.040120 ,  0.046235, -0.009519 
  -0.039254 ,  0.046249, -0.007349 
  -0.038389 ,  0.046050, -0.005455 
  -0.037528 ,  0.045641, -0.003787 
  -0.036670 ,  0.045027, -0.002219 
  -0.035816 ,  0.044216, -0.000599 
  -0.034967 ,  0.043216, 0.001203 
  -0.034125 ,  0.042037, 0.003252 
  -0.033289 ,  0.040691, 0.005519 
  -0.032460 ,  0.039190, 0.007871 
  -0.031640 ,  0.037548, 0.010089 
  -0.030828 ,  0.035779, 0.011895 
  -0.030026 ,  0.033899, 0.013003 
  -0.029234 ,  0.031922, 0.013176 
  -0.028452 ,  0.029865, 0.012269 
  -0.027681 ,  0.027744, 0.010271 
  -0.026922 ,  0.025576, 0.007318 
  -0.026174 ,  0.023376, 0.003688 
  -0.025439 ,  0.021159, -0.000232 
  -0.024717 ,  0.018942, -0.003996 
  -0.024007 ,  0.016737, -0.007160 
  -0.023311 ,  0.014560, -0.009346 
  -0.022628 ,  0.012422, -0.010297 
  -0.021959 ,  0.010335, -0.009915 
  -0.021304 ,  0.008309, -0.008276 
  -0.020663 ,  0.006353, -0.005616 
  -0.020036 ,  0.004475, -0.002301 
  -0.019423 ,  0.002682, 0.001233 
  -0.018824 ,  0.000977, 0.004540 
  -0.018239 ,  -0.000635, 0.007230 
  -0.017668 ,  -0.002152, 0.009019 
  -0.017110 ,  -0.003576, 0.009768 
  -0.016567 ,  -0.004905, 0.009491 
  -0.016037 ,  -0.006142, 0.008345 
  -0.015520 ,  -0.007292, 0.006592 
  -0.015016 ,  -0.008358, 0.004552 
  -0.014525 ,  -0.009346, 0.002543 
  -0.014046 ,  -0.010264, 0.000832 
  -0.013579 ,  -0.011117, -0.000408 
  -0.013124 ,  -0.011914, -0.001122 
  -0.012679 ,  -0.012664, -0.001370 
  -0.012246 ,  -0.013375, -0.001306 
  -0.011822 ,  -0.014056, -0.001144 
  -0.011408 ,  -0.014716, -0.001101 
  -0.011003 ,  -0.015364, -0.001358 
  -0.010607 ,  -0.016007, -0.002012 
  -0.010218 ,  -0.016654, -0.003057 
  -0.009837 ,  -0.017312, -0.004376 
  -0.009462 ,  -0.017987, -0.005762 
  -0.009093 ,  -0.018684, -0.006954 
  -0.008729 ,  -0.019408, -0.007687 
  -0.008370 ,  -0.020162, -0.007744 
  -0.008014 ,  -0.020947, -0.007000 
  -0.007662 ,  -0.021765, -0.005462 
  -0.007312 ,  -0.022615, -0.003272 
  -0.006963 ,  -0.023494, -0.000698 
  -0.006615 ,  -0.024399, 0.001900 
  -0.006267 ,  -0.025327, 0.004127 
  -0.005918 ,  -0.026269, 0.005614 
  -0.005567 ,  -0.027220, 0.006079 
  -0.005214 ,  -0.028171, 0.005379 
  -0.004857 ,  -0.029112, 0.003538 
  -0.004497 ,  -0.030033, 0.000756 
  -0.004131 ,  -0.030922, -0.002615 
  -0.003761 ,  -0.031768, -0.006118 
  -0.003383 ,  -0.032558, -0.009257 
  -0.002998 ,  -0.033279, -0.011564 
  -0.002606 ,  -0.033917, -0.012673 
  -0.002205 ,  -0.034461, -0.012370 
  -0.001794 ,  -0.034897, -0.010627 
  -0.001373 ,  -0.035213, -0.007609 
  -0.000941 ,  -0.035396, -0.003644 
  -0.000497 ,  -0.035436, 0.000824 
  -0.000041 ,  -0.035321, 0.005296 
  0.000428 ,  -0.035044, 0.009299 
  0.000910 ,  -0.034596, 0.012441 
  0.001407 ,  -0.033970, 0.014475 
  0.001918 ,  -0.033162, 0.015316 
  0.002445 ,  -0.032167, 0.015050 
  0.002988 ,  -0.030985, 0.013901 
  0.003547 ,  -0.029614, 0.012190 
  0.004122 ,  -0.028057, 0.010270 
  0.004715 ,  -0.026318, 0.008462 
  0.005326 ,  -0.024403, 0.007004 
  0.005955 ,  -0.022317, 0.006008 
  0.006602 ,  -0.020071, 0.005448 
  0.007268 ,  -0.017676, 0.005173 
  0.007953 ,  -0.015143, 0.004942 
  0.008656 ,  -0.012488, 0.004476 
  0.009379 ,  -0.009725, 0.003519 
  0.010122 ,  -0.006872, 0.001894 
  0.010884 ,  -0.003945, -0.000451 
  0.011665 ,  -0.000965, -0.003424 
  0.012466 ,  0.002051, -0.006789 
  0.013287 ,  0.005081, -0.010202 
  0.014127 ,  0.008105, -0.013258 
  0.014987 ,  0.011103, -0.015556 
  0.015865 ,  0.014054, -0.016772 
  0.016763 ,  0.016939, -0.016709 
  0.017679 ,  0.019738, -0.015345 
  0.018614 ,  0.022431, -0.012837 
  0.019566 ,  0.025001, -0.009510 
  0.020536 ,  0.027431, -0.005812 
  0.021524 ,  0.029706, -0.002246 
  0.022528 ,  0.031811, 0.000706 
  0.023549 ,  0.033733, 0.002657 
  0.024585 ,  0.035461, 0.003377 
  0.025636 ,  0.036987, 0.002833 
  0.026701 ,  0.038303, 0.001195 
  0.027780 ,  0.039403, -0.001186 
  0.028872 ,  0.040284, -0.003832 
  0.029977 ,  0.040944, -0.006211 
  0.031092 ,  0.041383, -0.007821 
  0.032218 ,  0.041605, -0.008269 
  0.033354 ,  0.041611, -0.007336 
  0.034498 ,  0.041409, -0.005010 
  0.035650 ,  0.041005, -0.001497 
  0.036808 ,  0.040408, 0.002811 
  0.037972 ,  0.039629, 0.007393 
  0.039141 ,  0.038679, 0.011675 
  0.040313 ,  0.037569, 0.015117 
  0.041488 ,  0.036314, 0.017295 
  0.042663 ,  0.034927, 0.017961 
  0.043839 ,  0.033422, 0.017077 
  0.045013 ,  0.031814, 0.014825 
  0.046185 ,  0.030118, 0.011567 
  0.047353 ,  0.028348, 0.007794 
  0.048517 ,  0.026519, 0.004045 
  0.049674 ,  0.024645, 0.000825 
  0.050823 ,  0.022739, -0.001473 
  0.051963 ,  0.020812, -0.002621 
  0.053094 ,  0.018878, -0.002592 
  0.054212 ,  0.016946, -0.001554 
  0.055318 ,  0.015027, 0.000163 
  0.056409 ,  0.013127, 0.002124 
  0.057485 ,  0.011255, 0.003865 
  0.058543 ,  0.009416, 0.004970 
  0.059584 ,  0.007614, 0.005140 
  0.060604 ,  0.005852, 0.004242 
  0.061603 ,  0.004134, 0.002329 
  0.062580 ,  0.002458, -0.000372 
  0.063533 ,  0.000825, -0.003496 
  0.064461 ,  -0.000766, -0.006606 
  0.065362 ,  -0.002319, -0.009263 
  0.066235 ,  -0.003836, -0.011103 
  0.067079 ,  -0.005320, -0.011895 
  0.067893 ,  -0.006778, -0.011585 
  0.068675 ,  -0.008212, -0.010300 
  0.069424 ,  -0.009627, -0.008334 
  0.070139 ,  -0.011030, -0.006094 
  0.070819 ,  -0.012423, -0.004037 
  0.071462 ,  -0.013813, -0.002590 
  0.072067 ,  -0.015201, -0.002080 
  0.072634 ,  -0.016592, -0.002670 
  0.073161 ,  -0.017987, -0.004329 
  0.073647 ,  -0.019388, -0.006829 
  0.074091 ,  -0.020796, -0.009768 
  0.074492 ,  -0.022209, -0.012630 
  0.074850 ,  -0.023625, -0.014859 
  0.075163 ,  -0.025040, -0.015936 
  0.075430 ,  -0.026451, -0.015466 
  0.075651 ,  -0.027851, -0.013236 
  0.075825 ,  -0.029232, -0.009252 
  0.075952 ,  -0.030585, -0.003749 
  0.076030 ,  -0.031901, 0.002833 
  0.076059 ,  -0.033168, 0.009905 
  0.076039 ,  -0.034375, 0.016799 
  0.075969 ,  -0.035508, 0.022851 
  0.075848 ,  -0.036552, 0.027483 
  0.075677 ,  -0.037495, 0.030271 
  0.075454 ,  -0.038320, 0.030993 
  0.075180 ,  -0.039013, 0.029646 
  0.074854 ,  -0.039559, 0.026440 
  0.074477 ,  -0.039943, 0.021763 
  0.074047 ,  -0.040151, 0.016125 
  0.073566 ,  -0.040169, 0.010091 
  0.073032 ,  -0.039985, 0.004213 
  0.072447 ,  -0.039588, -0.001031 
  0.071810 ,  -0.038966, -0.005286 
  0.071121 ,  -0.038113, -0.008345 
  0.070381 ,  -0.037021, -0.010157 
  0.069590 ,  -0.035686, -0.010813 
  0.068748 ,  -0.034106, -0.010515 
  0.067856 ,  -0.032279, -0.009539 
  0.066914 ,  -0.030209, -0.008191 
  0.065923 ,  -0.027901, -0.006766 
  0.064884 ,  -0.025360, -0.005516 
  0.063796 ,  -0.022598, -0.004631 
  0.062661 ,  -0.019627, -0.004224 
  0.061480 ,  -0.016461, -0.004338 
  0.060253 ,  -0.013117, -0.004949 
  0.058981 ,  -0.009616, -0.005986 
  0.057666 ,  -0.005978, -0.007340 
  0.056307 ,  -0.002228, -0.008884 
  0.054907 ,  0.001609, -0.010480 
  0.053466 ,  0.005506, -0.011985 
  0.051985 ,  0.009435, -0.013259 
  0.050466 ,  0.013366, -0.014164 
  0.048910 ,  0.017269, -0.014567 
  0.047317 ,  0.021113, -0.014350 
  0.045690 ,  0.024868, -0.013412 
  0.044030 ,  0.028502, -0.011688 
  0.042338 ,  0.031986, -0.009156 
  0.040616 ,  0.035291, -0.005855 
  0.038864 ,  0.038389, -0.001892 
  0.037085 ,  0.041252, 0.002551 
  0.035281 ,  0.043857, 0.007227 
  0.033452 ,  0.046179, 0.011838 
  0.031600 ,  0.048201, 0.016056 
  0.029727 ,  0.049902, 0.019557 
  0.027834 ,  0.051269, 0.022056 
  0.025924 ,  0.052289, 0.023338 
  0.023998 ,  0.052954, 0.023288 
  0.022057 ,  0.053258, 0.021908 
  0.020103 ,  0.053198, 0.019316 
  0.018139 ,  0.052777, 0.015742 
  0.016166 ,  0.051999, 0.011498 
  0.014185 ,  0.050871, 0.006944 
  0.012198 ,  0.049405, 0.002450 
  0.010208 ,  0.047615, -0.001650 
  0.008215 ,  0.045520, -0.005092 
  0.006222 ,  0.043138, -0.007703 
  0.004231 ,  0.040494, -0.009418 
  0.002243 ,  0.037612, -0.010274 
  0.000260 ,  0.034520, -0.010388 
  -0.001717 ,  0.031248, -0.009935 
  -0.003685 ,  0.027825, -0.009109 
  -0.005642 ,  0.024285, -0.008089 
  -0.007588 ,  0.020658, -0.007012 
  -0.009520 ,  0.016980, -0.005957 
  -0.011437 ,  0.013282, -0.004934 
  -0.013337 ,  0.009597, -0.003901 
  -0.015218 ,  0.005959, -0.002779 
  -0.017079 ,  0.002397, -0.001483 
  -0.018918 ,  -0.001058, 0.000047 
  -0.020734 ,  -0.004379, 0.001820 
  -0.022525 ,  -0.007539, 0.003775 
  -0.024290 ,  -0.010514, 0.005773 
  -0.026027 ,  -0.013284, 0.007609 
  -0.027735 ,  -0.015829, 0.009034 
  -0.029412 ,  -0.018135, 0.009792 
  -0.031058 ,  -0.020187, 0.009653 
  -0.032670 ,  -0.021978, 0.008461 
  -0.034248 ,  -0.023500, 0.006162 
  -0.035791 ,  -0.024751, 0.002827 
  -0.037297 ,  -0.025730, -0.001346 
  -0.038765 ,  -0.026442, -0.006042 
  -0.040194 ,  -0.026892, -0.010864 
  -0.041584 ,  -0.027090, -0.015369 
  -0.042933 ,  -0.027048, -0.019125 
  -0.044240 ,  -0.026781, -0.021755 
  -0.045505 ,  -0.026305, -0.022986 
  -0.046726 ,  -0.025640, -0.022676 
  -0.047904 ,  -0.024806, -0.020831 
  -0.049037 ,  -0.023825, -0.017598 
  -0.050125 ,  -0.022722, -0.013247 
  -0.051167 ,  -0.021519, -0.008135 
  -0.052164 ,  -0.020242, -0.002659 
  -0.053113 ,  -0.018916, 0.002785 
  -0.054016 ,  -0.017565, 0.007850 
  -0.054871 ,  -0.016213, 0.012265 
  -0.055679 ,  -0.014883, 0.015855 
  -0.056440 ,  -0.013597, 0.018550 
  -0.057152 ,  -0.012375, 0.020364 
  -0.057817 ,  -0.011237, 0.021384 
  -0.058434 ,  -0.010199, 0.021734 
  -0.059003 ,  -0.009275, 0.021549 
  -0.059525 ,  -0.008478, 0.020945 
  -0.059999 ,  -0.007817, 0.020001 
  -0.060426 ,  -0.007300, 0.018752 
  -0.060806 ,  -0.006930, 0.017191 
  -0.061139 ,  -0.006710, 0.015279 
  -0.061426 ,  -0.006639, 0.012969 
  -0.061668 ,  -0.006712, 0.010222 
  -0.061865 ,  -0.006924, 0.007034 
  -0.062016 ,  -0.007266, 0.003447 
  -0.062125 ,  -0.007726, -0.000442 
  -0.062189 ,  -0.008293, -0.004485 
  -0.062212 ,  -0.008951, -0.008497 
  -0.062192 ,  -0.009682, -0.012270 
  -0.062132 ,  -0.010471, -0.015603 
  -0.062031 ,  -0.011296, -0.018322 
  -0.061892 ,  -0.012139, -0.020302 
  -0.061714 ,  -0.012978, -0.021477 
  -0.061499 ,  -0.013794, -0.021849 
  -0.061248 ,  -0.014566, -0.021478 
  -0.060961 ,  -0.015273, -0.020472 
  -0.060641 ,  -0.015897, -0.018966 
  -0.060288 ,  -0.016419, -0.017100 
  -0.059904 ,  -0.016823, -0.015001 
  -0.059489 ,  -0.017092, -0.012768 
  -0.059044 ,  -0.017213, -0.010458 
  -0.058572 ,  -0.017175, -0.008093 
  -0.058073 ,  -0.016968, -0.005664 
  -0.057549 ,  -0.016584, -0.003147 
  -0.057001 ,  -0.016020, -0.000517 
  -0.056430 ,  -0.015274, 0.002232 
  -0.055837 ,  -0.014344, 0.005074 
  -0.055225 ,  -0.013235, 0.007942 
  -0.054594 ,  -0.011952, 0.010729 
  -0.053945 ,  -0.010502, 0.013298 
  -0.053281 ,  -0.008896, 0.015492 
  -0.052603 ,  -0.007148, 0.017157 
  -0.051911 ,  -0.005270, 0.018161 
  -0.051208 ,  -0.003280, 0.018418 
  -0.050494 ,  -0.001195, 0.017895 
  -0.049771 ,  0.000964, 0.016626 
  -0.049041 ,  0.003177, 0.014705 
  -0.048305 ,  0.005423, 0.012281 
  -0.047564 ,  0.007680, 0.009540 
  -0.046820 ,  0.009925, 0.006685 
  -0.046073 ,  0.012135, 0.003910 
  -0.045326 ,  0.014289, 0.001389 
  -0.044579 ,  0.016366, -0.000751 
  -0.043833 ,  0.018344, -0.002430 
  -0.043091 ,  0.020204, -0.003623 
  -0.042353 ,  0.021929, -0.004350 
  -0.041620 ,  0.023502, -0.004672 
  -0.040894 ,  0.024908, -0.004674 
  -0.040175 ,  0.026134, -0.004448 
  -0.039465 ,  0.027171, -0.004088 
  -0.038765 ,  0.028011, -0.003673 
  -0.038075 ,  0.028647, -0.003266 
  -0.037397 ,  0.029077, -0.002914 
  -0.036732 ,  0.029299, -0.002648 
  -0.036081 ,  0.029315, -0.002492 
  -0.035444 ,  0.029129, -0.002465 
  -0.034822 ,  0.028747, -0.002590 
  -0.034216 ,  0.028178, -0.002888 
  -0.033627 ,  0.027432, -0.003384 
  -0.033055 ,  0.026521, -0.004092 
  -0.032501 ,  0.025459, -0.005016 
  -0.031966 ,  0.024262, -0.006135 
  -0.031450 ,  0.022946, -0.007399 
  -0.030954 ,  0.021528, -0.008724 
  -0.030477 ,  0.020027, -0.009992 
  -0.030021 ,  0.018462, -0.011063 
  -0.029585 ,  0.016850, -0.011781 
  -0.029170 ,  0.015211, -0.011997 
  -0.028777 ,  0.013562, -0.011584 
  -0.028404 ,  0.011922, -0.010457 
  -0.028053 ,  0.010306, -0.008590 
  -0.027723 ,  0.008731, -0.006025 
  -0.027415 ,  0.007210, -0.002871 
  -0.027128 ,  0.005756, 0.000699 
  -0.026862 ,  0.004380, 0.004464 
  -0.026617 ,  0.003091, 0.008175 
  -0.026393 ,  0.001897, 0.011582 
  -0.026189 ,  0.000802, 0.014458 
  -0.026006 ,  -0.000191, 0.016620 
  -0.025842 ,  -0.001079, 0.017951 
  -0.025698 ,  -0.001864, 0.018405 
  -0.025572 ,  -0.002549, 0.018009 
  -0.025465 ,  -0.003137, 0.016858 
  -0.025376 ,  -0.003637, 0.015095 
  -0.025303 ,  -0.004054, 0.012896 
  -0.025247 ,  -0.004398, 0.010444 
  -0.025207 ,  -0.004680, 0.007910 
  -0.025182 ,  -0.004911, 0.005438 
  -0.025171 ,  -0.005104, 0.003131 
  -0.025173 ,  -0.005270, 0.001046 
  -0.025187 ,  -0.005423, -0.000798 
  -0.025213 ,  -0.005576, -0.002419 
  -0.025250 ,  -0.005740, -0.003853 
  -0.025296 ,  -0.005929, -0.005144 
  -0.025351 ,  -0.006154, -0.006331 
  -0.025413 ,  -0.006424, -0.007437 
  -0.025482 ,  -0.006750, -0.008463 
  -0.025556 ,  -0.007138, -0.009388 
  -0.025634 ,  -0.007596, -0.010174 
  -0.025715 ,  -0.008127, -0.010772 
  -0.025798 ,  -0.008734, -0.011131 
  -0.025881 ,  -0.009418, -0.011211 
  -0.025964 ,  -0.010178, -0.010988 
  -0.026046 ,  -0.011009, -0.010460 
  -0.026124 ,  -0.011908, -0.009648 
  -0.026198 ,  -0.012865, -0.008594 
  -0.026266 ,  -0.013873, -0.007353 
  -0.026327 ,  -0.014920, -0.005987 
  -0.026381 ,  -0.015994, -0.004556 
  -0.026425 ,  -0.017080, -0.003111 
  -0.026458 ,  -0.018162, -0.001686 
  -0.026480 ,  -0.019225, -0.000303 
  -0.026488 ,  -0.020251, 0.001034 
  -0.026483 ,  -0.021222, 0.002330 
  -0.026461 ,  -0.022120, 0.003591 
  -0.026423 ,  -0.022927, 0.004820 
  -0.026367 ,  -0.023624, 0.006010 
  -0.026291 ,  -0.024195, 0.007135 
  -0.026195 ,  -0.024622, 0.008156 
  -0.026078 ,  -0.024891, 0.009016 
  -0.025938 ,  -0.024988, 0.009651 
  -0.025774 ,  -0.024900, 0.009996 
  -0.025585 ,  -0.024617, 0.009995 
  -0.025371 ,  -0.024130, 0.009610 
  -0.025129 ,  -0.023434, 0.008830 
  -0.024860 ,  -0.022526, 0.007674 
  -0.024562 ,  -0.021403, 0.006194 
  -0.024234 ,  -0.020069, 0.004469 
  -0.023876 ,  -0.018527, 0.002604 
  -0.023486 ,  -0.016785, 0.000713 
  -0.023064 ,  -0.014853, -0.001087 
  -0.022610 ,  -0.012742, -0.002692 
  -0.022121 ,  -0.010469, -0.004013 
  -0.021599 ,  -0.008051, -0.004993 
  -0.021042 ,  -0.005507, -0.005603 
  -0.020449 ,  -0.002859, -0.005846 
  -0.019821 ,  -0.000131, -0.005755 
  -0.019156 ,  0.002652, -0.005381 
  -0.018455 ,  0.005465, -0.004792 
  -0.017716 ,  0.008279, -0.004061 
  -0.016941 ,  0.011067, -0.003257 
  -0.016128 ,  0.013802, -0.002442 
  -0.015278 ,  0.016455, -0.001666 
  -0.014390 ,  0.018999, -0.000963 
  -0.013464 ,  0.021408, -0.000354 
  -0.012501 ,  0.023655, 0.000152 
  -0.011500 ,  0.025719, 0.000553 
  -0.010462 ,  0.027575, 0.000853 
  -0.009386 ,  0.029204, 0.001054 
  -0.008274 ,  0.030590, 0.001160 
  -0.007125 ,  0.031716, 0.001171 
  -0.005940 ,  0.032571, 0.001083 
  -0.004719 ,  0.033146, 0.000895 
  -0.003464 ,  0.033434, 0.000604 
  -0.002173 ,  0.033434, 0.000216 
  -0.000849 ,  0.033146, -0.000261 
  0.000509 ,  0.032573, -0.000805 
  0.001898 ,  0.031724, -0.001388 
  0.003320 ,  0.030608, -0.001973 
  0.004772 ,  0.029238, -0.002515 
  0.006254 ,  0.027632, -0.002968 
  0.007765 ,  0.025809, -0.003284 
  0.009303 ,  0.023790, -0.003423 
  0.010868 ,  0.021599, -0.003356 
  0.012459 ,  0.019261, -0.003066 
  0.014074 ,  0.016805, -0.002555 
  0.015711 ,  0.014259, -0.001844 
  0.017370 ,  0.011652, -0.000972 
  0.019050 ,  0.009015, 0.000006 
  0.020748 ,  0.006377, 0.001021 
  0.022463 ,  0.003768, 0.001999 
  0.024195 ,  0.001219, 0.002866 
  0.025940 ,  -0.001244, 0.003553 
  0.027699 ,  -0.003594, 0.004011 
  0.029468 ,  -0.005804, 0.004208 
  0.031247 ,  -0.007853, 0.004140 
  0.033033 ,  -0.009719, 0.003832 
  0.034826 ,  -0.011385, 0.003336 
  0.036622 ,  -0.012836, 0.002725 
  0.038421 ,  -0.014058, 0.002090 
  0.040221 ,  -0.015044, 0.001526 
  0.042019 ,  -0.015787, 0.001121 
  0.043815 ,  -0.016285, 0.000945 
  0.045605 ,  -0.016540, 0.001039 
  0.047389 ,  -0.016556, 0.001407 
  0.049164 ,  -0.016340, 0.002009 
  0.050928 ,  -0.015902, 0.002769 
  0.052679 ,  -0.015259, 0.003576 
  0.054416 ,  -0.014424, 0.004296 
  0.056137 ,  -0.013419, 0.004791 
  0.057839 ,  -0.012263, 0.004934 
  0.059521 ,  -0.010982, 0.004626 
  0.061180 ,  -0.009599, 0.003815 
  0.062816 ,  -0.008141, 0.002500 
  0.064425 ,  -0.006635, 0.000743 
  0.066007 ,  -0.005110, -0.001341 
  0.067558 ,  -0.003592, -0.003590 
  0.069078 ,  -0.002111, -0.005816 
  0.070564 ,  -0.000692, -0.007822 
  0.072015 ,  0.000638, -0.009428 
  0.073429 ,  0.001854, -0.010495 
  0.074804 ,  0.002934, -0.010935 
  0.076138 ,  0.003857, -0.010730 
  0.077430 ,  0.004604, -0.009930 
  0.078677 ,  0.005160, -0.008646 
  0.079879 ,  0.005511, -0.007035 
  0.081034 ,  0.005648, -0.005282 
  0.082140 ,  0.005564, -0.003571 
  0.083195 ,  0.005255, -0.002061 
  0.084198 ,  0.004722, -0.000868 
  0.085149 ,  0.003967, -0.000046 
  0.086044 ,  0.002997, 0.000414 
  0.086884 ,  0.001822, 0.000584 
  0.087667 ,  0.000456, 0.000587 
  0.088391 ,  -0.001086, 0.000571 
  0.089055 ,  -0.002786, 0.000692 
  0.089659 ,  -0.004621, 0.001083 
  0.090201 ,  -0.006569, 0.001834 
  0.090681 ,  -0.008603, 0.002977 
  0.091097 ,  -0.010697, 0.004477 
  0.091449 ,  -0.012822, 0.006236 
  0.091736 ,  -0.014949, 0.008101 
  0.091956 ,  -0.017049, 0.009890 
  0.092111 ,  -0.019091, 0.011410 
  0.092198 ,  -0.021046, 0.012483 
  0.092218 ,  -0.022885, 0.012974 
  0.092170 ,  -0.024581, 0.012803 
  0.092054 ,  -0.026107, 0.011957 
  0.091869 ,  -0.027438, 0.010488 
  0.091616 ,  -0.028552, 0.008507 
  0.091294 ,  -0.029429, 0.006165 
  0.090903 ,  -0.030052, 0.003636 
  0.090443 ,  -0.030406, 0.001091 
  0.089914 ,  -0.030479, -0.001321 
  0.089317 ,  -0.030265, -0.003485 
  0.088652 ,  -0.029757, -0.005331 
  0.087919 ,  -0.028955, -0.006834 
  0.087118 ,  -0.027861, -0.008008 
  0.086250 ,  -0.026480, -0.008890 
  0.085316 ,  -0.024821, -0.009533 
  0.084316 ,  -0.022896, -0.009982 
  0.083251 ,  -0.020721, -0.010267 
  0.082121 ,  -0.018314, -0.010398 
  0.080929 ,  -0.015696, -0.010356 
  0.079673 ,  -0.012889, -0.010107 
  0.078356 ,  -0.009920, -0.009609 
  0.076979 ,  -0.006815, -0.008825 
  0.075542 ,  -0.003604, -0.007738 
  0.074048 ,  -0.000316, -0.006363 
  0.072496 ,  0.003018, -0.004752 
  0.070889 ,  0.006367, -0.002994 
  0.069228 ,  0.009701, -0.001209 
  0.067514 ,  0.012987, 0.000464 
  0.065749 ,  0.016197, 0.001892 
  0.063935 ,  0.019302, 0.002957 
  0.062073 ,  0.022273, 0.003584 
  0.060164 ,  0.025085, 0.003748 
  0.058211 ,  0.027714, 0.003484 
  0.056216 ,  0.030139, 0.002884 
  0.054179 ,  0.032339, 0.002087 
  0.052104 ,  0.034299, 0.001262 
  0.049992 ,  0.036005, 0.000589 
  0.047844 ,  0.037447, 0.000232 
  0.045664 ,  0.038615, 0.000317 
  0.043452 ,  0.039506, 0.000919 
  0.041212 ,  0.040118, 0.002049 
  0.038945 ,  0.040452, 0.003651 
  0.036653 ,  0.040512, 0.005613 
  0.034338 ,  0.040305, 0.007777 
  0.032004 ,  0.039841, 0.009958 
  0.029651 ,  0.039132, 0.011966 
  0.027282 ,  0.038191, 0.013623 
  0.024900 ,  0.037037, 0.014777 
  0.022506 ,  0.035685, 0.015318 
  0.020104 ,  0.034157, 0.015178 
  0.017694 ,  0.032472, 0.014330 
  0.015280 ,  0.030652, 0.012786 
  0.012864 ,  0.028720, 0.010585 
  0.010447 ,  0.026697, 0.007790 
  0.008033 ,  0.024606, 0.004483 
  0.005624 ,  0.022470, 0.000757 
  0.003221 ,  0.020308, -0.003278 
  0.000827 ,  0.018143, -0.007493 
  -0.001555 ,  0.015993, -0.011739 
  -0.003924 ,  0.013876, -0.015839 
  -0.006277 ,  0.011809, -0.019594 
  -0.008612 ,  0.009806, -0.022788 
  -0.010928 ,  0.007881, -0.025199 
  -0.013221 ,  0.006044, -0.026618 
  -0.015490 ,  0.004304, -0.026873 
  -0.017732 ,  0.002668, -0.025854 
  -0.019946 ,  0.001139, -0.023530 
  -0.022130 ,  -0.000278, -0.019968 
  -0.024282 ,  -0.001584, -0.015341 
  -0.026400 ,  -0.002781, -0.009917 
  -0.028481 ,  -0.003871, -0.004045 
  -0.030525 ,  -0.004860, 0.001878 
  -0.032529 ,  -0.005755, 0.007443 
  -0.034492 ,  -0.006563, 0.012274 
  -0.036412 ,  -0.007293, 0.016067 
  -0.038287 ,  -0.007955, 0.018623 
  -0.040117 ,  -0.008561, 0.019872 
  -0.041899 ,  -0.009121, 0.019874 
  -0.043632 ,  -0.009647, 0.018813 
  -0.045314 ,  -0.010151, 0.016969 
  -0.046945 ,  -0.010643, 0.014673 
  -0.048524 ,  -0.011134, 0.012269 
  -0.050048 ,  -0.011634, 0.010062 
  -0.051517 ,  -0.012153, 0.008279 
  -0.052930 ,  -0.012699, 0.007043 
  -0.054286 ,  -0.013278, 0.006358 
  -0.055584 ,  -0.013895, 0.006118 
  -0.056824 ,  -0.014556, 0.006130 
  -0.058003 ,  -0.015262, 0.006152 
  -0.059123 ,  -0.016013, 0.005932 
  -0.060182 ,  -0.016810, 0.005262 
  -0.061180 ,  -0.017650, 0.004006 
  -0.062116 ,  -0.018528, 0.002134 
  -0.062990 ,  -0.019438, -0.000277 
  -0.063801 ,  -0.020374, -0.003047 
  -0.064551 ,  -0.021326, -0.005923 
  -0.065237 ,  -0.022285, -0.008618 
  -0.065861 ,  -0.023239, -0.010856 
  -0.066422 ,  -0.024176, -0.012416 
  -0.066920 ,  -0.025085, -0.013171 
  -0.067356 ,  -0.025950, -0.013104 
  -0.067730 ,  -0.026759, -0.012315 
  -0.068042 ,  -0.027497, -0.011005 
  -0.068292 ,  -0.028152, -0.009440 
  -0.068482 ,  -0.028709, -0.007906 
  -0.068611 ,  -0.029157, -0.006663 
  -0.068680 ,  -0.029482, -0.005897 
  -0.068690 ,  -0.029674, -0.005687 
  -0.068641 ,  -0.029724, -0.005987 
  -0.068535 ,  -0.029622, -0.006631 
  -0.068372 ,  -0.029361, -0.007361 
  -0.068153 ,  -0.028937, -0.007861 
  -0.067880 ,  -0.028346, -0.007820 
  -0.067552 ,  -0.027586, -0.006981 
  -0.067172 ,  -0.026658, -0.005192 
  -0.066741 ,  -0.025562, -0.002442 
  -0.066259 ,  -0.024305, 0.001128 
  -0.065729 ,  -0.022891, 0.005235 
  -0.065151 ,  -0.021328, 0.009487 
  -0.064527 ,  -0.019627, 0.013437 
  -0.063858 ,  -0.017798, 0.016646 
  -0.063146 ,  -0.015855, 0.018750 
  -0.062392 ,  -0.013813, 0.019512 
  -0.061598 ,  -0.011685, 0.018867 
  -0.060766 ,  -0.009490, 0.016930 
  -0.059897 ,  -0.007245, 0.013986 
  -0.058993 ,  -0.004968, 0.010451 
  -0.058056 ,  -0.002677, 0.006809 
  -0.057087 ,  -0.000391, 0.003542 
  -0.056088 ,  0.001871, 0.001052 
  -0.055061 ,  0.004091, -0.000393 
  -0.054007 ,  0.006251, -0.000715 
  -0.052930 ,  0.008334, -0.000028 
  -0.051830 ,  0.010325, 0.001364 
  -0.050709 ,  0.012208, 0.003021 
  -0.049569 ,  0.013969, 0.004428 
  -0.048413 ,  0.015598, 0.005081 
  -0.047242 ,  0.017084, 0.004563 
  -0.046057 ,  0.018418, 0.002622 
  -0.044862 ,  0.019594, -0.000785 
  -0.043657 ,  0.020607, -0.005466 
  -0.042445 ,  0.021455, -0.011014 
  -0.041228 ,  0.022137, -0.016851 
  -0.040007 ,  0.022654, -0.022301 
  -0.038784 ,  0.023009, -0.026678 
  -0.037561 ,  0.023209, -0.029383 
  -0.036341 ,  0.023259, -0.029986 
  -0.035124 ,  0.023169, -0.028285 
  -0.033913 ,  0.022949, -0.024345 
  -0.032709 ,  0.022609, -0.018489 
  -0.031514 ,  0.022163, -0.011260 
  -0.030331 ,  0.021625, -0.003354 
  -0.029159 ,  0.021008, 0.004467 
  -0.028002 ,  0.020328, 0.011472 
  -0.026861 ,  0.019599, 0.017054 
  -0.025737 ,  0.018838, 0.020799 
  -0.024631 ,  0.018058, 0.022529 
  -0.023546 ,  0.017276, 0.022320 
  -0.022483 ,  0.016504, 0.020471 
  -0.021443 ,  0.015757, 0.017457 
  -0.020427 ,  0.015047, 0.013850 
  -0.019437 ,  0.014385, 0.010239 
  -0.018474 ,  0.013780, 0.007143 
  -0.017539 ,  0.013241, 0.004945 
  -0.016634 ,  0.012775, 0.003842 
  -0.015759 ,  0.012387, 0.003832 
  -0.014915 ,  0.012079, 0.004726 
  -0.014103 ,  0.011854, 0.006185 
  -0.013325 ,  0.011711, 0.007784 
  -0.012580 ,  0.011648, 0.009082 
  -0.011871 ,  0.011660, 0.009690 
  -0.011196 ,  0.011743, 0.009330 
  -0.010558 ,  0.011888, 0.007877 
  -0.009957 ,  0.012087, 0.005369 
  -0.009392 ,  0.012330, 0.002004 
  -0.008865 ,  0.012605, -0.001902 
  -0.008376 ,  0.012900, -0.005957 
  -0.007925 ,  0.013202, -0.009760 
  -0.007513 ,  0.013496, -0.012953 
  -0.007138 ,  0.013769, -0.015274 
  -0.006803 ,  0.014006, -0.016585 
  -0.006506 ,  0.014192, -0.016886 
  -0.006248 ,  0.014313, -0.016306 
  -0.006028 ,  0.014356, -0.015070 
  -0.005847 ,  0.014306, -0.013460 
  -0.005703 ,  0.014153, -0.011767 
  -0.005597 ,  0.013886, -0.010241 
  -0.005529 ,  0.013493, -0.009055 
  -0.005497 ,  0.012968, -0.008282 
  -0.005501 ,  0.012303, -0.007891 
  -0.005541 ,  0.011495, -0.007753 
  -0.005616 ,  0.010538, -0.007674 
  -0.005725 ,  0.009434, -0.007428 
  -0.005868 ,  0.008181, -0.006796 
  -0.006044 ,  0.006784, -0.005609 
  -0.006251 ,  0.005248, -0.003769 
  -0.006489 ,  0.003578, -0.001271 
  -0.006757 ,  0.001785, 0.001799 
  -0.007053 ,  -0.000122, 0.005275 
  -0.007378 ,  -0.002129, 0.008937 
  -0.007728 ,  -0.004224, 0.012539 
  -0.008104 ,  -0.006389, 0.015845 
  -0.008504 ,  -0.008609, 0.018653 
  -0.008927 ,  -0.010864, 0.020818 
  -0.009371 ,  -0.013137, 0.022261 
  -0.009834 ,  -0.015407, 0.022967 
  -0.010317 ,  -0.017654, 0.022974 
  -0.010816 ,  -0.019858, 0.022354 
  -0.011331 ,  -0.021999, 0.021190 
  -0.011860 ,  -0.024055, 0.019560 
  -0.012401 ,  -0.026008, 0.017517 
  -0.012953 ,  -0.027837, 0.015087 
  -0.013514 ,  -0.029525, 0.012271 
  -0.014083 ,  -0.031055, 0.009052 
  -0.014658 ,  -0.032410, 0.005416 
  -0.015237 ,  -0.033577, 0.001372 
  -0.015819 ,  -0.034542, -0.003035 
  -0.016401 ,  -0.035295, -0.007707 
  -0.016983 ,  -0.035826, -0.012492 
  -0.017562 ,  -0.036130, -0.017185 
  -0.018137 ,  -0.036200, -0.021549 
  -0.018706 ,  -0.036035, -0.025334 
  -0.019267 ,  -0.035634, -0.028302 
  -0.019819 ,  -0.034998, -0.030260 
  -0.020360 ,  -0.034132, -0.031074 
  -0.020888 ,  -0.033042, -0.030694 
  -0.021401 ,  -0.031737, -0.029151 
  -0.021899 ,  -0.030225, -0.026557 
  -0.022378 ,  -0.028520, -0.023086 
  -0.022838 ,  -0.026635, -0.018957 
  -0.023277 ,  -0.024586, -0.014403 
  -0.023693 ,  -0.022389, -0.009648 
  -0.024085 ,  -0.020063, -0.004890 
  -0.024451 ,  -0.017626, -0.000282 
  -0.024790 ,  -0.015100, 0.004070 
  -0.025101 ,  -0.012503, 0.008102 
  -0.025381 ,  -0.009858, 0.011778 
  -0.025630 ,  -0.007186, 0.015082 
  -0.025846 ,  -0.004508, 0.017991 
  -0.026028 ,  -0.001845, 0.020469 
  -0.026174 ,  0.000783, 0.022459 
  -0.026284 ,  0.003355, 0.023881 
  -0.026356 ,  0.005853, 0.024641 
  -0.026389 ,  0.008257, 0.024653 
  -0.026382 ,  0.010552, 0.023851 
  -0.026334 ,  0.012721, 0.022217 
  -0.026245 ,  0.014751, 0.019793 
  -0.026113 ,  0.016629, 0.016692 
  -0.025937 ,  0.018343, 0.013097 
  -0.025717 ,  0.019885, 0.009248 
  -0.025452 ,  0.021248, 0.005420 
  -0.025142 ,  0.022425, 0.001894 
  -0.024785 ,  0.023413, -0.001083 
  -0.024382 ,  0.024210, -0.003323 
  -0.023931 ,  0.024817, -0.004728 
  -0.023433 ,  0.025234, -0.005304 
  -0.022888 ,  0.025467, -0.005163 
  -0.022295 ,  0.025519, -0.004512 
  -0.021653 ,  0.025398, -0.003624 
  -0.020964 ,  0.025112, -0.002804 
  -0.020226 ,  0.024670, -0.002347 
  -0.019440 ,  0.024084, -0.002497 
  -0.018606 ,  0.023365, -0.003414 
  -0.017725 ,  0.022525, -0.005146 
  -0.016796 ,  0.021580, -0.007625 
  -0.015821 ,  0.020541, -0.010670 
  -0.014798 ,  0.019425, -0.014010 
  -0.013730 ,  0.018246, -0.017316 
  -0.012616 ,  0.017019, -0.020240 
  -0.011457 ,  0.015759, -0.022460 
  -0.010255 ,  0.014481, -0.023715 
  -0.009009 ,  0.013198, -0.023833 
  -0.007720 ,  0.011925, -0.022748 
  -0.006390 ,  0.010674, -0.020506 
  -0.005020 ,  0.009459, -0.017246 
  -0.003610 ,  0.008290, -0.013188 
  -0.002162 ,  0.007178, -0.008597 
  -0.000677 ,  0.006133, -0.003755 
  0.000844 ,  0.005162, 0.001069 
  0.002399 ,  0.004273, 0.005643 
  0.003988 ,  0.003471, 0.009785 
  0.005608 ,  0.002761, 0.013371 
  0.007258 ,  0.002146, 0.016328 
  0.008937 ,  0.001626, 0.018628 
  0.010643 ,  0.001203, 0.020269 
  0.012374 ,  0.000875, 0.021267 
  0.014128 ,  0.000641, 0.021641 
  0.015905 ,  0.000496, 0.021409 
  0.017701 ,  0.000435, 0.020590 
  0.019515 ,  0.000452, 0.019204 
  0.021346 ,  0.000541, 0.017289 
  0.023191 ,  0.000694, 0.014910 
  0.025049 ,  0.000901, 0.012165 
  0.026917 ,  0.001153, 0.009191 
  0.028793 ,  0.001439, 0.006160 
  0.030676 ,  0.001748, 0.003269 
  0.032563 ,  0.002071, 0.000718 
  0.034451 ,  0.002393, -0.001312 
  0.036340 ,  0.002705, -0.002684 
  0.038227 ,  0.002995, -0.003332 
  0.040110 ,  0.003250, -0.003273 
  0.041986 ,  0.003459, -0.002618 
  0.043853 ,  0.003612, -0.001564 
  0.045710 ,  0.003698, -0.000373 
  0.047553 ,  0.003707, 0.000651 
  0.049381 ,  0.003630, 0.001206 
  0.051192 ,  0.003459, 0.001029 
  0.052984 ,  0.003186, -0.000065 
  0.054753 ,  0.002806, -0.002154 
  0.056499 ,  0.002314, -0.005187 
  0.058219 ,  0.001705, -0.008990 
  0.059911 ,  0.000978, -0.013269 
  0.061572 ,  0.000131, -0.017650 
  0.063201 ,  -0.000835, -0.021712 
  0.064795 ,  -0.001918, -0.025038 
  0.066354 ,  -0.003116, -0.027262 
  0.067873 ,  -0.004423, -0.028110 
  0.069352 ,  -0.005834, -0.027435 
  0.070789 ,  -0.007339, -0.025229 
  0.072182 ,  -0.008931, -0.021624 
  0.073529 ,  -0.010599, -0.016876 
  0.074827 ,  -0.012331, -0.011334 
  0.076076 ,  -0.014113, -0.005398 
  0.077274 ,  -0.015932, 0.000526 
  0.078418 ,  -0.017773, 0.006067 
  0.079508 ,  -0.019619, 0.010925 
  0.080542 ,  -0.021454, 0.014898 
  0.081518 ,  -0.023259, 0.017891 
  0.082435 ,  -0.025017, 0.019911 
  0.083291 ,  -0.026709, 0.021056 
  0.084086 ,  -0.028317, 0.021483 
  0.084817 ,  -0.029822, 0.021382 
  0.085485 ,  -0.031206, 0.020939 
  0.086087 ,  -0.032450, 0.020315 
  0.086622 ,  -0.033538, 0.019619 
  0.087091 ,  -0.034451, 0.018902 
  0.087491 ,  -0.035175, 0.018155 
  0.087822 ,  -0.035694, 0.017321 
  0.088083 ,  -0.035995, 0.016309 
  0.088274 ,  -0.036066, 0.015017 
  0.088394 ,  -0.035896, 0.013354 
  0.088443 ,  -0.035476, 0.011261 
  0.088419 ,  -0.034800, 0.008719 
  0.088324 ,  -0.033863, 0.005760 
  0.088156 ,  -0.032661, 0.002465 
  0.087915 ,  -0.031195, -0.001048 
  0.087602 ,  -0.029465, -0.004633 
  0.087216 ,  -0.027476, -0.008137 
  0.086757 ,  -0.025234, -0.011413 
  0.086226 ,  -0.022747, -0.014336 
  0.085622 ,  -0.020027, -0.016814 
  0.084947 ,  -0.017087, -0.018789 
  0.084200 ,  -0.013942, -0.020239 
  0.083382 ,  -0.010609, -0.021172 
  0.082494 ,  -0.007109, -0.021617 
  0.081536 ,  -0.003464, -0.021610 
  0.080509 ,  0.000305, -0.021189 
  0.079414 ,  0.004171, -0.020385 
  0.078252 ,  0.008108, -0.019216 
  0.077024 ,  0.012090, -0.017690 
  0.075730 ,  0.016086, -0.015807 
  0.074372 ,  0.020069, -0.013567 
  0.072952 ,  0.024008, -0.010978 
  0.071469 ,  0.027874, -0.008066 
  0.069927 ,  0.031637, -0.004879 
  0.068326 ,  0.035267, -0.001491 
  0.066668 ,  0.038735, 0.001999 
  0.064954 ,  0.042014, 0.005469 
  0.063186 ,  0.045077, 0.008784 
  0.061366 ,  0.047897, 0.011810 
  0.059495 ,  0.050452, 0.014421 
  0.057575 ,  0.052719, 0.016515 
  0.055609 ,  0.054678, 0.018022 
  0.053597 ,  0.056312, 0.018911 
  0.051543 ,  0.057607, 0.019192 
  0.049447 ,  0.058549, 0.018915 
  0.047313 ,  0.059130, 0.018163 
  0.045143 ,  0.059342, 0.017043 
  0.042937 ,  0.059183, 0.015671 
  0.040700 ,  0.058651, 0.014161 
  0.038432 ,  0.057750, 0.012616 
  0.036137 ,  0.056485, 0.011109 
  0.033816 ,  0.054864, 0.009683 
  0.031472 ,  0.052899, 0.008348 
  0.029108 ,  0.050606, 0.007075 
  0.026725 ,  0.048000, 0.005811 
  0.024326 ,  0.045103, 0.004481 
  0.021914 ,  0.041935, 0.003003 
  0.019490 ,  0.038523, 0.001300 
  0.017058 ,  0.034890, -0.000687 
  0.014621 ,  0.031067, -0.002987 
  0.012179 ,  0.027082, -0.005590 
  0.009737 ,  0.022966, -0.008444 
  0.007295 ,  0.018750, -0.011452 
  0.004858 ,  0.014466, -0.014480 
  0.002427 ,  0.010147, -0.017363 
  0.000004 ,  0.005823, -0.019918 
  -0.002407 ,  0.001528, -0.021962 
  -0.004805 ,  -0.002709, -0.023327 
  -0.007186 ,  -0.006856, -0.023875 
  -0.009549 ,  -0.010887, -0.023513 
  -0.011892 ,  -0.014773, -0.022205 
  -0.014211 ,  -0.018490, -0.019973 
  -0.016505 ,  -0.022014, -0.016902 
  -0.018771 ,  -0.025325, -0.013131 
  -0.021008 ,  -0.028403, -0.008845 
  -0.023212 ,  -0.031233, -0.004259 
  -0.025382 ,  -0.033802, 0.000400 
  -0.027516 ,  -0.036099, 0.004905 
  -0.029612 ,  -0.038116, 0.009051 
  -0.031667 ,  -0.039848, 0.012665 
  -0.033680 ,  -0.041294, 0.015615 
  -0.035648 ,  -0.042454, 0.017820 
  -0.037571 ,  -0.043331, 0.019243 
  -0.039446 ,  -0.043932, 0.019894 
  -0.041271 ,  -0.044264, 0.019819 
  -0.043045 ,  -0.044340, 0.019093 
  -0.044766 ,  -0.044170, 0.017811 
  -0.046433 ,  -0.043771, 0.016080 
  -0.048044 ,  -0.043159, 0.014011 
  -0.049598 ,  -0.042350, 0.011716 
  -0.051094 ,  -0.041365, 0.009302 
  -0.052530 ,  -0.040223, 0.006870 
  -0.053905 ,  -0.038945, 0.004517 
  -0.055218 ,  -0.037551, 0.002328 
  -0.056468 ,  -0.036061, 0.000378 
  -0.057654 ,  -0.034497, -0.001275 
  -0.058776 ,  -0.032879, -0.002592 
  -0.059832 ,  -0.031226, -0.003562 
  -0.060823 ,  -0.029556, -0.004206 
  -0.061746 ,  -0.027887, -0.004577 
  -0.062603 ,  -0.026234, -0.004761 
  -0.063391 ,  -0.024611, -0.004869 
  -0.064112 ,  -0.023032, -0.005027 
  -0.064765 ,  -0.021507, -0.005361 
  -0.065349 ,  -0.020045, -0.005978 
  -0.065865 ,  -0.018653, -0.006942 
  -0.066312 ,  -0.017335, -0.008265 
  -0.066691 ,  -0.016095, -0.009888 
  -0.067002 ,  -0.014933, -0.011679 
  -0.067244 ,  -0.013848, -0.013439 
  -0.067420 ,  -0.012839, -0.014922 
  -0.067528 ,  -0.011899, -0.015854 
  -0.067569 ,  -0.011023, -0.015978 
  -0.067545 ,  -0.010204, -0.015081 
  -0.067455 ,  -0.009432, -0.013039 
  -0.067300 ,  -0.008699, -0.009840 
  -0.067082 ,  -0.007993, -0.005608 
  -0.066800 ,  -0.007304, -0.000599 
  -0.066457 ,  -0.006619, 0.004811 
  -0.066053 ,  -0.005928, 0.010161 
  -0.065589 ,  -0.005219, 0.014950 
  -0.065066 ,  -0.004480, 0.018696 
  -0.064487 ,  -0.003702, 0.020995 
  -0.063851 ,  -0.002874, 0.021575 
  -0.063161 ,  -0.001988, 0.020339 
  -0.062418 ,  -0.001035, 0.017385 
  -0.061623 ,  -0.000011, 0.013005 
  -0.060778 ,  0.001090, 0.007662 
  -0.059885 ,  0.002271, 0.001941 
  -0.058946 ,  0.003533, -0.003520 
  -0.057961 ,  0.004876, -0.008102 
  -0.056934 ,  0.006298, -0.011283 
  -0.055865 ,  0.007795, -0.012702 
  -0.054757 ,  0.009360, -0.012210 
  -0.053612 ,  0.010987, -0.009889 
  -0.052431 ,  0.012666, -0.006048 
  -0.051217 ,  0.014386, -0.001184 
  -0.049972 ,  0.016135, 0.004073 
  -0.048697 ,  0.017899, 0.009041 
  -0.047396 ,  0.019664, 0.013069 
  -0.046069 ,  0.021414, 0.015619 
  -0.044719 ,  0.023132, 0.016333 
  -0.043349 ,  0.024802, 0.015079 
  -0.041960 ,  0.026407, 0.011962 
  -0.040555 ,  0.027930, 0.007311 
  -0.039136 ,  0.029355, 0.001639 
  -0.037705 ,  0.030663, -0.004429 
  -0.036264 ,  0.031842, -0.010234 
  -0.034816 ,  0.032875, -0.015162 
  -0.033363 ,  0.033749, -0.018720 
  -0.031906 ,  0.034453, -0.020596 
  -0.030449 ,  0.034976, -0.020682 
  -0.028994 ,  0.035310, -0.019084 
  -0.027541 ,  0.035448, -0.016092 
  -0.026095 ,  0.035385, -0.012137 
  -0.024657 ,  0.035120, -0.007720 
  -0.023228 ,  0.034651, -0.003347 
  -0.021812 ,  0.033981, 0.000540 
  -0.020409 ,  0.033114, 0.003618 
  -0.019023 ,  0.032057, 0.005713 
  -0.017656 ,  0.030818, 0.006809 
  -0.016308 ,  0.029408, 0.007038 
  -0.014982 ,  0.027840, 0.006641 
  -0.013681 ,  0.026128, 0.005918 
  -0.012405 ,  0.024288, 0.005173 
  -0.011157 ,  0.022338, 0.004662 
  -0.009938 ,  0.020297, 0.004549 
  -0.008750 ,  0.018184, 0.004885 
  -0.007594 ,  0.016021, 0.005603 
  -0.006473 ,  0.013828, 0.006531 
  -0.005387 ,  0.011626, 0.007434 
  -0.004339 ,  0.009437, 0.008053 
  -0.003329 ,  0.007281, 0.008156 
  -0.002359 ,  0.005179, 0.007582 
  -0.001430 ,  0.003150, 0.006275 
  -0.000543 ,  0.001212, 0.004299 
  0.000300 ,  -0.000617, 0.001831 
  0.001099 ,  -0.002323, -0.000858 
  0.001852 ,  -0.003892, -0.003447 
  0.002559 ,  -0.005313, -0.005608 
  0.003219 ,  -0.006575, -0.007061 
  0.003832 ,  -0.007672, -0.007616 
  0.004395 ,  -0.008600, -0.007203 
  0.004909 ,  -0.009354, -0.005888 
  0.005374 ,  -0.009936, -0.003865 
  0.005789 ,  -0.010348, -0.001430 
  0.006153 ,  -0.010595, 0.001060 
  0.006467 ,  -0.010683, 0.003236 
  0.006729 ,  -0.010622, 0.004771 
  0.006941 ,  -0.010422, 0.005425 
  0.007101 ,  -0.010099, 0.005081 
  0.007211 ,  -0.009665, 0.003759 
  0.007270 ,  -0.009139, 0.001613 
  0.007278 ,  -0.008536, -0.001088 
  0.007235 ,  -0.007877, -0.004001 
  0.007143 ,  -0.007181, -0.006755 
  0.007001 ,  -0.006467, -0.008999 
  0.006810 ,  -0.005756, -0.010451 
  0.006571 ,  -0.005068, -0.010931 
  0.006284 ,  -0.004423, -0.010381 
  0.005950 ,  -0.003839, -0.008869 
  0.005570 ,  -0.003335, -0.006575 
  0.005144 ,  -0.002928, -0.003759 
  0.004674 ,  -0.002632, -0.000728 
  0.004161 ,  -0.002463, 0.002209 
  0.003606 ,  -0.002432, 0.004779 
  0.003010 ,  -0.002548, 0.006774 
  0.002374 ,  -0.002820, 0.008075 
  0.001700 ,  -0.003253, 0.008650 
  0.000989 ,  -0.003850, 0.008554 
  0.000242 ,  -0.004610, 0.007905 
  -0.000539 ,  -0.005533, 0.006859 
  -0.001352 ,  -0.006613, 0.005583 
  -0.002197 ,  -0.007844, 0.004230 
  -0.003070 ,  -0.009216, 0.002917 
  -0.003972 ,  -0.010718, 0.001714 
  -0.004899 ,  -0.012334, 0.000648 
  -0.005851 ,  -0.014051, -0.000291 
  -0.006825 ,  -0.015849, -0.001138 
  -0.007819 ,  -0.017710, -0.001927 
  -0.008832 ,  -0.019614, -0.002681 
  -0.009861 ,  -0.021538, -0.003392 
  -0.010906 ,  -0.023459, -0.004022 
  -0.011963 ,  -0.025356, -0.004498 
  -0.013030 ,  -0.027203, -0.004728 
  -0.014107 ,  -0.028979, -0.004619 
  -0.015190 ,  -0.030660, -0.004091 
  -0.016277 ,  -0.032222, -0.003105 
  -0.017367 ,  -0.033646, -0.001676 
  -0.018458 ,  -0.034910, 0.000120 
  -0.019547 ,  -0.035995, 0.002143 
  -0.020632 ,  -0.036883, 0.004203 
  -0.021711 ,  -0.037558, 0.006078 
  -0.022782 ,  -0.038008, 0.007543 
  -0.023844 ,  -0.038220, 0.008397 
  -0.024893 ,  -0.038184, 0.008493 
  -0.025929 ,  -0.037895, 0.007759 
  -0.026948 ,  -0.037347, 0.006214 
  -0.027949 ,  -0.036538, 0.003967 
  -0.028929 ,  -0.035470, 0.001212 
  -0.029888 ,  -0.034145, -0.001796 
  -0.030822 ,  -0.032569, -0.004770 
  -0.031731 ,  -0.030750, -0.007418 
  -0.032611 ,  -0.028698, -0.009484 
  -0.033462 ,  -0.026426, -0.010773 
  -0.034281 ,  -0.023949, -0.011170 
  -0.035067 ,  -0.021282, -0.010655 
  -0.035817 ,  -0.018445, -0.009302 
  -0.036531 ,  -0.015456, -0.007265 
  -0.037206 ,  -0.012337, -0.004760 
  -0.037842 ,  -0.009109, -0.002035 
  -0.038435 ,  -0.005795, 0.000655 
  -0.038986 ,  -0.002418, 0.003077 
  -0.039492 ,  0.000998, 0.005044 
  -0.039953 ,  0.004430, 0.006429 
  -0.040366 ,  0.007855, 0.007174 
  -0.040731 ,  0.011250, 0.007284 
  -0.041046 ,  0.014592, 0.006825 
  -0.041310 ,  0.017859, 0.005903 
  -0.041523 ,  0.021033, 0.004649 
  -0.041683 ,  0.024092, 0.003202 
  -0.041790 ,  0.027020, 0.001692 
  -0.041842 ,  0.029800, 0.000230 
  -0.041839 ,  0.032416, -0.001100 
  -0.041780 ,  0.034857, -0.002239 
  -0.041664 ,  0.037109, -0.003156 
  -0.041492 ,  0.039163, -0.003836 
  -0.041262 ,  0.041012, -0.004276 
  -0.040975 ,  0.042648, -0.004478 
  -0.040629 ,  0.044068, -0.004444 
  -0.040225 ,  0.045269, -0.004173 
  -0.039763 ,  0.046248, -0.003665 
  -0.039242 ,  0.047008, -0.002919 
  -0.038663 ,  0.047549, -0.001947 
  -0.038026 ,  0.047874, -0.000771 
  -0.037330 ,  0.047989, 0.000568 
  -0.036577 ,  0.047897, 0.002007 
  -0.035766 ,  0.047607, 0.003463 
  -0.034898 ,  0.047124, 0.004840 
  -0.033974 ,  0.046458, 0.006033 
  -0.032994 ,  0.045616, 0.006938 
  -0.031958 ,  0.044608, 0.007469 
  -0.030869 ,  0.043443, 0.007563 
  -0.029725 ,  0.042130, 0.007192 
  -0.028529 ,  0.040680, 0.006372 
  -0.027281 ,  0.039101, 0.005156 
  -0.025983 ,  0.037404, 0.003642 
  -0.024635 ,  0.035598, 0.001953 
  -0.023238 ,  0.033691, 0.000235 
  -0.021795 ,  0.031694, -0.001363 
  -0.020306 ,  0.029613, -0.002705 
  -0.018772 ,  0.027459, -0.003679 
  -0.017196 ,  0.025239, -0.004215 
  -0.015578 ,  0.022960, -0.004291 
  -0.013921 ,  0.020630, -0.003934 
  -0.012226 ,  0.018256, -0.003225 
  -0.010494 ,  0.015845, -0.002286 
  -0.008727 ,  0.013404, -0.001270 
  -0.006928 ,  0.010939, -0.000346 
  -0.005098 ,  0.008456, 0.000318 
  -0.003239 ,  0.005963, 0.000578 
  -0.001352 ,  0.003464, 0.000325 
  0.000559 ,  0.000968, -0.000494 
  0.002494 ,  -0.001520, -0.001875 
  0.004449 ,  -0.003993, -0.003744 
  0.006424 ,  -0.006443, -0.005967 
  0.008415 ,  -0.008865, -0.008354 
  0.010421 ,  -0.011249, -0.010677 
  0.012439 ,  -0.013589, -0.012686 
  0.014467 ,  -0.015877, -0.014137 
  0.016504 ,  -0.018103, -0.014811 
  0.018546 ,  -0.020261, -0.014538 
  0.020592 ,  -0.022341, -0.013221 
  0.022639 ,  -0.024335, -0.010842 
  0.024685 ,  -0.026233, -0.007478 
  0.026727 ,  -0.028027, -0.003291 
  0.028764 ,  -0.029708, 0.001473 
  0.030793 ,  -0.031268, 0.006510 
  0.032812 ,  -0.032698, 0.011478 
  0.034818 ,  -0.033990, 0.016030 
  0.036810 ,  -0.035137, 0.019839 
  0.038785 ,  -0.036132, 0.022635 
  0.040740 ,  -0.036969, 0.024226 
  0.042674 ,  -0.037642, 0.024518 
  0.044584 ,  -0.038147, 0.023523 
  0.046469 ,  -0.038480, 0.021359 
  0.048326 ,  -0.038640, 0.018233 
  0.050153 ,  -0.038626, 0.014427 
  0.051947 ,  -0.038436, 0.010259 
  0.053708 ,  -0.038074, 0.006060 
  0.055432 ,  -0.037542, 0.002131 
  0.057118 ,  -0.036845, -0.001282 
  0.058764 ,  -0.035988, -0.004013 
  0.060368 ,  -0.034978, -0.005988 
  0.061929 ,  -0.033824, -0.007233 
  0.063444 ,  -0.032535, -0.007860 
  0.064912 ,  -0.031124, -0.008048 
  0.066330 ,  -0.029602, -0.008018 
  0.067699 ,  -0.027983, -0.008000 
  0.069015 ,  -0.026281, -0.008197 
  0.070277 ,  -0.024510, -0.008760 
  0.071485 ,  -0.022688, -0.009763 
  0.072636 ,  -0.020830, -0.011192 
  0.073730 ,  -0.018952, -0.012946 
  0.074765 ,  -0.017071, -0.014844 
  0.075739 ,  -0.015204, -0.016654 
  0.076653 ,  -0.013367, -0.018114 
  0.077504 ,  -0.011575, -0.018976 
  0.078292 ,  -0.009843, -0.019028 
  0.079016 ,  -0.008186, -0.018132 
  0.079676 ,  -0.006617, -0.016238 
  0.080270 ,  -0.005146, -0.013396 
  0.080797 ,  -0.003785, -0.009754 
  0.081259 ,  -0.002543, -0.005537 
  0.081652 ,  -0.001425, -0.001031 
  0.081979 ,  -0.000438, 0.003457 
  0.082237 ,  0.000416, 0.007629 
  0.082427 ,  0.001136, 0.011231 
  0.082549 ,  0.001721, 0.014077 
  0.082602 ,  0.002175, 0.016071 
  0.082587 ,  0.002502, 0.017207 
  0.082504 ,  0.002709, 0.017572 
  0.082352 ,  0.002806, 0.017319 
  0.082133 ,  0.002801, 0.016650 
  0.081846 ,  0.002708, 0.015779 
  0.081491 ,  0.002539, 0.014906 
  0.081070 ,  0.002310, 0.014183 
  0.080582 ,  0.002036, 0.013699 
  0.080029 ,  0.001735, 0.013468 
  0.079410 ,  0.001424, 0.013425 
  0.078728 ,  0.001121, 0.013444 
  0.077982 ,  0.000844, 0.013353 
  0.077174 ,  0.000612, 0.012967 
  0.076304 ,  0.000442, 0.012110 
  0.075374 ,  0.000352, 0.010649 
  0.074384 ,  0.000357, 0.008510 
  0.073336 ,  0.000473, 0.005695 
  0.072232 ,  0.000714, 0.002282 
  0.071072 ,  0.001093, -0.001581 
  0.069857 ,  0.001618, -0.005698 
  0.068590 ,  0.002300, -0.009844 
  0.067272 ,  0.003144, -0.013792 
  0.065903 ,  0.004154, -0.017342 
  0.064487 ,  0.005332, -0.020340 
  0.063024 ,  0.006676, -0.022690 
  0.061516 ,  0.008184, -0.024358 
  0.059965 ,  0.009849, -0.025365 
  0.058373 ,  0.011662, -0.025774 
  0.056741 ,  0.013613, -0.025664 
  0.055071 ,  0.015688, -0.025115 
  0.053366 ,  0.017872, -0.024180 
  0.051627 ,  0.020145, -0.022872 
  0.049855 ,  0.022489, -0.021160 
  0.048054 ,  0.024881, -0.018968 
  0.046225 ,  0.027299, -0.016194 
  0.044370 ,  0.029718, -0.012730 
  0.042491 ,  0.032114, -0.008490 
  0.040590 ,  0.034458, -0.003442 
  0.038670 ,  0.036727, 0.002371 
  0.036731 ,  0.038892, 0.008809 
  0.034778 ,  0.040927, 0.015633 
  0.032811 ,  0.042808, 0.022509 
  0.030832 ,  0.044509, 0.029033 
  0.028844 ,  0.046006, 0.034763 
  0.026850 ,  0.047278, 0.039265 
  0.024850 ,  0.048304, 0.042151 
  0.022847 ,  0.049066, 0.043130 
  0.020843 ,  0.049548, 0.042038 
  0.018841 ,  0.049736, 0.038864 
  0.016842 ,  0.049620, 0.033756 
  0.014848 ,  0.049192, 0.027009 
  0.012862 ,  0.048447, 0.019043 
  0.010885 ,  0.047382, 0.010361 
  0.008919 ,  0.046000, 0.001504 
  0.006966 ,  0.044303, -0.007001 
  0.005029 ,  0.042301, -0.014684 
  0.003109 ,  0.040002, -0.021170 
  0.001208 ,  0.037420, -0.026205 
  -0.000673 ,  0.034572, -0.029665 
  -0.002531 ,  0.031476, -0.031550 
  -0.004365 ,  0.028153, -0.031966 
  -0.006173 ,  0.024626, -0.031096 
  -0.007953 ,  0.020922, -0.029173 
  -0.009704 ,  0.017066, -0.026439 
  -0.011424 ,  0.013088, -0.023126 
  -0.013113 ,  0.009017, -0.019433 
  -0.014767 ,  0.004883, -0.015516 
  -0.016387 ,  0.000717, -0.011493 
  -0.017970 ,  -0.003450, -0.007448 
  -0.019515 ,  -0.007588, -0.003450 
  -0.021022 ,  -0.011666, 0.000434 
  -0.022488 ,  -0.015655, 0.004124 
  -0.023913 ,  -0.019528, 0.007523 
  -0.025296 ,  -0.023256, 0.010513 
  -0.026636 ,  -0.026816, 0.012969 
  -0.027932 ,  -0.030184, 0.014772 
  -0.029183 ,  -0.033339, 0.015828 
  -0.030388 ,  -0.036262, 0.016092 
  -0.031546 ,  -0.038939, 0.015579 
  -0.032658 ,  -0.041354, 0.014377 
  -0.033721 ,  -0.043497, 0.012641 
  -0.034736 ,  -0.045361, 0.010579 
  -0.035703 ,  -0.046940, 0.008433 
  -0.036620 ,  -0.048231, 0.006439 
  -0.037488 ,  -0.049236, 0.004801 
  -0.038307 ,  -0.049956, 0.003653 
  -0.039075 ,  -0.050397, 0.003036 
  -0.039793 ,  -0.050568, 0.002891 
  -0.040461 ,  -0.050478, 0.003059 
  -0.041079 ,  -0.050140, 0.003302 
  -0.041647 ,  -0.049568, 0.003341 
  -0.042165 ,  -0.048777, 0.002896 
  -0.042633 ,  -0.047784, 0.001739 
  -0.043052 ,  -0.046608, -0.000263 
  -0.043421 ,  -0.045268, -0.003114 
  -0.043742 ,  -0.043783, -0.006671 
  -0.044014 ,  -0.042174, -0.010648 
  -0.044239 ,  -0.040460, -0.014638 
  -0.044416 ,  -0.038662, -0.018165 
  -0.044546 ,  -0.036800, -0.020735 
  -0.044631 ,  -0.034891, -0.021909 
  -0.044670 ,  -0.032954, -0.021364 
  -0.044664 ,  -0.031007, -0.018949 
  -0.044615 ,  -0.029064, -0.014717 
  -0.044523 ,  -0.027141, -0.008938 
  -0.044389 ,  -0.025250, -0.002072 
  -0.044214 ,  -0.023402, 0.005263 
  -0.043999 ,  -0.021607, 0.012371 
  -0.043746 ,  -0.019874, 0.018548 
  -0.043454 ,  -0.018208, 0.023170 
  -0.043125 ,  -0.016613, 0.025768 
  -0.042762 ,  -0.015093, 0.026087 
  -0.042363 ,  -0.013648, 0.024119 
  -0.041932 ,  -0.012278, 0.020108 
  -0.041469 ,  -0.010982, 0.014519 
  -0.040975 ,  -0.009755, 0.007984 
  -0.040452 ,  -0.008593, 0.001226 
  -0.039901 ,  -0.007492, -0.005026 
  -0.039323 ,  -0.006444, -0.010128 
  -0.038721 ,  -0.005442, -0.013596 
  -0.038094 ,  -0.004479, -0.015155 
  -0.037446 ,  -0.003547, -0.014773 
  -0.036776 ,  -0.002638, -0.012655 
  -0.036087 ,  -0.001743, -0.009208 
  -0.035379 ,  -0.000854, -0.004982 
  -0.034656 ,  0.000035, -0.000601 
  -0.033917 ,  0.000932, 0.003324 
  -0.033164 ,  0.001844, 0.006271 
  -0.032399 ,  0.002776, 0.007867 
  -0.031623 ,  0.003733, 0.007934 
  -0.030838 ,  0.004719, 0.006501 
  -0.030046 ,  0.005737, 0.003791 
  -0.029246 ,  0.006788, 0.000187 
  -0.028442 ,  0.007874, -0.003826 
  -0.027634 ,  0.008993, -0.007728 
  -0.026824 ,  0.010145, -0.011029 
  -0.026013 ,  0.011326, -0.013330 
  -0.025202 ,  0.012533, -0.014372 
  -0.024394 ,  0.013762, -0.014056 
  -0.023588 ,  0.015007, -0.012448 
  -0.022787 ,  0.016261, -0.009761 
  -0.021992 ,  0.017519, -0.006318 
  -0.021204 ,  0.018772, -0.002502 
  -0.020423 ,  0.020013, 0.001292 
  -0.019653 ,  0.021234, 0.004708 
  -0.018892 ,  0.022427, 0.007470 
  -0.018144 ,  0.023584, 0.009406 
  -0.017408 ,  0.024696, 0.010459 
  -0.016686 ,  0.025756, 0.010676 
  -0.015978 ,  0.026758, 0.010194 
  -0.015286 ,  0.027693, 0.009202 
  -0.014611 ,  0.028557, 0.007914 
  -0.013953 ,  0.029343, 0.006529 
  -0.013314 ,  0.030047, 0.005208 
  -0.012693 ,  0.030666, 0.004056 
  -0.012093 ,  0.031196, 0.003115 
  -0.011513 ,  0.031636, 0.002372 
  -0.010954 ,  0.031984, 0.001772 
  -0.010417 ,  0.032242, 0.001238 
  -0.009902 ,  0.032410, 0.000696 
  -0.009411 ,  0.032489, 0.000098 
  -0.008942 ,  0.032482, -0.000571 
  -0.008498 ,  0.032393, -0.001279 
  -0.008078 ,  0.032226, -0.001955 
  -0.007682 ,  0.031985, -0.002502 
  -0.007310 ,  0.031675, -0.002810 
  -0.006964 ,  0.031302, -0.002784 
  -0.006643 ,  0.030871, -0.002365 
  -0.006347 ,  0.030388, -0.001544 
  -0.006077 ,  0.029858, -0.000375 
  -0.005832 ,  0.029287, 0.001022 
  -0.005612 ,  0.028679, 0.002478 
  -0.005418 ,  0.028041, 0.003784 
  -0.005249 ,  0.027375, 0.004724 
  -0.005105 ,  0.026685, 0.005100 
  -0.004985 ,  0.025974, 0.004762 
  -0.004891 ,  0.025244, 0.003630 
  -0.004820 ,  0.024496, 0.001714 
  -0.004774 ,  0.023731, -0.000883 
  -0.004751 ,  0.022947, -0.003972 
  -0.004751 ,  0.022144, -0.007291 
  -0.004774 ,  0.021319, -0.010533 
  -0.004819 ,  0.020469, -0.013380 
  -0.004886 ,  0.019589, -0.015532 
  -0.004974 ,  0.018675, -0.016748 
  -0.005082 ,  0.017723, -0.016865 
  -0.005210 ,  0.016725, -0.015821 
  -0.005358 ,  0.015676, -0.013662 
  -0.005524 ,  0.014569, -0.010535 
  -0.005707 ,  0.013397, -0.006673 
  -0.005908 ,  0.012155, -0.002375 
  -0.006125 ,  0.010836, 0.002033 
  -0.006357 ,  0.009434, 0.006224 
  -0.006603 ,  0.007944, 0.009905 
  -0.006864 ,  0.006361, 0.012843 
  -0.007137 ,  0.004681, 0.014883 
  -0.007422 ,  0.002902, 0.015961 
  -0.007717 ,  0.001023, 0.016098 
  -0.008023 ,  -0.000958, 0.015395 
  -0.008338 ,  -0.003039, 0.014009 
  -0.008661 ,  -0.005216, 0.012136 
  -0.008991 ,  -0.007487, 0.009983 
  -0.009327 ,  -0.009844, 0.007745 
  -0.009669 ,  -0.012281, 0.005585 
  -0.010014 ,  -0.014788, 0.003625 
  -0.010363 ,  -0.017354, 0.001934 
  -0.010714 ,  -0.019966, 0.000533 
  -0.011066 ,  -0.022611, -0.000595 
  -0.011418 ,  -0.025273, -0.001495 
  -0.011769 ,  -0.027935, -0.002223 
  -0.012118 ,  -0.030580, -0.002834 
  -0.012465 ,  -0.033187, -0.003366 
  -0.012807 ,  -0.035738, -0.003835 
  -0.013145 ,  -0.038212, -0.004236 
  -0.013478 ,  -0.040588, -0.004541 
  -0.013803 ,  -0.042845, -0.004716 
  -0.014121 ,  -0.044962, -0.004725 
  -0.014431 ,  -0.046919, -0.004547 
  -0.014731 ,  -0.048695, -0.004186 
  -0.015021 ,  -0.050271, -0.003677 
  -0.015299 ,  -0.051630, -0.003086 
  -0.015566 ,  -0.052754, -0.002505 
  -0.015820 ,  -0.053629, -0.002040 
  -0.016060 ,  -0.054240, -0.001795 
  -0.016286 ,  -0.054577, -0.001852 
  -0.016497 ,  -0.054631, -0.002257 
  -0.016693 ,  -0.054393, -0.003003 
  -0.016872 ,  -0.053861, -0.004026 
  -0.017034 ,  -0.053032, -0.005205 
  -0.017178 ,  -0.051907, -0.006372 
  -0.017304 ,  -0.050489, -0.007333 
  -0.017411 ,  -0.048786, -0.007890 
  -0.017499 ,  -0.046805, -0.007870 
  -0.017567 ,  -0.044558, -0.007156 
  -0.017615 ,  -0.042061, -0.005700 
  -0.017643 ,  -0.039328, -0.003544 
  -0.017649 ,  -0.036380, -0.000818 
  -0.017634 ,  -0.033238, 0.002265 
  -0.017597 ,  -0.029924, 0.005438 
  -0.017539 ,  -0.026463, 0.008404 
  -0.017458 ,  -0.022883, 0.010872 
  -0.017356 ,  -0.019210, 0.012597 
  -0.017231 ,  -0.015473, 0.013405 
  -0.017083 ,  -0.011701, 0.013224 
  -0.016913 ,  -0.007923, 0.012088 
  -0.016720 ,  -0.004168, 0.010134 
  -0.016504 ,  -0.000467, 0.007590 
  -0.016266 ,  0.003153, 0.004739 
  -0.016006 ,  0.006665, 0.001887 
  -0.015723 ,  0.010042, -0.000674 
  -0.015418 ,  0.013259, -0.002708 
  -0.015091 ,  0.016293, -0.004060 
  -0.014743 ,  0.019124, -0.004672 
  -0.014373 ,  0.021732, -0.004584 
  -0.013982 ,  0.024102, -0.003929 
  -0.013570 ,  0.026220, -0.002900 
  -0.013138 ,  0.028075, -0.001726 
  -0.012686 ,  0.029658, -0.000632 
  -0.012215 ,  0.030966, 0.000195 
  -0.011724 ,  0.031995, 0.000630 
  -0.011215 ,  0.032746, 0.000623 
  -0.010688 ,  0.033224, 0.000210 
  -0.010144 ,  0.033434, -0.000509 
  -0.009583 ,  0.033387, -0.001381 
  -0.009006 ,  0.033093, -0.002237 
  -0.008413 ,  0.032567, -0.002919 
  -0.007806 ,  0.031825, -0.003309 
  -0.007184 ,  0.030886, -0.003349 
  -0.006550 ,  0.029771, -0.003048 
  -0.005902 ,  0.028500, -0.002483 
  -0.005243 ,  0.027097, -0.001778 
  -0.004573 ,  0.025586, -0.001084 
  -0.003893 ,  0.023990, -0.000545 
  -0.003203 ,  0.022336, -0.000273 
  -0.002505 ,  0.020647, -0.000321 
  -0.001800 ,  0.018947, -0.000673 
  -0.001087 ,  0.017262, -0.001244 
  -0.000369 ,  0.015612, -0.001888 
  0.000354 ,  0.014021, -0.002431 
  0.001082 ,  0.012509, -0.002695 
  0.001812 ,  0.011094, -0.002538 
  0.002545 ,  0.009792, -0.001881 
  0.003279 ,  0.008619, -0.000734 
  0.004014 ,  0.007587, 0.000803 
  0.004748 ,  0.006706, 0.002542 
  0.005480 ,  0.005984, 0.004236 
  0.006210 ,  0.005426, 0.005613 
  0.006937 ,  0.005035, 0.006422 
  0.007660 ,  0.004811, 0.006471 
  0.008377 ,  0.004752, 0.005671 
  0.009089 ,  0.004853, 0.004055 
  0.009794 ,  0.005106, 0.001784 
  0.010490 ,  0.005504, -0.000867 
  0.011179 ,  0.006034, -0.003545 
  0.011857 ,  0.006683, -0.005864 
  0.012526 ,  0.007438, -0.007463 
  0.013183 ,  0.008281, -0.008064 
  0.013828 ,  0.009196, -0.007517 
  0.014460 ,  0.010163, -0.005828 
  0.015079 ,  0.011165, -0.003173 
  0.015684 ,  0.012182, 0.000125 
  0.016273 ,  0.013194, 0.003632 
  0.016847 ,  0.014183, 0.006860 
  0.017404 ,  0.015128, 0.009340 
  0.017944 ,  0.016012, 0.010685 
  0.018467 ,  0.016818, 0.010653 
  0.018971 ,  0.017528, 0.009187 
  0.019456 ,  0.018128, 0.006430 
  0.019921 ,  0.018605, 0.002714 
  0.020367 ,  0.018946, -0.001483 
  0.020792 ,  0.019141, -0.005597 
  0.021196 ,  0.019183, -0.009052 
  0.021578 ,  0.019064, -0.011346 
  0.021939 ,  0.018781, -0.012117 
  0.022278 ,  0.018333, -0.011197 
  0.022594 ,  0.017718, -0.008643 
  0.022887 ,  0.016939, -0.004732 
  0.023157 ,  0.016001, 0.000072 
  0.023403 ,  0.014909, 0.005176 
  0.023626 ,  0.013672, 0.009936 
  0.023825 ,  0.012299, 0.013740 
  0.024001 ,  0.010803, 0.016088 
  0.024152 ,  0.009195, 0.016659 
  0.024279 ,  0.007490, 0.015349 
  0.024382 ,  0.005703, 0.012285 
  0.024461 ,  0.003849, 0.007805 
  0.024515 ,  0.001947, 0.002411 
  0.024546 ,  0.000012, -0.003295 
