   12m__16m 
  0.013748 ,  0.009287, -0.011884 
  0.014098 ,  0.010542, -0.008876 
  0.014450 ,  0.011711, -0.005711 
  0.014803 ,  0.012780, -0.002697 
  0.015156 ,  0.013731, -0.000089 
  0.015511 ,  0.014551, 0.001942 
  0.015867 ,  0.015226, 0.003338 
  0.016224 ,  0.015744, 0.004150 
  0.016580 ,  0.016096, 0.004532 
  0.016938 ,  0.016272, 0.004707 
  0.017295 ,  0.016266, 0.004928 
  0.017652 ,  0.016074, 0.005430 
  0.018009 ,  0.015693, 0.006387 
  0.018366 ,  0.015124, 0.007876 
  0.018721 ,  0.014370, 0.009859 
  0.019076 ,  0.013434, 0.012179 
  0.019430 ,  0.012324, 0.014581 
  0.019782 ,  0.011050, 0.016740 
  0.020133 ,  0.009624, 0.018312 
  0.020482 ,  0.008059, 0.018982 
  0.020829 ,  0.006372, 0.018510 
  0.021174 ,  0.004581, 0.016768 
  0.021516 ,  0.002705, 0.013766 
  0.021855 ,  0.000765, 0.009650 
  0.022191 ,  -0.001215, 0.004691 
  0.022524 ,  -0.003214, -0.000751 
  0.022853 ,  -0.005205, -0.006267 
  0.023179 ,  -0.007165, -0.011451 
  0.023500 ,  -0.009069, -0.015941 
  0.023816 ,  -0.010892, -0.019462 
  0.024128 ,  -0.012610, -0.021845 
  0.024435 ,  -0.014199, -0.023035 
  0.024736 ,  -0.015638, -0.023081 
  0.025032 ,  -0.016906, -0.022117 
  0.025322 ,  -0.017982, -0.020325 
  0.025605 ,  -0.018850, -0.017903 
  0.025882 ,  -0.019495, -0.015035 
  0.026151 ,  -0.019904, -0.011869 
  0.026414 ,  -0.020068, -0.008501 
  0.026668 ,  -0.019978, -0.004987 
  0.026915 ,  -0.019631, -0.001350 
  0.027154 ,  -0.019025, 0.002394 
  0.027383 ,  -0.018162, 0.006210 
  0.027604 ,  -0.017048, 0.010024 
  0.027816 ,  -0.015690, 0.013705 
  0.028018 ,  -0.014100, 0.017064 
  0.028209 ,  -0.012292, 0.019867 
  0.028391 ,  -0.010283, 0.021857 
  0.028561 ,  -0.008092, 0.022790 
  0.028721 ,  -0.005743, 0.022475 
  0.028869 ,  -0.003259, 0.020806 
  0.029005 ,  -0.000667, 0.017798 
  0.029129 ,  0.002005, 0.013593 
  0.029241 ,  0.004727, 0.008463 
  0.029339 ,  0.007469, 0.002787 
  0.029425 ,  0.010199, -0.002990 
  0.029497 ,  0.012887, -0.008398 
  0.029555 ,  0.015500, -0.013004 
  0.029598 ,  0.018008, -0.016456 
  0.029628 ,  0.020381, -0.018526 
  0.029642 ,  0.022590, -0.019136 
  0.029641 ,  0.024607, -0.018358 
  0.029624 ,  0.026408, -0.016400 
  0.029591 ,  0.027969, -0.013572 
  0.029542 ,  0.029270, -0.010239 
  0.029477 ,  0.030292, -0.006770 
  0.029395 ,  0.031023, -0.003486 
  0.029295 ,  0.031449, -0.000623 
  0.029178 ,  0.031564, 0.001693 
  0.029044 ,  0.031363, 0.003453 
  0.028891 ,  0.030845, 0.004745 
  0.028720 ,  0.030014, 0.005729 
  0.028530 ,  0.028875, 0.006591 
  0.028322 ,  0.027439, 0.007499 
  0.028094 ,  0.025719, 0.008563 
  0.027847 ,  0.023732, 0.009804 
  0.027581 ,  0.021499, 0.011141 
  0.027295 ,  0.019043, 0.012399 
  0.026988 ,  0.016388, 0.013332 
  0.026662 ,  0.013563, 0.013660 
  0.026316 ,  0.010598, 0.013125 
  0.025949 ,  0.007523, 0.011533 
  0.025561 ,  0.004373, 0.008799 
  0.025152 ,  0.001180, 0.004975 
  0.024723 ,  -0.002021, 0.000258 
  0.024272 ,  -0.005197, -0.005021 
  0.023801 ,  -0.008314, -0.010434 
  0.023308 ,  -0.011338, -0.015500 
  0.022794 ,  -0.014239, -0.019744 
  0.022259 ,  -0.016987, -0.022758 
  0.021702 ,  -0.019552, -0.024248 
  0.021124 ,  -0.021910, -0.024076 
  0.020524 ,  -0.024037, -0.022271 
  0.019904 ,  -0.025913, -0.019027 
  0.019261 ,  -0.027521, -0.014675 
  0.018598 ,  -0.028847, -0.009638 
  0.017913 ,  -0.029881, -0.004377 
  0.017208 ,  -0.030616, 0.000666 
  0.016481 ,  -0.031049, 0.005122 
  0.015734 ,  -0.031180, 0.008734 
  0.014965 ,  -0.031015, 0.011379 
  0.014177 ,  -0.030560, 0.013069 
  0.013368 ,  -0.029827, 0.013938 
  0.012538 ,  -0.028831, 0.014205 
  0.011689 ,  -0.027590, 0.014130 
  0.010820 ,  -0.026123, 0.013969 
  0.009932 ,  -0.024454, 0.013927 
  0.009024 ,  -0.022609, 0.014128 
  0.008098 ,  -0.020613, 0.014592 
  0.007153 ,  -0.018497, 0.015235 
  0.006190 ,  -0.016289, 0.015885 
  0.005210 ,  -0.014020, 0.016306 
  0.004211 ,  -0.011721, 0.016239 
  0.003196 ,  -0.009422, 0.015440 
  0.002165 ,  -0.007153, 0.013723 
  0.001117 ,  -0.004944, 0.010986 
  0.000054 ,  -0.002823, 0.007232 
  -0.001025 ,  -0.000814, 0.002573 
  -0.002118 ,  0.001056, -0.002778 
  -0.003225 ,  0.002767, -0.008530 
  -0.004346 ,  0.004300, -0.014341 
  -0.005480 ,  0.005637, -0.019853 
  -0.006626 ,  0.006766, -0.024726 
  -0.007785 ,  0.007676, -0.028666 
  -0.008954 ,  0.008360, -0.031445 
  -0.010133 ,  0.008815, -0.032915 
  -0.011323 ,  0.009041, -0.033011 
  -0.012522 ,  0.009041, -0.031747 
  -0.013729 ,  0.008822, -0.029203 
  -0.014944 ,  0.008393, -0.025514 
  -0.016167 ,  0.007766, -0.020853 
  -0.017395 ,  0.006958, -0.015419 
  -0.018629 ,  0.005987, -0.009423 
  -0.019868 ,  0.004872, -0.003087 
  -0.021111 ,  0.003637, 0.003369 
  -0.022357 ,  0.002304, 0.009725 
  -0.023605 ,  0.000900, 0.015762 
  -0.024855 ,  -0.000549, 0.021271 
  -0.026106 ,  -0.002017, 0.026052 
  -0.027357 ,  -0.003477, 0.029926 
  -0.028606 ,  -0.004902, 0.032736 
  -0.029854 ,  -0.006267, 0.034366 
  -0.031099 ,  -0.007545, 0.034743 
  -0.032340 ,  -0.008714, 0.033844 
  -0.033577 ,  -0.009751, 0.031706 
  -0.034809 ,  -0.010636, 0.028418 
  -0.036034 ,  -0.011351, 0.024123 
  -0.037252 ,  -0.011882, 0.019007 
  -0.038461 ,  -0.012214, 0.013286 
  -0.039662 ,  -0.012340, 0.007195 
  -0.040853 ,  -0.012251, 0.000975 
  -0.042032 ,  -0.011944, -0.005140 
  -0.043200 ,  -0.011419, -0.010932 
  -0.044355 ,  -0.010678, -0.016205 
  -0.045496 ,  -0.009727, -0.020788 
  -0.046623 ,  -0.008574, -0.024539 
  -0.047734 ,  -0.007230, -0.027342 
  -0.048828 ,  -0.005710, -0.029109 
  -0.049906 ,  -0.004030, -0.029779 
  -0.050964 ,  -0.002209, -0.029325 
  -0.052004 ,  -0.000267, -0.027752 
  -0.053023 ,  0.001774, -0.025107 
  -0.054022 ,  0.003889, -0.021485 
  -0.054998 ,  0.006055, -0.017026 
  -0.055952 ,  0.008247, -0.011923 
  -0.056882 ,  0.010439, -0.006414 
  -0.057787 ,  0.012605, -0.000770 
  -0.058667 ,  0.014722, 0.004715 
  -0.059521 ,  0.016765, 0.009746 
  -0.060348 ,  0.018711, 0.014050 
  -0.061147 ,  0.020539, 0.017395 
  -0.061917 ,  0.022230, 0.019613 
  -0.062658 ,  0.023765, 0.020616 
  -0.063369 ,  0.025129, 0.020400 
  -0.064049 ,  0.026308, 0.019047 
  -0.064698 ,  0.027293, 0.016716 
  -0.065314 ,  0.028074, 0.013627 
  -0.065898 ,  0.028648, 0.010040 
  -0.066447 ,  0.029011, 0.006227 
  -0.066963 ,  0.029163, 0.002451 
  -0.067443 ,  0.029107, -0.001057 
  -0.067889 ,  0.028850, -0.004115 
  -0.068298 ,  0.028398, -0.006595 
  -0.068670 ,  0.027761, -0.008429 
  -0.069006 ,  0.026954, -0.009600 
  -0.069304 ,  0.025988, -0.010133 
  -0.069565 ,  0.024881, -0.010081 
  -0.069786 ,  0.023650, -0.009512 
  -0.069969 ,  0.022311, -0.008497 
  -0.070113 ,  0.020886, -0.007102 
  -0.070218 ,  0.019392, -0.005384 
  -0.070282 ,  0.017849, -0.003396 
  -0.070307 ,  0.016277, -0.001190 
  -0.070291 ,  0.014693, 0.001174 
  -0.070235 ,  0.013116, 0.003621 
  -0.070137 ,  0.011563, 0.006054 
  -0.069999 ,  0.010048, 0.008355 
  -0.069820 ,  0.008586, 0.010388 
  -0.069600 ,  0.007189, 0.012005 
  -0.069339 ,  0.005865, 0.013065 
  -0.069036 ,  0.004624, 0.013448 
  -0.068693 ,  0.003471, 0.013066 
  -0.068308 ,  0.002409, 0.011887 
  -0.067882 ,  0.001439, 0.009935 
  -0.067415 ,  0.000561, 0.007299 
  -0.066907 ,  -0.000230, 0.004127 
  -0.066359 ,  -0.000939, 0.000613 
  -0.065771 ,  -0.001573, -0.003015 
  -0.065142 ,  -0.002142, -0.006524 
  -0.064473 ,  -0.002656, -0.009688 
  -0.063765 ,  -0.003128, -0.012316 
  -0.063018 ,  -0.003571, -0.014267 
  -0.062232 ,  -0.003999, -0.015454 
  -0.061407 ,  -0.004426, -0.015858 
  -0.060545 ,  -0.004868, -0.015514 
  -0.059645 ,  -0.005340, -0.014508 
  -0.058708 ,  -0.005855, -0.012961 
  -0.057735 ,  -0.006427, -0.011013 
  -0.056726 ,  -0.007069, -0.008806 
  -0.055681 ,  -0.007792, -0.006474 
  -0.054603 ,  -0.008605, -0.004128 
  -0.053490 ,  -0.009516, -0.001856 
  -0.052344 ,  -0.010531, 0.000281 
  -0.051166 ,  -0.011653, 0.002246 
  -0.049956 ,  -0.012883, 0.004018 
  -0.048715 ,  -0.014220, 0.005589 
  -0.047444 ,  -0.015659, 0.006950 
  -0.046144 ,  -0.017193, 0.008094 
  -0.044815 ,  -0.018812, 0.009008 
  -0.043459 ,  -0.020506, 0.009674 
  -0.042077 ,  -0.022259, 0.010072 
  -0.040669 ,  -0.024054, 0.010182 
  -0.039236 ,  -0.025873, 0.009988 
  -0.037779 ,  -0.027694, 0.009486 
  -0.036300 ,  -0.029496, 0.008683 
  -0.034800 ,  -0.031253, 0.007601 
  -0.033279 ,  -0.032942, 0.006275 
  -0.031738 ,  -0.034537, 0.004755 
  -0.030179 ,  -0.036011, 0.003100 
  -0.028602 ,  -0.037340, 0.001376 
  -0.027010 ,  -0.038498, -0.000346 
  -0.025402 ,  -0.039460, -0.001995 
  -0.023781 ,  -0.040203, -0.003502 
  -0.022146 ,  -0.040707, -0.004798 
  -0.020500 ,  -0.040950, -0.005823 
  -0.018844 ,  -0.040917, -0.006522 
  -0.017178 ,  -0.040593, -0.006850 
  -0.015505 ,  -0.039966, -0.006776 
  -0.013824 ,  -0.039028, -0.006287 
  -0.012138 ,  -0.037775, -0.005392 
  -0.010448 ,  -0.036205, -0.004129 
  -0.008754 ,  -0.034321, -0.002560 
  -0.007059 ,  -0.032129, -0.000780 
  -0.005362 ,  -0.029639, 0.001092 
  -0.003666 ,  -0.026866, 0.002920 
  -0.001972 ,  -0.023827, 0.004559 
  -0.000281 ,  -0.020544, 0.005870 
  0.001407 ,  -0.017040, 0.006735 
  0.003089 ,  -0.013345, 0.007069 
  0.004764 ,  -0.009489, 0.006829 
  0.006432 ,  -0.005504, 0.006027 
  0.008091 ,  -0.001427, 0.004723 
  0.009740 ,  0.002705, 0.003025 
  0.011378 ,  0.006855, 0.001073 
  0.013004 ,  0.010982, -0.000973 
  0.014616 ,  0.015047, -0.002959 
  0.016214 ,  0.019011, -0.004746 
  0.017796 ,  0.022834, -0.006237 
  0.019361 ,  0.026478, -0.007377 
  0.020908 ,  0.029907, -0.008164 
  0.022437 ,  0.033087, -0.008639 
  0.023945 ,  0.035985, -0.008879 
  0.025433 ,  0.038573, -0.008973 
  0.026899 ,  0.040826, -0.009007 
  0.028342 ,  0.042720, -0.009041 
  0.029761 ,  0.044237, -0.009093 
  0.031155 ,  0.045365, -0.009131 
  0.032524 ,  0.046093, -0.009070 
  0.033866 ,  0.046415, -0.008785 
  0.035181 ,  0.046332, -0.008125 
  0.036468 ,  0.045848, -0.006944 
  0.037726 ,  0.044971, -0.005120 
  0.038955 ,  0.043714, -0.002588 
  0.040153 ,  0.042096, 0.000639 
  0.041320 ,  0.040137, 0.004462 
  0.042455 ,  0.037863, 0.008692 
  0.043558 ,  0.035304, 0.013062 
  0.044628 ,  0.032491, 0.017251 
  0.045664 ,  0.029460, 0.020918 
  0.046667 ,  0.026247, 0.023736 
  0.047635 ,  0.022893, 0.025431 
  0.048567 ,  0.019438, 0.025816 
  0.049465 ,  0.015923, 0.024812 
  0.050327 ,  0.012390, 0.022463 
  0.051152 ,  0.008881, 0.018927 
  0.051941 ,  0.005436, 0.014466 
  0.052694 ,  0.002094, 0.009412 
  0.053409 ,  -0.001105, 0.004133 
  0.054087 ,  -0.004127, -0.001007 
  0.054728 ,  -0.006940, -0.005685 
  0.055332 ,  -0.009512, -0.009653 
  0.055897 ,  -0.011819, -0.012757 
  0.056426 ,  -0.013837, -0.014945 
  0.056916 ,  -0.015548, -0.016267 
  0.057369 ,  -0.016937, -0.016851 
  0.057784 ,  -0.017996, -0.016883 
  0.058161 ,  -0.018719, -0.016576 
  0.058502 ,  -0.019104, -0.016133 
  0.058804 ,  -0.019156, -0.015723 
  0.059070 ,  -0.018884, -0.015455 
  0.059299 ,  -0.018299, -0.015366 
  0.059492 ,  -0.017417, -0.015418 
  0.059648 ,  -0.016260, -0.015507 
  0.059768 ,  -0.014851, -0.015473 
  0.059852 ,  -0.013218, -0.015131 
  0.059902 ,  -0.011388, -0.014289 
  0.059916 ,  -0.009395, -0.012778 
  0.059896 ,  -0.007273, -0.010476 
  0.059843 ,  -0.005055, -0.007323 
  0.059756 ,  -0.002779, -0.003339 
  0.059636 ,  -0.000480, 0.001375 
  0.059484 ,  0.001805, 0.006640 
  0.059300 ,  0.004042, 0.012205 
  0.059086 ,  0.006197, 0.017762 
  0.058841 ,  0.008236, 0.022970 
  0.058566 ,  0.010130, 0.027477 
  0.058262 ,  0.011850, 0.030945 
  0.057931 ,  0.013372, 0.033077 
  0.057571 ,  0.014675, 0.033641 
  0.057185 ,  0.015740, 0.032495 
  0.056774 ,  0.016552, 0.029604 
  0.056337 ,  0.017101, 0.025050 
  0.055876 ,  0.017382, 0.019035 
  0.055391 ,  0.017390, 0.011876 
  0.054884 ,  0.017128, 0.003988 
  0.054355 ,  0.016602, -0.004143 
  0.053805 ,  0.015821, -0.011997 
  0.053236 ,  0.014798, -0.019055 
  0.052647 ,  0.013550, -0.024849 
  0.052041 ,  0.012097, -0.029002 
  0.051417 ,  0.010461, -0.031258 
  0.050777 ,  0.008669, -0.031516 
  0.050122 ,  0.006747, -0.029835 
  0.049453 ,  0.004724, -0.026428 
  0.048771 ,  0.002631, -0.021645 
  0.048076 ,  0.000498, -0.015935 
  0.047370 ,  -0.001643, -0.009798 
  0.046653 ,  -0.003762, -0.003737 
  0.045927 ,  -0.005828, 0.001799 
  0.045193 ,  -0.007812, 0.006453 
  0.044451 ,  -0.009686, 0.009995 
  0.043702 ,  -0.011425, 0.012338 
  0.042948 ,  -0.013005, 0.013531 
  0.042189 ,  -0.014408, 0.013741 
  0.041427 ,  -0.015614, 0.013215 
  0.040662 ,  -0.016610, 0.012239 
  0.039895 ,  -0.017385, 0.011088 
  0.039127 ,  -0.017933, 0.009982 
  0.038359 ,  -0.018251, 0.009059 
  0.037592 ,  -0.018338, 0.008354 
  0.036827 ,  -0.018199, 0.007805 
  0.036064 ,  -0.017842, 0.007269 
  0.035305 ,  -0.017279, 0.006556 
  0.034550 ,  -0.016524, 0.005474 
  0.033800 ,  -0.015596, 0.003870 
  0.033056 ,  -0.014514, 0.001672 
  0.032318 ,  -0.013303, -0.001091 
  0.031588 ,  -0.011987, -0.004273 
  0.030867 ,  -0.010594, -0.007628 
  0.030153 ,  -0.009150, -0.010834 
  0.029450 ,  -0.007686, -0.013539 
  0.028756 ,  -0.006231, -0.015412 
  0.028074 ,  -0.004814, -0.016195 
  0.027402 ,  -0.003462, -0.015742 
  0.026743 ,  -0.002204, -0.014056 
  0.026096 ,  -0.001065, -0.011285 
  0.025463 ,  -0.000069, -0.007719 
  0.024842 ,  0.000762, -0.003744 
  0.024236 ,  0.001410, 0.000202 
  0.023644 ,  0.001859, 0.003691 
  0.023068 ,  0.002096, 0.006370 
  0.022506 ,  0.002114, 0.008002 
  0.021960 ,  0.001906, 0.008509 
  0.021430 ,  0.001473, 0.007973 
  0.020916 ,  0.000815, 0.006631 
  0.020419 ,  -0.000059, 0.004829 
  0.019938 ,  -0.001139, 0.002971 
  0.019475 ,  -0.002412, 0.001458 
  0.019028 ,  -0.003859, 0.000615 
  0.018599 ,  -0.005459, 0.000648 
  0.018186 ,  -0.007187, 0.001602 
  0.017792 ,  -0.009017, 0.003355 
  0.017414 ,  -0.010920, 0.005632 
  0.017054 ,  -0.012865, 0.008048 
  0.016712 ,  -0.014817, 0.010166 
  0.016387 ,  -0.016745, 0.011567 
  0.016079 ,  -0.018613, 0.011917 
  0.015788 ,  -0.020387, 0.011025 
  0.015514 ,  -0.022034, 0.008876 
  0.015257 ,  -0.023521, 0.005644 
  0.015017 ,  -0.024816, 0.001668 
  0.014793 ,  -0.025891, -0.002588 
  0.014585 ,  -0.026718, -0.006606 
  0.014393 ,  -0.027274, -0.009884 
  0.014216 ,  -0.027538, -0.012014 
  0.014055 ,  -0.027493, -0.012743 
  0.013908 ,  -0.027126, -0.012013 
  0.013775 ,  -0.026428, -0.009972 
  0.013657 ,  -0.025394, -0.006956 
  0.013552 ,  -0.024024, -0.003442 
  0.013460 ,  -0.022323, 0.000019 
  0.013381 ,  -0.020299, 0.002885 
  0.013313 ,  -0.017967, 0.004701 
  0.013257 ,  -0.015343, 0.005164 
  0.013212 ,  -0.012451, 0.004176 
  0.013177 ,  -0.009315, 0.001854 
  0.013152 ,  -0.005965, -0.001482 
  0.013136 ,  -0.002435, -0.005353 
  0.013129 ,  0.001240, -0.009188 
  0.013129 ,  0.005022, -0.012407 
  0.013136 ,  0.008871, -0.014504 
  0.013150 ,  0.012746, -0.015117 
  0.013169 ,  0.016603, -0.014080 
  0.013194 ,  0.020400, -0.011448 
  0.013222 ,  0.024094, -0.007489 
  0.013255 ,  0.027645, -0.002646 
  0.013290 ,  0.031010, 0.002526 
  0.013327 ,  0.034152, 0.007435 
  0.013366 ,  0.037035, 0.011536 
  0.013405 ,  0.039624, 0.014400 
  0.013444 ,  0.041891, 0.015773 
  0.013482 ,  0.043808, 0.015601 
  0.013519 ,  0.045354, 0.014033 
  0.013553 ,  0.046510, 0.011393 
  0.013583 ,  0.047263, 0.008124 
  0.013610 ,  0.047605, 0.004726 
  0.013632 ,  0.047532, 0.001676 
  0.013649 ,  0.047046, -0.000631 
  0.013659 ,  0.046153, -0.001940 
  0.013662 ,  0.044865, -0.002167 
  0.013658 ,  0.043197, -0.001396 
  0.013645 ,  0.041171, 0.000136 
  0.013622 ,  0.038812, 0.002086 
  0.013590 ,  0.036148, 0.004058 
  0.013548 ,  0.033212, 0.005672 
  0.013494 ,  0.030040, 0.006615 
  0.013428 ,  0.026670, 0.006690 
  0.013349 ,  0.023142, 0.005842 
  0.013257 ,  0.019500, 0.004158 
  0.013151 ,  0.015787, 0.001852 
  0.013031 ,  0.012045, -0.000779 
  0.012896 ,  0.008320, -0.003396 
  0.012745 ,  0.004655, -0.005680 
  0.012578 ,  0.001092, -0.007375 
  0.012394 ,  -0.002330, -0.008329 
  0.012193 ,  -0.005571, -0.008512 
  0.011974 ,  -0.008596, -0.008014 
  0.011737 ,  -0.011373, -0.007027 
  0.011481 ,  -0.013873, -0.005810 
  0.011206 ,  -0.016072, -0.004640 
  0.010912 ,  -0.017948, -0.003767 
  0.010598 ,  -0.019487, -0.003371 
  0.010264 ,  -0.020677, -0.003531 
  0.009910 ,  -0.021512, -0.004209 
  0.009535 ,  -0.021990, -0.005258 
  0.009139 ,  -0.022114, -0.006445 
  0.008722 ,  -0.021893, -0.007484 
  0.008283 ,  -0.021339, -0.008088 
  0.007823 ,  -0.020470, -0.008009 
  0.007342 ,  -0.019307, -0.007086 
  0.006839 ,  -0.017877, -0.005269 
  0.006313 ,  -0.016206, -0.002634 
  0.005767 ,  -0.014329, 0.000619 
  0.005198 ,  -0.012278, 0.004197 
  0.004608 ,  -0.010092, 0.007746 
  0.003995 ,  -0.007809, 0.010896 
  0.003362 ,  -0.005468, 0.013314 
  0.002706 ,  -0.003110, 0.014745 
  0.002029 ,  -0.000774, 0.015045 
  0.001332 ,  0.001499, 0.014200 
  0.000613 ,  0.003671, 0.012325 
  -0.000127 ,  0.005705, 0.009649 
  -0.000887 ,  0.007566, 0.006481 
  -0.001667 ,  0.009222, 0.003172 
  -0.002467 ,  0.010644, 0.000069 
  -0.003286 ,  0.011805, -0.002531 
  -0.004124 ,  0.012684, -0.004412 
  -0.004981 ,  0.013263, -0.005462 
  -0.005856 ,  0.013527, -0.005685 
  -0.006749 ,  0.013468, -0.005188 
  -0.007659 ,  0.013081, -0.004165 
  -0.008585 ,  0.012366, -0.002862 
  -0.009528 ,  0.011326, -0.001542 
  -0.010485 ,  0.009973, -0.000447 
  -0.011458 ,  0.008318, 0.000232 
  -0.012445 ,  0.006380, 0.000383 
  -0.013445 ,  0.004180, -0.000020 
  -0.014458 ,  0.001745, -0.000913 
  -0.015483 ,  -0.000898, -0.002156 
  -0.016520 ,  -0.003715, -0.003556 
  -0.017567 ,  -0.006674, -0.004889 
  -0.018624 ,  -0.009737, -0.005933 
  -0.019690 ,  -0.012867, -0.006499 
  -0.020764 ,  -0.016024, -0.006446 
  -0.021845 ,  -0.019168, -0.005703 
  -0.022933 ,  -0.022260, -0.004273 
  -0.024027 ,  -0.025260, -0.002231 
  -0.025125 ,  -0.028129, 0.000285 
  -0.026227 ,  -0.030832, 0.003088 
  -0.027332 ,  -0.033333, 0.005963 
  -0.028439 ,  -0.035598, 0.008684 
  -0.029548 ,  -0.037599, 0.011034 
  -0.030656 ,  -0.039308, 0.012818 
  -0.031764 ,  -0.040703, 0.013878 
  -0.032869 ,  -0.041763, 0.014098 
  -0.033973 ,  -0.042472, 0.013408 
  -0.035072 ,  -0.042821, 0.011792 
  -0.036167 ,  -0.042801, 0.009282 
  -0.037256 ,  -0.042409, 0.005959 
  -0.038339 ,  -0.041647, 0.001953 
  -0.039414 ,  -0.040522, -0.002561 
  -0.040481 ,  -0.039042, -0.007365 
  -0.041538 ,  -0.037223, -0.012208 
  -0.042584 ,  -0.035081, -0.016812 
  -0.043620 ,  -0.032639, -0.020885 
  -0.044643 ,  -0.029922, -0.024138 
  -0.045652 ,  -0.026956, -0.026306 
  -0.046647 ,  -0.023773, -0.027168 
  -0.047628 ,  -0.020405, -0.026569 
  -0.048592 ,  -0.016886, -0.024442 
  -0.049538 ,  -0.013252, -0.020819 
  -0.050467 ,  -0.009539, -0.015841 
  -0.051378 ,  -0.005785, -0.009754 
  -0.052268 ,  -0.002025, -0.002899 
  -0.053138 ,  0.001703, 0.004312 
  -0.053986 ,  0.005364, 0.011427 
  -0.054812 ,  0.008924, 0.017989 
  -0.055616 ,  0.012350, 0.023578 
  -0.056395 ,  0.015613, 0.027845 
  -0.057150 ,  0.018684, 0.030543 
  -0.057879 ,  0.021538, 0.031550 
  -0.058582 ,  0.024153, 0.030878 
  -0.059259 ,  0.026511, 0.028669 
  -0.059908 ,  0.028595, 0.025173 
  -0.060529 ,  0.030394, 0.020726 
  -0.061121 ,  0.031898, 0.015707 
  -0.061684 ,  0.033104, 0.010506 
  -0.062216 ,  0.034009, 0.005478 
  -0.062719 ,  0.034617, 0.000916 
  -0.063190 ,  0.034932, -0.002977 
  -0.063629 ,  0.034964, -0.006090 
  -0.064037 ,  0.034724, -0.008411 
  -0.064412 ,  0.034227, -0.010010 
  -0.064755 ,  0.033490, -0.011013 
  -0.065064 ,  0.032534, -0.011580 
  -0.065339 ,  0.031380, -0.011869 
  -0.065581 ,  0.030050, -0.012015 
  -0.065788 ,  0.028571, -0.012108 
  -0.065961 ,  0.026967, -0.012185 
  -0.066099 ,  0.025264, -0.012229 
  -0.066202 ,  0.023489, -0.012183 
  -0.066270 ,  0.021668, -0.011963 
  -0.066303 ,  0.019826, -0.011487 
  -0.066301 ,  0.017990, -0.010692 
  -0.066263 ,  0.016182, -0.009558 
  -0.066190 ,  0.014425, -0.008113 
  -0.066081 ,  0.012739, -0.006442 
  -0.065937 ,  0.011145, -0.004675 
  -0.065758 ,  0.009657, -0.002971 
  -0.065543 ,  0.008292, -0.001492 
  -0.065293 ,  0.007060, -0.000384 
  -0.065009 ,  0.005971, 0.000257 
  -0.064689 ,  0.005032, 0.000396 
  -0.064335 ,  0.004248, 0.000075 
  -0.063947 ,  0.003620, -0.000592 
  -0.063524 ,  0.003146, -0.001432 
  -0.063068 ,  0.002824, -0.002230 
  -0.062579 ,  0.002648, -0.002766 
  -0.062056 ,  0.002610, -0.002841 
  -0.061501 ,  0.002699, -0.002311 
  -0.060914 ,  0.002905, -0.001108 
  -0.060295 ,  0.003212, 0.000748 
  -0.059645 ,  0.003606, 0.003145 
  -0.058964 ,  0.004071, 0.005895 
  -0.058253 ,  0.004590, 0.008755 
  -0.057512 ,  0.005145, 0.011461 
  -0.056742 ,  0.005717, 0.013760 
  -0.055943 ,  0.006290, 0.015445 
  -0.055117 ,  0.006844, 0.016383 
  -0.054264 ,  0.007362, 0.016524 
  -0.053384 ,  0.007828, 0.015911 
  -0.052478 ,  0.008224, 0.014667 
  -0.051547 ,  0.008537, 0.012973 
  -0.050592 ,  0.008753, 0.011038 
  -0.049613 ,  0.008859, 0.009069 
  -0.048611 ,  0.008846, 0.007237 
  -0.047587 ,  0.008704, 0.005655 
  -0.046542 ,  0.008428, 0.004361 
  -0.045476 ,  0.008012, 0.003322 
  -0.044391 ,  0.007454, 0.002442 
  -0.043287 ,  0.006752, 0.001582 
  -0.042165 ,  0.005909, 0.000593 
  -0.041026 ,  0.004928, -0.000657 
  -0.039871 ,  0.003814, -0.002256 
  -0.038701 ,  0.002574, -0.004225 
  -0.037516 ,  0.001217, -0.006513 
  -0.036317 ,  -0.000247, -0.009002 
  -0.035106 ,  -0.001805, -0.011522 
  -0.033883 ,  -0.003444, -0.013875 
  -0.032650 ,  -0.005150, -0.015871 
  -0.031406 ,  -0.006907, -0.017354 
  -0.030154 ,  -0.008699, -0.018228 
  -0.028893 ,  -0.010509, -0.018474 
  -0.027626 ,  -0.012321, -0.018151 
  -0.026352 ,  -0.014116, -0.017384 
  -0.025073 ,  -0.015878, -0.016342 
  -0.023789 ,  -0.017589, -0.015205 
  -0.022502 ,  -0.019234, -0.014127 
  -0.021213 ,  -0.020795, -0.013209 
  -0.019921 ,  -0.022257, -0.012467 
  -0.018629 ,  -0.023607, -0.011829 
  -0.017337 ,  -0.024831, -0.011136 
  -0.016047 ,  -0.025917, -0.010162 
  -0.014758 ,  -0.026854, -0.008656 
  -0.013471 ,  -0.027633, -0.006379 
  -0.012188 ,  -0.028246, -0.003151 
  -0.010910 ,  -0.028686, 0.001103 
  -0.009637 ,  -0.028950, 0.006325 
  -0.008370 ,  -0.029033, 0.012311 
  -0.007110 ,  -0.028936, 0.018721 
  -0.005857 ,  -0.028656, 0.025102 
  -0.004613 ,  -0.028198, 0.030933 
  -0.003378 ,  -0.027563, 0.035688 
  -0.002153 ,  -0.026757, 0.038891 
  -0.000938 ,  -0.025786, 0.040180 
  0.000265 ,  -0.024658, 0.039351 
  0.001457 ,  -0.023381, 0.036389 
  0.002635 ,  -0.021966, 0.031474 
  0.003800 ,  -0.020424, 0.024965 
  0.004952 ,  -0.018766, 0.017359 
  0.006089 ,  -0.017006, 0.009241 
  0.007210 ,  -0.015157, 0.001215 
  0.008316 ,  -0.013233, -0.006157 
  0.009406 ,  -0.011250, -0.012413 
  0.010479 ,  -0.009222, -0.017237 
  0.011535 ,  -0.007163, -0.020479 
  0.012573 ,  -0.005090, -0.022159 
  0.013593 ,  -0.003018, -0.022445 
  0.014594 ,  -0.000961, -0.021621 
  0.015577 ,  0.001066, -0.020034 
  0.016539 ,  0.003048, -0.018048 
  0.017482 ,  0.004972, -0.015992 
  0.018405 ,  0.006823, -0.014124 
  0.019308 ,  0.008591, -0.012608 
  0.020189 ,  0.010262, -0.011501 
  0.021050 ,  0.011826, -0.010770 
  0.021889 ,  0.013272, -0.010309 
  0.022707 ,  0.014592, -0.009970 
  0.023504 ,  0.015777, -0.009599 
  0.024278 ,  0.016820, -0.009067 
  0.025030 ,  0.017715, -0.008289 
  0.025760 ,  0.018457, -0.007241 
  0.026468 ,  0.019042, -0.005958 
  0.027154 ,  0.019469, -0.004523 
  0.027817 ,  0.019734, -0.003047 
  0.028457 ,  0.019839, -0.001645 
  0.029075 ,  0.019785, -0.000414 
  0.029671 ,  0.019572, 0.000587 
  0.030244 ,  0.019206, 0.001349 
  0.030795 ,  0.018691, 0.001911 
  0.031323 ,  0.018031, 0.002354 
  0.031829 ,  0.017235, 0.002783 
  0.032313 ,  0.016310, 0.003305 
  0.032774 ,  0.015264, 0.004010 
  0.033214 ,  0.014108, 0.004951 
  0.033632 ,  0.012852, 0.006132 
  0.034028 ,  0.011508, 0.007509 
  0.034403 ,  0.010088, 0.008995 
  0.034757 ,  0.008605, 0.010477 
  0.035089 ,  0.007073, 0.011833 
  0.035401 ,  0.005505, 0.012958 
  0.035692 ,  0.003916, 0.013781 
  0.035964 ,  0.002320, 0.014276 
  0.036215 ,  0.000732, 0.014469 
  0.036446 ,  -0.000832, 0.014424 
  0.036658 ,  -0.002359, 0.014235 
  0.036852 ,  -0.003833, 0.013997 
  0.037026 ,  -0.005241, 0.013783 
  0.037182 ,  -0.006568, 0.013625 
  0.037320 ,  -0.007801, 0.013491 
  0.037441 ,  -0.008928, 0.013283 
  0.037544 ,  -0.009937, 0.012844 
  0.037630 ,  -0.010817, 0.011974 
  0.037700 ,  -0.011559, 0.010461 
  0.037754 ,  -0.012153, 0.008116 
  0.037792 ,  -0.012592, 0.004808 
  0.037815 ,  -0.012871, 0.000498 
  0.037823 ,  -0.012985, -0.004741 
  0.037816 ,  -0.012930, -0.010714 
  0.037796 ,  -0.012705, -0.017111 
  0.037762 ,  -0.012310, -0.023536 
  0.037715 ,  -0.011747, -0.029535 
  0.037655 ,  -0.011018, -0.034651 
  0.037583 ,  -0.010129, -0.038464 
  0.037499 ,  -0.009087, -0.040645 
  0.037404 ,  -0.007899, -0.040983 
  0.037298 ,  -0.006575, -0.039416 
  0.037181 ,  -0.005126, -0.036027 
  0.037055 ,  -0.003565, -0.031039 
  0.036919 ,  -0.001905, -0.024784 
  0.036773 ,  -0.000161, -0.017665 
  0.036619 ,  0.001650, -0.010113 
  0.036457 ,  0.003513, -0.002542 
  0.036287 ,  0.005409, 0.004686 
  0.036109 ,  0.007321, 0.011289 
  0.035925 ,  0.009230, 0.017078 
  0.035734 ,  0.011117, 0.021955 
  0.035536 ,  0.012964, 0.025899 
  0.035333 ,  0.014752, 0.028945 
  0.035125 ,  0.016464, 0.031153 
  0.034912 ,  0.018082, 0.032585 
  0.034694 ,  0.019588, 0.033283 
  0.034473 ,  0.020968, 0.033254 
  0.034247 ,  0.022207, 0.032473 
  0.034018 ,  0.023292, 0.030889 
  0.033786 ,  0.024210, 0.028447 
  0.033552 ,  0.024952, 0.025109 
  0.033315 ,  0.025509, 0.020880 
  0.033076 ,  0.025874, 0.015829 
  0.032835 ,  0.026042, 0.010099 
  0.032594 ,  0.026010, 0.003913 
  0.032351 ,  0.025779, -0.002438 
  0.032108 ,  0.025348, -0.008619 
  0.031864 ,  0.024721, -0.014278 
  0.031620 ,  0.023903, -0.019081 
  0.031377 ,  0.022901, -0.022752 
  0.031134 ,  0.021724, -0.025095 
  0.030891 ,  0.020383, -0.026023 
  0.030650 ,  0.018890, -0.025562 
  0.030410 ,  0.017258, -0.023848 
  0.030172 ,  0.015504, -0.021110 
  0.029935 ,  0.013642, -0.017644 
  0.029700 ,  0.011691, -0.013776 
  0.029467 ,  0.009668, -0.009829 
  0.029237 ,  0.007592, -0.006091 
  0.029009 ,  0.005482, -0.002784 
  0.028783 ,  0.003356, -0.000053 
  0.028561 ,  0.001233, 0.002043 
  0.028341 ,  -0.000868, 0.003522 
  0.028125 ,  -0.002930, 0.004466 
  0.027912 ,  -0.004935, 0.004994 
  0.027702 ,  -0.006868, 0.005241 
  0.027496 ,  -0.008713, 0.005334 
  0.027294 ,  -0.010458, 0.005369 
  0.027095 ,  -0.012089, 0.005400 
  0.026900 ,  -0.013598, 0.005436 
  0.026709 ,  -0.014974, 0.005442 
  0.026522 ,  -0.016213, 0.005355 
  0.026338 ,  -0.017308, 0.005096 
  0.026159 ,  -0.018257, 0.004591 
  0.025985 ,  -0.019060, 0.003786 
  0.025814 ,  -0.019716, 0.002666 
  0.025647 ,  -0.020230, 0.001255 
  0.025485 ,  -0.020607, -0.000374 
  0.025327 ,  -0.020851, -0.002112 
  0.025173 ,  -0.020973, -0.003822 
  0.025023 ,  -0.020982, -0.005353 
  0.024878 ,  -0.020888, -0.006564 
  0.024736 ,  -0.020703, -0.007333 
  0.024599 ,  -0.020442, -0.007575 
  0.024466 ,  -0.020116, -0.007252 
  0.024338 ,  -0.019742, -0.006373 
  0.024213 ,  -0.019333, -0.004997 
  0.024092 ,  -0.018903, -0.003221 
  0.023975 ,  -0.018468, -0.001171 
  0.023863 ,  -0.018040, 0.001014 
  0.023753 ,  -0.017633, 0.003194 
  0.023648 ,  -0.017259, 0.005241 
  0.023547 ,  -0.016930, 0.007052 
  0.023449 ,  -0.016654, 0.008554 
  0.023354 ,  -0.016441, 0.009707 
  0.023263 ,  -0.016296, 0.010504 
  0.023175 ,  -0.016225, 0.010962 
  0.023091 ,  -0.016231, 0.011117 
  0.023010 ,  -0.016315, 0.011015 
  0.022931 ,  -0.016475, 0.010701 
  0.022856 ,  -0.016708, 0.010211 
  0.022783 ,  -0.017010, 0.009566 
  0.022713 ,  -0.017374, 0.008768 
  0.022646 ,  -0.017790, 0.007800 
  0.022581 ,  -0.018247, 0.006632 
  0.022518 ,  -0.018734, 0.005221 
  0.022458 ,  -0.019236, 0.003527 
  0.022399 ,  -0.019738, 0.001517 
  0.022343 ,  -0.020223, -0.000818 
  0.022288 ,  -0.020675, -0.003463 
  0.022234 ,  -0.021074, -0.006363 
  0.022183 ,  -0.021404, -0.009426 
  0.022132 ,  -0.021645, -0.012520 
  0.022083 ,  -0.021778, -0.015479 
  0.022034 ,  -0.021787, -0.018118 
  0.021987 ,  -0.021653, -0.020241 
  0.021940 ,  -0.021361, -0.021662 
  0.021894 ,  -0.020896, -0.022222 
  0.021848 ,  -0.020244, -0.021807 
  0.021802 ,  -0.019393, -0.020366 
  0.021756 ,  -0.018335, -0.017916 
  0.021710 ,  -0.017062, -0.014551 
  0.021664 ,  -0.015568, -0.010437 
  0.021618 ,  -0.013851, -0.005801 
  0.021571 ,  -0.011912, -0.000918 
  0.021523 ,  -0.009754, 0.003916 
  0.021474 ,  -0.007381, 0.008410 
  0.021424 ,  -0.004804, 0.012297 
  0.021372 ,  -0.002033, 0.015365 
  0.021319 ,  0.000918, 0.017471 
  0.021265 ,  0.004031, 0.018555 
  0.021209 ,  0.007287, 0.018640 
  0.021150 ,  0.010665, 0.017828 
  0.021089 ,  0.014139, 0.016287 
  0.021026 ,  0.017685, 0.014226 
  0.020961 ,  0.021274, 0.011874 
  0.020892 ,  0.024878, 0.009457 
  0.020821 ,  0.028464, 0.007168 
  0.020747 ,  0.032003, 0.005156 
  0.020669 ,  0.035462, 0.003509 
  0.020588 ,  0.038810, 0.002254 
  0.020503 ,  0.042013, 0.001361 
  0.020414 ,  0.045042, 0.000753 
  0.020321 ,  0.047865, 0.000325 
  0.020224 ,  0.050453, -0.000039 
  0.020123 ,  0.052779, -0.000443 
  0.020017 ,  0.054815, -0.000968 
  0.019906 ,  0.056540, -0.001656 
  0.019790 ,  0.057931, -0.002508 
  0.019669 ,  0.058970, -0.003484 
  0.019542 ,  0.059641, -0.004510 
  0.019410 ,  0.059932, -0.005493 
  0.019272 ,  0.059835, -0.006332 
  0.019128 ,  0.059343, -0.006938 
  0.018978 ,  0.058454, -0.007245 
  0.018822 ,  0.057170, -0.007219 
  0.018659 ,  0.055497, -0.006862 
  0.018490 ,  0.053443, -0.006218 
  0.018314 ,  0.051020, -0.005356 
  0.018130 ,  0.048245, -0.004370 
  0.017939 ,  0.045137, -0.003362 
  0.017741 ,  0.041719, -0.002430 
  0.017535 ,  0.038014, -0.001653 
  0.017322 ,  0.034053, -0.001089 
  0.017100 ,  0.029865, -0.000761 
  0.016870 ,  0.025482, -0.000662 
  0.016632 ,  0.020939, -0.000755 
  0.016386 ,  0.016273, -0.000979 
  0.016130 ,  0.011519, -0.001259 
  0.015866 ,  0.006716, -0.001515 
  0.015593 ,  0.001902, -0.001668 
  0.015311 ,  -0.002885, -0.001658 
  0.015019 ,  -0.007607, -0.001438 
  0.014718 ,  -0.012227, -0.000988 
  0.014407 ,  -0.016709, -0.000312 
  0.014087 ,  -0.021020, 0.000560 
  0.013756 ,  -0.025125, 0.001579 
  0.013416 ,  -0.028995, 0.002676 
  0.013065 ,  -0.032602, 0.003768 
  0.012704 ,  -0.035919, 0.004768 
  0.012332 ,  -0.038925, 0.005586 
  0.011950 ,  -0.041599, 0.006141 
  0.011557 ,  -0.043926, 0.006362 
  0.011154 ,  -0.045893, 0.006203 
  0.010739 ,  -0.047489, 0.005639 
  0.010314 ,  -0.048709, 0.004680 
  0.009877 ,  -0.049551, 0.003371 
  0.009429 ,  -0.050016, 0.001791 
  0.008970 ,  -0.050108, 0.000052 
  0.008500 ,  -0.049835, -0.001708 
  0.008018 ,  -0.049209, -0.003334 
  0.007525 ,  -0.048244, -0.004670 
  0.007021 ,  -0.046957, -0.005570 
  0.006505 ,  -0.045367, -0.005918 
  0.005977 ,  -0.043499, -0.005643 
  0.005438 ,  -0.041374, -0.004728 
  0.004887 ,  -0.039022, -0.003221 
  0.004325 ,  -0.036469, -0.001232 
  0.003752 ,  -0.033744, 0.001075 
  0.003166 ,  -0.030879, 0.003490 
  0.002570 ,  -0.027904, 0.005785 
  0.001962 ,  -0.024850, 0.007730 
  0.001342 ,  -0.021749, 0.009126 
  0.000712 ,  -0.018633, 0.009822 
  0.000070 ,  -0.015530, 0.009736 
  -0.000583 ,  -0.012471, 0.008869 
  -0.001247 ,  -0.009484, 0.007300 
  -0.001922 ,  -0.006596, 0.005183 
  -0.002608 ,  -0.003832, 0.002730 
  -0.003305 ,  -0.001215, 0.000182 
  -0.004011 ,  0.001234, -0.002220 
  -0.004729 ,  0.003497, -0.004260 
  -0.005456 ,  0.005556, -0.005778 
  -0.006193 ,  0.007399, -0.006690 
  -0.006941 ,  0.009015, -0.006996 
  -0.007697 ,  0.010394, -0.006779 
  -0.008463 ,  0.011532, -0.006194 
  -0.009239 ,  0.012426, -0.005448 
  -0.010023 ,  0.013075, -0.004762 
  -0.010815 ,  0.013482, -0.004351 
  -0.011616 ,  0.013653, -0.004381 
  -0.012425 ,  0.013594, -0.004949 
  -0.013241 ,  0.013316, -0.006064 
  -0.014065 ,  0.012831, -0.007641 
  -0.014896 ,  0.012152, -0.009505 
  -0.015734 ,  0.011296, -0.011411 
  -0.016578 ,  0.010279, -0.013072 
  -0.017428 ,  0.009121, -0.014193 
  -0.018284 ,  0.007841, -0.014502 
  -0.019144 ,  0.006461, -0.013791 
  -0.020010 ,  0.005001, -0.011939 
  -0.020880 ,  0.003484, -0.008930 
  -0.021753 ,  0.001932, -0.004860 
  -0.022631 ,  0.000365, 0.000068 
  -0.023511 ,  -0.001193, 0.005566 
  -0.024394 ,  -0.002721, 0.011282 
  -0.025278 ,  -0.004200, 0.016834 
  -0.026165 ,  -0.005610, 0.021848 
  -0.027052 ,  -0.006932, 0.025985 
  -0.027940 ,  -0.008150, 0.028972 
  -0.028828 ,  -0.009247, 0.030620 
  -0.029716 ,  -0.010210, 0.030835 
  -0.030602 ,  -0.011027, 0.029620 
  -0.031487 ,  -0.011687, 0.027065 
  -0.032370 ,  -0.012181, 0.023335 
  -0.033250 ,  -0.012502, 0.018649 
  -0.034127 ,  -0.012647, 0.013262 
  -0.035000 ,  -0.012613, 0.007441 
  -0.035868 ,  -0.012397, 0.001453 
  -0.036731 ,  -0.012003, -0.004456 
  -0.037589 ,  -0.011433, -0.010064 
  -0.038440 ,  -0.010692, -0.015179 
  -0.039285 ,  -0.009787, -0.019642 
  -0.040122 ,  -0.008726, -0.023325 
  -0.040950 ,  -0.007519, -0.026127 
  -0.041771 ,  -0.006178, -0.027974 
  -0.042581 ,  -0.004715, -0.028818 
  -0.043382 ,  -0.003145, -0.028638 
  -0.044172 ,  -0.001482, -0.027441 
  -0.044951 ,  0.000259, -0.025265 
  -0.045718 ,  0.002061, -0.022186 
  -0.046473 ,  0.003906, -0.018317 
  -0.047215 ,  0.005779, -0.013811 
  -0.047942 ,  0.007662, -0.008856 
  -0.048656 ,  0.009538, -0.003671 
  -0.049354 ,  0.011389, 0.001503 
  -0.050037 ,  0.013200, 0.006421 
  -0.050704 ,  0.014955, 0.010844 
  -0.051354 ,  0.016637, 0.014555 
  -0.051987 ,  0.018233, 0.017379 
  -0.052602 ,  0.019729, 0.019193 
  -0.053198 ,  0.021113, 0.019938 
  -0.053775 ,  0.022374, 0.019620 
  -0.054332 ,  0.023501, 0.018317 
  -0.054870 ,  0.024486, 0.016165 
  -0.055386 ,  0.025322, 0.013355 
  -0.055882 ,  0.026003, 0.010112 
  -0.056355 ,  0.026526, 0.006682 
  -0.056806 ,  0.026886, 0.003309 
  -0.057235 ,  0.027084, 0.000221 
  -0.057640 ,  0.027119, -0.002391 
  -0.058021 ,  0.026994, -0.004384 
  -0.058379 ,  0.026712, -0.005672 
  -0.058711 ,  0.026277, -0.006230 
  -0.059019 ,  0.025696, -0.006089 
  -0.059301 ,  0.024976, -0.005336 
  -0.059557 ,  0.024124, -0.004096 
  -0.059788 ,  0.023152, -0.002525 
  -0.059991 ,  0.022068, -0.000790 
  -0.060168 ,  0.020885, 0.000943 
  -0.060318 ,  0.019613, 0.002523 
  -0.060440 ,  0.018265, 0.003826 
  -0.060534 ,  0.016855, 0.004762 
  -0.060601 ,  0.015395, 0.005279 
  -0.060639 ,  0.013897, 0.005361 
  -0.060649 ,  0.012376, 0.005027 
  -0.060631 ,  0.010844, 0.004325 
  -0.060583 ,  0.009314, 0.003319 
  -0.060507 ,  0.007798, 0.002087 
  -0.060402 ,  0.006307, 0.000708 
  -0.060267 ,  0.004853, -0.000741 
  -0.060104 ,  0.003446, -0.002194 
  -0.059911 ,  0.002095, -0.003595 
  -0.059689 ,  0.000808, -0.004898 
  -0.059438 ,  -0.000408, -0.006067 
  -0.059158 ,  -0.001545, -0.007073 
  -0.058848 ,  -0.002601, -0.007892 
  -0.058510 ,  -0.003569, -0.008501 
  -0.058143 ,  -0.004450, -0.008877 
  -0.057746 ,  -0.005239, -0.009002 
  -0.057321 ,  -0.005939, -0.008857 
  -0.056868 ,  -0.006550, -0.008434 
  -0.056386 ,  -0.007074, -0.007733 
  -0.055876 ,  -0.007515, -0.006770 
  -0.055339 ,  -0.007878, -0.005577 
  -0.054774 ,  -0.008167, -0.004204 
  -0.054181 ,  -0.008390, -0.002715 
  -0.053562 ,  -0.008554, -0.001188 
  -0.052916 ,  -0.008667, 0.000296 
  -0.052244 ,  -0.008736, 0.001662 
  -0.051547 ,  -0.008772, 0.002843 
  -0.050823 ,  -0.008783, 0.003795 
  -0.050075 ,  -0.008779, 0.004497 
  -0.049303 ,  -0.008770, 0.004956 
  -0.048506 ,  -0.008765, 0.005209 
  -0.047686 ,  -0.008772, 0.005312 
  -0.046843 ,  -0.008802, 0.005337 
  -0.045977 ,  -0.008862, 0.005359 
  -0.045090 ,  -0.008959, 0.005446 
  -0.044181 ,  -0.009101, 0.005651 
  -0.043252 ,  -0.009294, 0.005998 
  -0.042302 ,  -0.009543, 0.006482 
  -0.041333 ,  -0.009852, 0.007069 
  -0.040346 ,  -0.010223, 0.007695 
  -0.039340 ,  -0.010659, 0.008281 
  -0.038317 ,  -0.011159, 0.008738 
  -0.037277 ,  -0.011723, 0.008981 
  -0.036222 ,  -0.012348, 0.008940 
  -0.035151 ,  -0.013032, 0.008570 
  -0.034065 ,  -0.013769, 0.007855 
  -0.032966 ,  -0.014552, 0.006809 
  -0.031854 ,  -0.015376, 0.005471 
  -0.030730 ,  -0.016231, 0.003899 
  -0.029594 ,  -0.017108, 0.002161 
  -0.028448 ,  -0.017997, 0.000318 
  -0.027292 ,  -0.018886, -0.001578 
  -0.026126 ,  -0.019764, -0.003497 
  -0.024953 ,  -0.020617, -0.005426 
  -0.023772 ,  -0.021433, -0.007376 
  -0.022585 ,  -0.022200, -0.009361 
  -0.021392 ,  -0.022902, -0.011398 
  -0.020195 ,  -0.023528, -0.013485 
  -0.018993 ,  -0.024064, -0.015590 
  -0.017788 ,  -0.024497, -0.017643 
  -0.016581 ,  -0.024816, -0.019528 
  -0.015372 ,  -0.025009, -0.021087 
  -0.014163 ,  -0.025066, -0.022128 
  -0.012954 ,  -0.024978, -0.022448 
  -0.011746 ,  -0.024736, -0.021851 
  -0.010539 ,  -0.024335, -0.020177 
  -0.009335 ,  -0.023767, -0.017327 
  -0.008135 ,  -0.023031, -0.013290 
  -0.006939 ,  -0.022123, -0.008152 
  -0.005748 ,  -0.021044, -0.002109 
  -0.004563 ,  -0.019794, 0.004545 
  -0.003384 ,  -0.018378, 0.011434 
  -0.002213 ,  -0.016800, 0.018127 
  -0.001050 ,  -0.015067, 0.024177 
  0.000104 ,  -0.013187, 0.029158 
  0.001248 ,  -0.011172, 0.032710 
  0.002382 ,  -0.009033, 0.034572 
  0.003505 ,  -0.006784, 0.034608 
  0.004616 ,  -0.004440, 0.032823 
  0.005715 ,  -0.002017, 0.029364 
  0.006801 ,  0.000468, 0.024505 
  0.007872 ,  0.002995, 0.018622 
  0.008930 ,  0.005546, 0.012159 
  0.009973 ,  0.008099, 0.005582 
  0.011000 ,  0.010636, -0.000661 
  0.012011 ,  0.013136, -0.006179 
  0.013005 ,  0.015576, -0.010674 
  0.013982 ,  0.017938, -0.013956 
  0.014941 ,  0.020202, -0.015960 
  0.015882 ,  0.022346, -0.016736 
  0.016805 ,  0.024354, -0.016440 
  0.017708 ,  0.026208, -0.015301 
  0.018592 ,  0.027891, -0.013601 
  0.019456 ,  0.029388, -0.011631 
  0.020299 ,  0.030686, -0.009669 
  0.021122 ,  0.031774, -0.007947 
  0.021924 ,  0.032641, -0.006633 
  0.022705 ,  0.033281, -0.005820 
  0.023464 ,  0.033686, -0.005526 
  0.024202 ,  0.033855, -0.005697 
  0.024917 ,  0.033785, -0.006221 
  0.025611 ,  0.033478, -0.006950 
  0.026281 ,  0.032937, -0.007714 
  0.026930 ,  0.032166, -0.008348 
  0.027555 ,  0.031174, -0.008705 
  0.028158 ,  0.029970, -0.008671 
  0.028738 ,  0.028566, -0.008178 
  0.029295 ,  0.026975, -0.007203 
  0.029829 ,  0.025212, -0.005771 
  0.030340 ,  0.023295, -0.003946 
  0.030828 ,  0.021241, -0.001827 
  0.031294 ,  0.019070, 0.000466 
  0.031736 ,  0.016802, 0.002802 
  0.032156 ,  0.014459, 0.005049 
  0.032553 ,  0.012062, 0.007089 
  0.032928 ,  0.009635, 0.008822 
  0.033280 ,  0.007198, 0.010173 
  0.033610 ,  0.004776, 0.011100 
  0.033919 ,  0.002389, 0.011593 
  0.034205 ,  0.000059, 0.011674 
  0.034470 ,  -0.002193, 0.011397 
  0.034714 ,  -0.004347, 0.010837 
  0.034937 ,  -0.006384, 0.010090 
  0.035139 ,  -0.008289, 0.009260 
  0.035321 ,  -0.010043, 0.008448 
  0.035483 ,  -0.011635, 0.007749 
  0.035626 ,  -0.013051, 0.007231 
  0.035749 ,  -0.014281, 0.006938 
  0.035853 ,  -0.015317, 0.006876 
  0.035939 ,  -0.016152, 0.007011 
  0.036007 ,  -0.016782, 0.007274 
  0.036057 ,  -0.017206, 0.007560 
  0.036090 ,  -0.017424, 0.007743 
  0.036107 ,  -0.017437, 0.007680 
  0.036107 ,  -0.017250, 0.007235 
  0.036092 ,  -0.016870, 0.006287 
  0.036061 ,  -0.016304, 0.004748 
  0.036016 ,  -0.015563, 0.002577 
  0.035956 ,  -0.014659, -0.000213 
  0.035883 ,  -0.013604, -0.003554 
  0.035796 ,  -0.012414, -0.007319 
  0.035697 ,  -0.011103, -0.011335 
  0.035586 ,  -0.009690, -0.015393 
  0.035463 ,  -0.008191, -0.019265 
  0.035329 ,  -0.006624, -0.022723 
  0.035185 ,  -0.005009, -0.025558 
  0.035031 ,  -0.003364, -0.027595 
  0.034868 ,  -0.001708, -0.028706 
  0.034696 ,  -0.000059, -0.028817 
  0.034515 ,  0.001564, -0.027912 
  0.034327 ,  0.003143, -0.026026 
  0.034132 ,  0.004663, -0.023239 
  0.033931 ,  0.006107, -0.019662 
  0.033723 ,  0.007460, -0.015427 
  0.033510 ,  0.008709, -0.010671 
  0.033292 ,  0.009842, -0.005528 
  0.033070 ,  0.010848, -0.000123 
  0.032844 ,  0.011718, 0.005429 
  0.032614 ,  0.012445, 0.011022 
  0.032382 ,  0.013023, 0.016549 
  0.032148 ,  0.013447, 0.021896 
  0.031911 ,  0.013716, 0.026933 
  0.031674 ,  0.013829, 0.031505 
  0.031436 ,  0.013787, 0.035433 
  0.031197 ,  0.013594, 0.038517 
  0.030959 ,  0.013253, 0.040545 
  0.030721 ,  0.012770, 0.041312 
  0.030485 ,  0.012153, 0.040639 
  0.030250 ,  0.011410, 0.038398 
  0.030016 ,  0.010551, 0.034537 
  0.029786 ,  0.009587, 0.029095 
  0.029557 ,  0.008530, 0.022219 
  0.029332 ,  0.007393, 0.014166 
  0.029111 ,  0.006188, 0.005293 
  0.028893 ,  0.004928, -0.003958 
  0.028679 ,  0.003629, -0.013096 
  0.028470 ,  0.002303, -0.021613 
  0.028266 ,  0.000964, -0.029028 
  0.028066 ,  -0.000373, -0.034930 
  0.027872 ,  -0.001696, -0.039011 
  0.027684 ,  -0.002993, -0.041094 
  0.027501 ,  -0.004250, -0.041150 
  0.027324 ,  -0.005457, -0.039299 
  0.027154 ,  -0.006603, -0.035794 
  0.026990 ,  -0.007679, -0.030992 
  0.026832 ,  -0.008677, -0.025323 
  0.026681 ,  -0.009590, -0.019240 
  0.026537 ,  -0.010411, -0.013179 
  0.026400 ,  -0.011137, -0.007516 
  0.026270 ,  -0.011763, -0.002536 
  0.026148 ,  -0.012288, 0.001585 
  0.026032 ,  -0.012712, 0.004787 
  0.025924 ,  -0.013035, 0.007116 
  0.025823 ,  -0.013258, 0.008707 
  0.025729 ,  -0.013385, 0.009749 
  0.025643 ,  -0.013421, 0.010453 
  0.025563 ,  -0.013369, 0.011017 
  0.025492 ,  -0.013238, 0.011596 
  0.025427 ,  -0.013034, 0.012280 
  0.025369 ,  -0.012764, 0.013082 
  0.025319 ,  -0.012438, 0.013944 
  0.025275 ,  -0.012065, 0.014746 
  0.025239 ,  -0.011654, 0.015333 
  0.025209 ,  -0.011215, 0.015538 
  0.025185 ,  -0.010758, 0.015218 
  0.025168 ,  -0.010293, 0.014272 
  0.025158 ,  -0.009830, 0.012669 
  0.025153 ,  -0.009377, 0.010455 
  0.025154 ,  -0.008945, 0.007749 
  0.025161 ,  -0.008542, 0.004734 
  0.025174 ,  -0.008176, 0.001639 
  0.025191 ,  -0.007853, -0.001294 
  0.025214 ,  -0.007581, -0.003835 
  0.025241 ,  -0.007364, -0.005792 
  0.025273 ,  -0.007207, -0.007039 
  0.025309 ,  -0.007112, -0.007522 
  0.025349 ,  -0.007083, -0.007267 
  0.025393 ,  -0.007120, -0.006376 
  0.025440 ,  -0.007221, -0.005005 
  0.025490 ,  -0.007387, -0.003351 
  0.025542 ,  -0.007613, -0.001619 
  0.025598 ,  -0.007897, -0.000005 
  0.025655 ,  -0.008232, 0.001329 
  0.025714 ,  -0.008612, 0.002270 
  0.025775 ,  -0.009030, 0.002759 
  0.025837 ,  -0.009477, 0.002792 
  0.025899 ,  -0.009945, 0.002415 
  0.025962 ,  -0.010422, 0.001705 
  0.026025 ,  -0.010899, 0.000761 
  0.026088 ,  -0.011364, -0.000318 
  0.026151 ,  -0.011805, -0.001442 
  0.026212 ,  -0.012210, -0.002543 
  0.026272 ,  -0.012567, -0.003579 
  0.026331 ,  -0.012864, -0.004531 
  0.026388 ,  -0.013089, -0.005402 
  0.026442 ,  -0.013230, -0.006206 
  0.026494 ,  -0.013276, -0.006959 
  0.026543 ,  -0.013216, -0.007669 
  0.026588 ,  -0.013041, -0.008334 
  0.026630 ,  -0.012742, -0.008931 
  0.026668 ,  -0.012310, -0.009425 
  0.026701 ,  -0.011740, -0.009765 
  0.026730 ,  -0.011026, -0.009897 
  0.026754 ,  -0.010164, -0.009769 
  0.026773 ,  -0.009152, -0.009335 
  0.026786 ,  -0.007988, -0.008566 
  0.026793 ,  -0.006674, -0.007452 
  0.026795 ,  -0.005212, -0.005999 
  0.026789 ,  -0.003607, -0.004232 
  0.026777 ,  -0.001863, -0.002187 
  0.026759 ,  0.000010, 0.000092 
  0.026732 ,  0.002004, 0.002557 
  0.026699 ,  0.004107, 0.005155 
  0.026657 ,  0.006308, 0.007836 
  0.026608 ,  0.008591, 0.010540 
  0.026550 ,  0.010942, 0.013202 
  0.026484 ,  0.013344, 0.015742 
  0.026409 ,  0.015778, 0.018065 
  0.026325 ,  0.018225, 0.020057 
  0.026232 ,  0.020667, 0.021587 
  0.026130 ,  0.023081, 0.022519 
  0.026018 ,  0.025449, 0.022716 
  0.025897 ,  0.027747, 0.022063 
  0.025766 ,  0.029956, 0.020478 
  0.025625 ,  0.032053, 0.017929 
  0.025474 ,  0.034019, 0.014452 
  0.025313 ,  0.035834, 0.010151 
  0.025142 ,  0.037477, 0.005203 
  0.024960 ,  0.038931, -0.000149 
  0.024768 ,  0.040179, -0.005616 
  0.024565 ,  0.041205, -0.010885 
  0.024351 ,  0.041995, -0.015647 
  0.024126 ,  0.042537, -0.019624 
  0.023891 ,  0.042821, -0.022595 
  0.023645 ,  0.042839, -0.024421 
  0.023388 ,  0.042584, -0.025052 
  0.023120 ,  0.042054, -0.024533 
  0.022842 ,  0.041248, -0.022990 
  0.022552 ,  0.040165, -0.020620 
  0.022251 ,  0.038812, -0.017661 
  0.021940 ,  0.037193, -0.014364 
  0.021617 ,  0.035318, -0.010969 
  0.021284 ,  0.033198, -0.007678 
  0.020940 ,  0.030847, -0.004641 
  0.020585 ,  0.028280, -0.001944 
  0.020219 ,  0.025516, 0.000384 
  0.019842 ,  0.022576, 0.002366 
  0.019455 ,  0.019480, 0.004056 
  0.019058 ,  0.016253, 0.005522 
  0.018650 ,  0.012919, 0.006826 
  0.018231 ,  0.009505, 0.008006 
  0.017803 ,  0.006038, 0.009068 
  0.017364 ,  0.002545, 0.009982 
  0.016915 ,  -0.000944, 0.010689 
  0.016456 ,  -0.004402, 0.011113 
  0.015988 ,  -0.007801, 0.011177 
  0.015510 ,  -0.011113, 0.010821 
  0.015022 ,  -0.014310, 0.010022 
  0.014525 ,  -0.017367, 0.008801 
  0.014019 ,  -0.020259, 0.007229 
  0.013504 ,  -0.022963, 0.005424 
  0.012980 ,  -0.025458, 0.003537 
  0.012447 ,  -0.027723, 0.001735 
  0.011906 ,  -0.029743, 0.000180 
  0.011356 ,  -0.031503, -0.000996 
  0.010798 ,  -0.032990, -0.001709 
  0.010232 ,  -0.034195, -0.001932 
  0.009658 ,  -0.035112, -0.001706 
  0.009077 ,  -0.035736, -0.001128 
  0.008488 ,  -0.036068, -0.000340 
  0.007892 ,  -0.036109, 0.000493 
  0.007289 ,  -0.035864, 0.001205 
  0.006679 ,  -0.035343, 0.001658 
  0.006062 ,  -0.034554, 0.001757 
  0.005439 ,  -0.033513, 0.001471 
  0.004810 ,  -0.032234, 0.000832 
  0.004175 ,  -0.030737, -0.000067 
  0.003534 ,  -0.029040, -0.001084 
  0.002888 ,  -0.027168, -0.002054 
  0.002236 ,  -0.025143, -0.002811 
  0.001579 ,  -0.022991, -0.003213 
  0.000917 ,  -0.020739, -0.003169 
  0.000250 ,  -0.018412, -0.002650 
  -0.000421 ,  -0.016039, -0.001696 
  -0.001096 ,  -0.013647, -0.000420 
  -0.001776 ,  -0.011264, 0.001014 
  -0.002459 ,  -0.008916, 0.002404 
  -0.003146 ,  -0.006630, 0.003537 
  -0.003836 ,  -0.004430, 0.004216 
  -0.004529 ,  -0.002339, 0.004284 
  -0.005225 ,  -0.000381, 0.003645 
  -0.005924 ,  0.001427, 0.002276 
  -0.006626 ,  0.003065, 0.000229 
  -0.007329 ,  0.004519, -0.002372 
  -0.008035 ,  0.005776, -0.005341 
  -0.008742 ,  0.006825, -0.008453 
  -0.009451 ,  0.007661, -0.011462 
  -0.010161 ,  0.008277, -0.014125 
  -0.010872 ,  0.008672, -0.016220 
  -0.011584 ,  0.008848, -0.017562 
  -0.012297 ,  0.008809, -0.018021 
  -0.013010 ,  0.008561, -0.017520 
  -0.013723 ,  0.008114, -0.016043 
  -0.014437 ,  0.007479, -0.013631 
  -0.015150 ,  0.006672, -0.010374 
  -0.015862 ,  0.005708, -0.006410 
  -0.016574 ,  0.004605, -0.001910 
  -0.017284 ,  0.003384, 0.002925 
  -0.017994 ,  0.002066, 0.007876 
  -0.018702 ,  0.000672, 0.012713 
  -0.019409 ,  -0.000775, 0.017203 
  -0.020113 ,  -0.002251, 0.021124 
  -0.020816 ,  -0.003732, 0.024270 
  -0.021516 ,  -0.005196, 0.026467 
  -0.022213 ,  -0.006620, 0.027583 
  -0.022908 ,  -0.007982, 0.027535 
  -0.023600 ,  -0.009261, 0.026304 
  -0.024288 ,  -0.010439, 0.023932 
  -0.024973 ,  -0.011497, 0.020529 
  -0.025655 ,  -0.012420, 0.016262 
  -0.026332 ,  -0.013195, 0.011349 
  -0.027005 ,  -0.013810, 0.006043 
  -0.027673 ,  -0.014256, 0.000613 
  -0.028337 ,  -0.014528, -0.004675 
  -0.028996 ,  -0.014621, -0.009578 
  -0.029650 ,  -0.014535, -0.013889 
  -0.030299 ,  -0.014271, -0.017456 
  -0.030941 ,  -0.013834, -0.020177 
  -0.031578 ,  -0.013230, -0.022012 
  -0.032209 ,  -0.012469, -0.022965 
  -0.032834 ,  -0.011563, -0.023084 
  -0.033451 ,  -0.010524, -0.022441 
  -0.034062 ,  -0.009368, -0.021121 
  -0.034666 ,  -0.008113, -0.019213 
  -0.035263 ,  -0.006777, -0.016798 
  -0.035852 ,  -0.005379, -0.013948 
  -0.036433 ,  -0.003940, -0.010730 
  -0.037006 ,  -0.002481, -0.007207 
  -0.037571 ,  -0.001023, -0.003455 
  -0.038127 ,  0.000414, 0.000438 
  -0.038675 ,  0.001809, 0.004356 
  -0.039213 ,  0.003142, 0.008154 
  -0.039743 ,  0.004396, 0.011662 
  -0.040262 ,  0.005553, 0.014692 
  -0.040772 ,  0.006598, 0.017050 
  -0.041272 ,  0.007517, 0.018557 
  -0.041761 ,  0.008299, 0.019069 
  -0.042240 ,  0.008935, 0.018500 
  -0.042708 ,  0.009419, 0.016835 
  -0.043166 ,  0.009746, 0.014140 
  -0.043612 ,  0.009916, 0.010571 
  -0.044046 ,  0.009929, 0.006358 
  -0.044469 ,  0.009791, 0.001796 
  -0.044880 ,  0.009507, -0.002785 
  -0.045279 ,  0.009088, -0.007045 
  -0.045665 ,  0.008545, -0.010668 
  -0.046038 ,  0.007892, -0.013389 
  -0.046399 ,  0.007146, -0.015024 
  -0.046747 ,  0.006325, -0.015482 
  -0.047081 ,  0.005449, -0.014775 
  -0.047402 ,  0.004539, -0.013014 
  -0.047709 ,  0.003616, -0.010394 
  -0.048002 ,  0.002705, -0.007175 
  -0.048281 ,  0.001828, -0.003651 
  -0.048546 ,  0.001009, -0.000123 
  -0.048796 ,  0.000270, 0.003134 
  -0.049031 ,  -0.000366, 0.005895 
  -0.049251 ,  -0.000879, 0.008003 
  -0.049457 ,  -0.001249, 0.009380 
  -0.049647 ,  -0.001457, 0.010029 
  -0.049821 ,  -0.001488, 0.010026 
  -0.049980 ,  -0.001329, 0.009505 
  -0.050123 ,  -0.000969, 0.008635 
  -0.050250 ,  -0.000398, 0.007601 
  -0.050361 ,  0.000386, 0.006576 
  -0.050456 ,  0.001388, 0.005700 
  -0.050535 ,  0.002605, 0.005065 
  -0.050597 ,  0.004032, 0.004703 
  -0.050642 ,  0.005663, 0.004582 
  -0.050671 ,  0.007485, 0.004615 
  -0.050683 ,  0.009484, 0.004665 
  -0.050679 ,  0.011643, 0.004571 
  -0.050657 ,  0.013942, 0.004164 
  -0.050618 ,  0.016356, 0.003293 
  -0.050563 ,  0.018862, 0.001849 
  -0.050490 ,  0.021430, -0.000216 
  -0.050400 ,  0.024031, -0.002877 
  -0.050293 ,  0.026634, -0.006026 
  -0.050169 ,  0.029207, -0.009475 
  -0.050027 ,  0.031717, -0.012969 
  -0.049868 ,  0.034131, -0.016207 
  -0.049693 ,  0.036415, -0.018867 
  -0.049499 ,  0.038537, -0.020642 
  -0.049289 ,  0.040464, -0.021271 
  -0.049062 ,  0.042167, -0.020575 
  -0.048818 ,  0.043617, -0.018477 
  -0.048557 ,  0.044787, -0.015028 
  -0.048279 ,  0.045654, -0.010403 
  -0.047984 ,  0.046196, -0.004901 
  -0.047672 ,  0.046395, 0.001081 
  -0.047344 ,  0.046236, 0.007084 
  -0.047000 ,  0.045709, 0.012623 
  -0.046639 ,  0.044807, 0.017239 
  -0.046262 ,  0.043526, 0.020543 
  -0.045869 ,  0.041866, 0.022261 
  -0.045461 ,  0.039834, 0.022260 
  -0.045037 ,  0.037437, 0.020565 
  -0.044597 ,  0.034688, 0.017360 
  -0.044142 ,  0.031605, 0.012966 
  -0.043672 ,  0.028208, 0.007813 
  -0.043187 ,  0.024520, 0.002391 
  -0.042688 ,  0.020569, -0.002803 
  -0.042175 ,  0.016384, -0.007311 
  -0.041647 ,  0.012000, -0.010767 
  -0.041106 ,  0.007450, -0.012926 
  -0.040552 ,  0.002771, -0.013689 
  -0.039984 ,  -0.001998, -0.013100 
  -0.039403 ,  -0.006818, -0.011339 
  -0.038810 ,  -0.011650, -0.008683 
  -0.038205 ,  -0.016452, -0.005474 
  -0.037588 ,  -0.021186, -0.002073 
  -0.036959 ,  -0.025812, 0.001188 
  -0.036319 ,  -0.030294, 0.004036 
  -0.035668 ,  -0.034594, 0.006288 
  -0.035007 ,  -0.038678, 0.007859 
  -0.034336 ,  -0.042516, 0.008758 
  -0.033655 ,  -0.046077, 0.009073 
  -0.032964 ,  -0.049337, 0.008941 
  -0.032265 ,  -0.052271, 0.008522 
  -0.031557 ,  -0.054862, 0.007962 
  -0.030841 ,  -0.057092, 0.007370 
  -0.030117 ,  -0.058952, 0.006800 
  -0.029386 ,  -0.060432, 0.006249 
  -0.028648 ,  -0.061529, 0.005659 
  -0.027903 ,  -0.062242, 0.004938 
  -0.027153 ,  -0.062576, 0.003985 
  -0.026397 ,  -0.062537, 0.002712 
  -0.025635 ,  -0.062136, 0.001072 
  -0.024869 ,  -0.061388, -0.000924 
  -0.024098 ,  -0.060309, -0.003202 
  -0.023323 ,  -0.058921, -0.005630 
  -0.022545 ,  -0.057245, -0.008029 
  -0.021764 ,  -0.055306, -0.010205 
  -0.020980 ,  -0.053131, -0.011972 
  -0.020194 ,  -0.050748, -0.013184 
  -0.019406 ,  -0.048185, -0.013759 
  -0.018617 ,  -0.045473, -0.013691 
  -0.017827 ,  -0.042641, -0.013054 
  -0.017036 ,  -0.039719, -0.011991 
  -0.016245 ,  -0.036737, -0.010691 
  -0.015455 ,  -0.033722, -0.009355 
  -0.014665 ,  -0.030703, -0.008167 
  -0.013876 ,  -0.027704, -0.007256 
  -0.013088 ,  -0.024749, -0.006675 
  -0.012303 ,  -0.021861, -0.006385 
  -0.011519 ,  -0.019058, -0.006255 
  -0.010739 ,  -0.016358, -0.006084 
  -0.009961 ,  -0.013776, -0.005625 
  -0.009186 ,  -0.011321, -0.004629 
  -0.008416 ,  -0.009005, -0.002885 
  -0.007649 ,  -0.006832, -0.000259 
  -0.006886 ,  -0.004805, 0.003268 
  -0.006128 ,  -0.002926, 0.007589 
  -0.005375 ,  -0.001193, 0.012470 
  -0.004628 ,  0.000400, 0.017563 
  -0.003885 ,  0.001859, 0.022442 
  -0.003149 ,  0.003192, 0.026653 
  -0.002419 ,  0.004411, 0.029758 
  -0.001695 ,  0.005527, 0.031391 
  -0.000977 ,  0.006555, 0.031306 
  -0.000266 ,  0.007508, 0.029400 
  0.000437 ,  0.008401, 0.025734 
  0.001134 ,  0.009251, 0.020527 
  0.001823 ,  0.010072, 0.014136 
  0.002505 ,  0.010880, 0.007015 
  0.003179 ,  0.011689, -0.000329 
  0.003845 ,  0.012513, -0.007385 
  0.004503 ,  0.013366, -0.013690 
  0.005153 ,  0.014257, -0.018865 
  0.005795 ,  0.015197, -0.022650 
  0.006428 ,  0.016194, -0.024910 
  0.007053 ,  0.017253, -0.025643 
  0.007670 ,  0.018378, -0.024960 
  0.008278 ,  0.019571, -0.023064 
  0.008878 ,  0.020832, -0.020220 
  0.009469 ,  0.022157, -0.016726 
  0.010051 ,  0.023542, -0.012881 
  0.010625 ,  0.024979, -0.008964 
  0.011190 ,  0.026459, -0.005215 
  0.011747 ,  0.027971, -0.001829 
  0.012295 ,  0.029503, 0.001048 
  0.012835 ,  0.031039, 0.003317 
  0.013366 ,  0.032564, 0.004923 
  0.013889 ,  0.034061, 0.005846 
  0.014404 ,  0.035512, 0.006097 
  0.014911 ,  0.036899, 0.005720 
  0.015410 ,  0.038203, 0.004785 
  0.015900 ,  0.039407, 0.003390 
  0.016383 ,  0.040491, 0.001663 
  0.016859 ,  0.041439, -0.000244 
  0.017327 ,  0.042233, -0.002164 
  0.017787 ,  0.042859, -0.003920 
  0.018241 ,  0.043301, -0.005341 
  0.018687 ,  0.043549, -0.006279 
  0.019127 ,  0.043591, -0.006628 
  0.019560 ,  0.043419, -0.006334 
  0.019987 ,  0.043027, -0.005407 
  0.020407 ,  0.042412, -0.003922 
  0.020821 ,  0.041572, -0.002013 
  0.021230 ,  0.040508, 0.000140 
  0.021633 ,  0.039225, 0.002335 
  0.022031 ,  0.037729, 0.004373 
  0.022423 ,  0.036028, 0.006086 
  0.022811 ,  0.034134, 0.007361 
  0.023194 ,  0.032060, 0.008156 
  0.023572 ,  0.029822, 0.008508 
  0.023947 ,  0.027438, 0.008528 
  0.024317 ,  0.024926, 0.008387 
  0.024684 ,  0.022307, 0.008285 
  0.025047 ,  0.019603, 0.008423 
  0.025406 ,  0.016837, 0.008964 
  0.025763 ,  0.014032, 0.010006 
  0.026117 ,  0.011213, 0.011553 
  0.026468 ,  0.008401, 0.013504 
  0.026816 ,  0.005622, 0.015659 
  0.027163 ,  0.002898, 0.017731 
  0.027507 ,  0.000251, 0.019378 
  0.027850 ,  -0.002298, 0.020244 
  0.028191 ,  -0.004730, 0.019999 
  0.028530 ,  -0.007027, 0.018388 
  0.028869 ,  -0.009173, 0.015266 
  0.029206 ,  -0.011153, 0.010621 
  0.029542 ,  -0.012957, 0.004588 
  0.029878 ,  -0.014574, -0.002556 
  0.030212 ,  -0.015998, -0.010419 
  0.030547 ,  -0.017225, -0.018521 
  0.030881 ,  -0.018252, -0.026341 
  0.031214 ,  -0.019080, -0.033365 
  0.031548 ,  -0.019712, -0.039129 
  0.031881 ,  -0.020153, -0.043261 
  0.032215 ,  -0.020411, -0.045506 
  0.032548 ,  -0.020495, -0.045743 
  0.032882 ,  -0.020417, -0.043986 
  0.033216 ,  -0.020191, -0.040374 
  0.033549 ,  -0.019832, -0.035148 
  0.033884 ,  -0.019354, -0.028624 
  0.034218 ,  -0.018777, -0.021161 
  0.034552 ,  -0.018117, -0.013133 
  0.034887 ,  -0.017393, -0.004903 
  0.035221 ,  -0.016624, 0.003199 
  0.035556 ,  -0.015828, 0.010889 
  0.035891 ,  -0.015024, 0.017930 
  0.036225 ,  -0.014228, 0.024138 
  0.036559 ,  -0.013459, 0.029375 
  0.036893 ,  -0.012730, 0.033545 
  0.037227 ,  -0.012058, 0.036587 
  0.037559 ,  -0.011454, 0.038470 
  0.037891 ,  -0.010931, 0.039191 
  0.038222 ,  -0.010496, 0.038774 
  0.038552 ,  -0.010159, 0.037269 
  0.038880 ,  -0.009925, 0.034756 
  0.039207 ,  -0.009796, 0.031341 
  0.039532 ,  -0.009775, 0.027160 
  0.039854 ,  -0.009862, 0.022370 
  0.040175 ,  -0.010054, 0.017146 
  0.040493 ,  -0.010346, 0.011676 
  0.040808 ,  -0.010733, 0.006144 
  0.041119 ,  -0.011207, 0.000730 
  0.041428 ,  -0.011759, -0.004407 
  0.041732 ,  -0.012378, -0.009127 
  0.042032 ,  -0.013054, -0.013318 
  0.042328 ,  -0.013773, -0.016896 
  0.042619 ,  -0.014523, -0.019804 
  0.042904 ,  -0.015290, -0.022006 
  0.043184 ,  -0.016060, -0.023488 
  0.043458 ,  -0.016820, -0.024252 
  0.043726 ,  -0.017557, -0.024315 
  0.043987 ,  -0.018258, -0.023708 
  0.044240 ,  -0.018909, -0.022474 
  0.044486 ,  -0.019502, -0.020676 
  0.044725 ,  -0.020024, -0.018393 
  0.044954 ,  -0.020467, -0.015724 
  0.045175 ,  -0.020824, -0.012787 
  0.045387 ,  -0.021088, -0.009714 
  0.045589 ,  -0.021255, -0.006645 
  0.045781 ,  -0.021322, -0.003721 
  0.045962 ,  -0.021288, -0.001072 
  0.046133 ,  -0.021152, 0.001195 
  0.046292 ,  -0.020917, 0.003005 
  0.046439 ,  -0.020586, 0.004319 
  0.046574 ,  -0.020164, 0.005141 
  0.046697 ,  -0.019657, 0.005516 
  0.046806 ,  -0.019073, 0.005518 
  0.046902 ,  -0.018421, 0.005245 
  0.046984 ,  -0.017708, 0.004805 
  0.047052 ,  -0.016946, 0.004300 
  0.047105 ,  -0.016145, 0.003815 
  0.047143 ,  -0.015316, 0.003410 
  0.047166 ,  -0.014469, 0.003115 
  0.047173 ,  -0.013615, 0.002932 
  0.047163 ,  -0.012765, 0.002839 
  0.047137 ,  -0.011928, 0.002806 
  0.047095 ,  -0.011113, 0.002800 
  0.047035 ,  -0.010327, 0.002802 
  0.046957 ,  -0.009579, 0.002814 
  0.046862 ,  -0.008873, 0.002866 
  0.046749 ,  -0.008214, 0.003010 
  0.046618 ,  -0.007604, 0.003319 
  0.046467 ,  -0.007045, 0.003868 
  0.046299 ,  -0.006535, 0.004721 
  0.046111 ,  -0.006073, 0.005914 
  0.045904 ,  -0.005656, 0.007437 
  0.045677 ,  -0.005277, 0.009227 
  0.045431 ,  -0.004930, 0.011162 
  0.045165 ,  -0.004607, 0.013070 
  0.044879 ,  -0.004299, 0.014737 
  0.044574 ,  -0.003994, 0.015935 
  0.044248 ,  -0.003682, 0.016443 
  0.043902 ,  -0.003351, 0.016076 
  0.043536 ,  -0.002987, 0.014712 
  0.043150 ,  -0.002578, 0.012311 
  0.042744 ,  -0.002110, 0.008924 
  0.042318 ,  -0.001571, 0.004697 
  0.041871 ,  -0.000949, -0.000142 
  0.041405 ,  -0.000231, -0.005300 
  0.040918 ,  0.000592, -0.010451 
  0.040412 ,  0.001531, -0.015265 
  0.039886 ,  0.002594, -0.019439 
  0.039340 ,  0.003786, -0.022729 
  0.038776 ,  0.005113, -0.024969 
  0.038192 ,  0.006578, -0.026079 
  0.037589 ,  0.008181, -0.026075 
  0.036967 ,  0.009920, -0.025049 
  0.036327 ,  0.011792, -0.023159 
  0.035669 ,  0.013791, -0.020605 
  0.034993 ,  0.015907, -0.017599 
  0.034299 ,  0.018131, -0.014346 
  0.033589 ,  0.020449, -0.011022 
  0.032862 ,  0.022846, -0.007762 
  0.032118 ,  0.025304, -0.004654 
  0.031359 ,  0.027805, -0.001742 
  0.030584 ,  0.030327, 0.000963 
  0.029794 ,  0.032849, 0.003475 
  0.028989 ,  0.035347, 0.005813 
  0.028171 ,  0.037796, 0.007991 
  0.027339 ,  0.040172, 0.010005 
  0.026494 ,  0.042449, 0.011832 
  0.025637 ,  0.044601, 0.013428 
  0.024768 ,  0.046604, 0.014734 
  0.023887 ,  0.048433, 0.015689 
  0.022996 ,  0.050064, 0.016239 
  0.022095 ,  0.051475, 0.016350 
  0.021185 ,  0.052645, 0.016018 
  0.020265 ,  0.053556, 0.015273 
  0.019338 ,  0.054189, 0.014177 
  0.018403 ,  0.054531, 0.012824 
  0.017461 ,  0.054570, 0.011322 
  0.016514 ,  0.054297, 0.009782 
  0.015560 ,  0.053705, 0.008307 
  0.014602 ,  0.052791, 0.006973 
  0.013640 ,  0.051556, 0.005821 
  0.012675 ,  0.050001, 0.004854 
  0.011707 ,  0.048135, 0.004032 
  0.010737 ,  0.045965, 0.003284 
  0.009765 ,  0.043504, 0.002517 
  0.008794 ,  0.040769, 0.001627 
  0.007822 ,  0.037777, 0.000521 
  0.006852 ,  0.034549, -0.000871 
  0.005883 ,  0.031108, -0.002584 
  0.004916 ,  0.027480, -0.004610 
  0.003953 ,  0.023693, -0.006891 
  0.002993 ,  0.019775, -0.009332 
  0.002038 ,  0.015756, -0.011798 
  0.001088 ,  0.011668, -0.014134 
  0.000143 ,  0.007542, -0.016178 
  -0.000794 ,  0.003409, -0.017774 
  -0.001725 ,  -0.000697, -0.018789 
  -0.002647 ,  -0.004747, -0.019127 
  -0.003562 ,  -0.008709, -0.018732 
  -0.004467 ,  -0.012555, -0.017597 
  -0.005362 ,  -0.016257, -0.015760 
  -0.006247 ,  -0.019789, -0.013304 
  -0.007122 ,  -0.023127, -0.010347 
  -0.007984 ,  -0.026251, -0.007033 
  -0.008835 ,  -0.029140, -0.003522 
  -0.009673 ,  -0.031780, 0.000021 
  -0.010498 ,  -0.034156, 0.003439 
  -0.011310 ,  -0.036259, 0.006586 
  -0.012107 ,  -0.038081, 0.009343 
  -0.012890 ,  -0.039619, 0.011615 
  -0.013658 ,  -0.040871, 0.013338 
  -0.014411 ,  -0.041840, 0.014481 
  -0.015147 ,  -0.042530, 0.015042 
  -0.015868 ,  -0.042950, 0.015047 
  -0.016572 ,  -0.043109, 0.014546 
  -0.017260 ,  -0.043022, 0.013604 
  -0.017930 ,  -0.042703, 0.012298 
  -0.018583 ,  -0.042169, 0.010709 
  -0.019219 ,  -0.041440, 0.008916 
  -0.019837 ,  -0.040535, 0.006989 
  -0.020436 ,  -0.039478, 0.004989 
  -0.021018 ,  -0.038289, 0.002964 
  -0.021581 ,  -0.036993, 0.000949 
  -0.022126 ,  -0.035611, -0.001029 
  -0.022652 ,  -0.034168, -0.002946 
  -0.023159 ,  -0.032686, -0.004777 
  -0.023648 ,  -0.031187, -0.006492 
  -0.024119 ,  -0.029691, -0.008045 
  -0.024570 ,  -0.028218, -0.009379 
  -0.025004 ,  -0.026786, -0.010419 
  -0.025418 ,  -0.025411, -0.011081 
  -0.025814 ,  -0.024108, -0.011275 
  -0.026192 ,  -0.022889, -0.010918 
  -0.026552 ,  -0.021763, -0.009943 
  -0.026894 ,  -0.020738, -0.008314 
  -0.027218 ,  -0.019821, -0.006037 
  -0.027525 ,  -0.019013, -0.003168 
  -0.027814 ,  -0.018315, 0.000184 
  -0.028087 ,  -0.017726, 0.003856 
  -0.028342 ,  -0.017241, 0.007637 
  -0.028581 ,  -0.016854, 0.011284 
  -0.028804 ,  -0.016559, 0.014536 
  -0.029011 ,  -0.016343, 0.017139 
  -0.029203 ,  -0.016197, 0.018862 
  -0.029380 ,  -0.016108, 0.019525 
  -0.029543 ,  -0.016061, 0.019011 
  -0.029691 ,  -0.016042, 0.017283 
  -0.029826 ,  -0.016036, 0.014387 
  -0.029948 ,  -0.016028, 0.010452 
  -0.030056 ,  -0.016000, 0.005684 
  -0.030153 ,  -0.015939, 0.000348 
  -0.030238 ,  -0.015828, -0.005248 
  -0.030312 ,  -0.015655, -0.010778 
  -0.030375 ,  -0.015405, -0.015921 
  -0.030428 ,  -0.015067, -0.020380 
  -0.030471 ,  -0.014629, -0.023907 
  -0.030506 ,  -0.014083, -0.026311 
  -0.030532 ,  -0.013423, -0.027475 
  -0.030550 ,  -0.012641, -0.027355 
  -0.030561 ,  -0.011735, -0.025982 
  -0.030565 ,  -0.010703, -0.023452 
  -0.030564 ,  -0.009546, -0.019922 
  -0.030556 ,  -0.008268, -0.015596 
  -0.030544 ,  -0.006871, -0.010706 
  -0.030528 ,  -0.005365, -0.005505 
  -0.030508 ,  -0.003756, -0.000246 
  -0.030484 ,  -0.002056, 0.004828 
  -0.030459 ,  -0.000277, 0.009497 
  -0.030431 ,  0.001568, 0.013575 
  -0.030401 ,  0.003463, 0.016919 
  -0.030371 ,  0.005394, 0.019431 
  -0.030341 ,  0.007342, 0.021064 
  -0.030311 ,  0.009292, 0.021818 
  -0.030281 ,  0.011224, 0.021741 
  -0.030253 ,  0.013122, 0.020919 
  -0.030227 ,  0.014967, 0.019469 
  -0.030203 ,  0.016743, 0.017529 
  -0.030181 ,  0.018433, 0.015245 
  -0.030163 ,  0.020021, 0.012762 
  -0.030149 ,  0.021493, 0.010209 
  -0.030139 ,  0.022835, 0.007697 
  -0.030133 ,  0.024037, 0.005309 
  -0.030132 ,  0.025087, 0.003098 
  -0.030136 ,  0.025979, 0.001090 
  -0.030147 ,  0.026706, -0.000712 
  -0.030162 ,  0.027263, -0.002323 
  -0.030185 ,  0.027649, -0.003765 
  -0.030213 ,  0.027864, -0.005060 
  -0.030249 ,  0.027910, -0.006225 
  -0.030291 ,  0.027791, -0.007264 
  -0.030341 ,  0.027514, -0.008166 
  -0.030398 ,  0.027087, -0.008909 
  -0.030463 ,  0.026520, -0.009462 
  -0.030535 ,  0.025826, -0.009792 
  -0.030615 ,  0.025016, -0.009870 
  -0.030703 ,  0.024107, -0.009682 
  -0.030799 ,  0.023113, -0.009234 
  -0.030903 ,  0.022052, -0.008551 
  -0.031014 ,  0.020940, -0.007686 
  -0.031133 ,  0.019796, -0.006708 
  -0.031261 ,  0.018638, -0.005701 
  -0.031395 ,  0.017482, -0.004752 
  -0.031538 ,  0.016348, -0.003944 
  -0.031687 ,  0.015251, -0.003341 
  -0.031844 ,  0.014208, -0.002985 
  -0.032008 ,  0.013234, -0.002885 
  -0.032178 ,  0.012342, -0.003018 
  -0.032355 ,  0.011546, -0.003329 
  -0.032538 ,  0.010856, -0.003739 
  -0.032727 ,  0.010281, -0.004149 
  -0.032922 ,  0.009828, -0.004457 
  -0.033121 ,  0.009502, -0.004562 
  -0.033325 ,  0.009306, -0.004380 
  -0.033534 ,  0.009242, -0.003849 
  -0.033746 ,  0.009308, -0.002936 
  -0.033962 ,  0.009500, -0.001639 
  -0.034180 ,  0.009814, 0.000011 
  -0.034401 ,  0.010243, 0.001959 
  -0.034623 ,  0.010776, 0.004124 
  -0.034847 ,  0.011403, 0.006411 
  -0.035071 ,  0.012111, 0.008714 
  -0.035296 ,  0.012887, 0.010925 
  -0.035519 ,  0.013714, 0.012938 
  -0.035742 ,  0.014577, 0.014653 
  -0.035962 ,  0.015457, 0.015980 
  -0.036180 ,  0.016337, 0.016841 
  -0.036395 ,  0.017199, 0.017178 
  -0.036605 ,  0.018025, 0.016945 
  -0.036811 ,  0.018794, 0.016123 
  -0.037012 ,  0.019491, 0.014715 
  -0.037206 ,  0.020096, 0.012749 
  -0.037394 ,  0.020594, 0.010283 
  -0.037573 ,  0.020968, 0.007403 
  -0.037745 ,  0.021205, 0.004221 
  -0.037907 ,  0.021290, 0.000871 
  -0.038060 ,  0.021214, -0.002501 
  -0.038202 ,  0.020965, -0.005742 
  -0.038332 ,  0.020536, -0.008705 
  -0.038451 ,  0.019921, -0.011259 
  -0.038556 ,  0.019117, -0.013302 
  -0.038648 ,  0.018121, -0.014766 
  -0.038726 ,  0.016934, -0.015623 
  -0.038788 ,  0.015558, -0.015886 
  -0.038835 ,  0.013999, -0.015603 
  -0.038864 ,  0.012262, -0.014854 
  -0.038877 ,  0.010357, -0.013738 
  -0.038872 ,  0.008294, -0.012363 
  -0.038848 ,  0.006085, -0.010831 
  -0.038805 ,  0.003745, -0.009235 
  -0.038741 ,  0.001289, -0.007644 
  -0.038658 ,  -0.001266, -0.006107 
  -0.038553 ,  -0.003903, -0.004649 
  -0.038426 ,  -0.006601, -0.003277 
  -0.038277 ,  -0.009343, -0.001985 
  -0.038105 ,  -0.012106, -0.000764 
  -0.037909 ,  -0.014872, 0.000391 
  -0.037690 ,  -0.017619, 0.001478 
  -0.037446 ,  -0.020327, 0.002484 
  -0.037177 ,  -0.022977, 0.003388 
  -0.036883 ,  -0.025548, 0.004162 
  -0.036564 ,  -0.028021, 0.004779 
  -0.036218 ,  -0.030380, 0.005222 
  -0.035846 ,  -0.032607, 0.005490 
  -0.035448 ,  -0.034687, 0.005600 
  -0.035022 ,  -0.036605, 0.005594 
  -0.034570 ,  -0.038349, 0.005530 
  -0.034090 ,  -0.039909, 0.005475 
  -0.033583 ,  -0.041274, 0.005501 
  -0.033048 ,  -0.042438, 0.005663 
  -0.032485 ,  -0.043394, 0.005995 
  -0.031895 ,  -0.044139, 0.006497 
  -0.031277 ,  -0.044671, 0.007131 
  -0.030632 ,  -0.044988, 0.007822 
  -0.029958 ,  -0.045094, 0.008462 
  -0.029257 ,  -0.044991, 0.008929 
  -0.028529 ,  -0.044683, 0.009097 
  -0.027774 ,  -0.044178, 0.008859 
  -0.026991 ,  -0.043482, 0.008144 
  -0.026182 ,  -0.042606, 0.006929 
  -0.025347 ,  -0.041559, 0.005249 
  -0.024485 ,  -0.040352, 0.003197 
  -0.023598 ,  -0.038999, 0.000911 
  -0.022685 ,  -0.037511, -0.001432 
  -0.021748 ,  -0.035903, -0.003649 
  -0.020786 ,  -0.034189, -0.005565 
  -0.019801 ,  -0.032382, -0.007041 
  -0.018792 ,  -0.030498, -0.007993 
  -0.017761 ,  -0.028550, -0.008400 
  -0.016707 ,  -0.026554, -0.008307 
  -0.015633 ,  -0.024522, -0.007821 
  -0.014537 ,  -0.022469, -0.007089 
  -0.013422 ,  -0.020408, -0.006282 
  -0.012288 ,  -0.018351, -0.005562 
  -0.011136 ,  -0.016309, -0.005063 
  -0.009966 ,  -0.014294, -0.004867 
  -0.008780 ,  -0.012314, -0.004995 
  -0.007578 ,  -0.010380, -0.005397 
  -0.006361 ,  -0.008498, -0.005970 
  -0.005131 ,  -0.006676, -0.006566 
  -0.003888 ,  -0.004919, -0.007021 
  -0.002633 ,  -0.003232, -0.007180 
  -0.001368 ,  -0.001618, -0.006925 
  -0.000093 ,  -0.000080, -0.006193 
  0.001191 ,  0.001381, -0.004989 
  0.002482 ,  0.002765, -0.003390 
  0.003779 ,  0.004071, -0.001529 
  0.005081 ,  0.005301, 0.000418 
  0.006387 ,  0.006459, 0.002263 
  0.007696 ,  0.007545, 0.003832 
  0.009006 ,  0.008565, 0.004997 
  0.010317 ,  0.009522, 0.005690 
  0.011627 ,  0.010421, 0.005923 
  0.012935 ,  0.011267, 0.005778 
  0.014240 ,  0.012066, 0.005400 
  0.015540 ,  0.012822, 0.004969 
  0.016835 ,  0.013542, 0.004673 
  0.018122 ,  0.014232, 0.004673 
  0.019401 ,  0.014896, 0.005071 
  0.020671 ,  0.015541, 0.005892 
  0.021930 ,  0.016171, 0.007067 
  0.023177 ,  0.016792, 0.008444 
  0.024411 ,  0.017408, 0.009797 
  0.025630 ,  0.018024, 0.010865 
  0.026834 ,  0.018642, 0.011383 
  0.028021 ,  0.019267, 0.011127 
  0.029190 ,  0.019900, 0.009952 
  0.030341 ,  0.020543, 0.007817 
  0.031470 ,  0.021197, 0.004807 
  0.032579 ,  0.021864, 0.001127 
  0.033664 ,  0.022542, -0.002913 
  0.034726 ,  0.023231, -0.006933 
  0.035764 ,  0.023929, -0.010527 
  0.036775 ,  0.024635, -0.013313 
  0.037760 ,  0.025344, -0.014981 
  0.038717 ,  0.026054, -0.015336 
  0.039646 ,  0.026761, -0.014325 
  0.040544 ,  0.027459, -0.012047 
  0.041412 ,  0.028143, -0.008743 
  0.042249 ,  0.028809, -0.004774 
  0.043053 ,  0.029448, -0.000574 
  0.043825 ,  0.030057, 0.003397 
  0.044562 ,  0.030626, 0.006709 
  0.045265 ,  0.031150, 0.009012 
  0.045932 ,  0.031621, 0.010074 
  0.046563 ,  0.032033, 0.009808 
  0.047158 ,  0.032377, 0.008277 
  0.047716 ,  0.032647, 0.005683 
  0.048236 ,  0.032835, 0.002339 
  0.048718 ,  0.032936, -0.001372 
  0.049161 ,  0.032942, -0.005047 
  0.049565 ,  0.032847, -0.008305 
  0.049930 ,  0.032647, -0.010835 
  0.050255 ,  0.032334, -0.012426 
  0.050540 ,  0.031906, -0.012983 
  0.050785 ,  0.031358, -0.012531 
  0.050990 ,  0.030686, -0.011201 
  0.051154 ,  0.029889, -0.009207 
  0.051278 ,  0.028965, -0.006806 
  0.051361 ,  0.027913, -0.004267 
  0.051403 ,  0.026732, -0.001833 
  0.051405 ,  0.025425, 0.000307 
  0.051367 ,  0.023992, 0.002038 
  0.051288 ,  0.022437, 0.003329 
  0.051169 ,  0.020764, 0.004219 
  0.051010 ,  0.018977, 0.004814 
  0.050812 ,  0.017082, 0.005253 
  0.050575 ,  0.015086, 0.005690 
  0.050299 ,  0.012996, 0.006259 
  0.049984 ,  0.010821, 0.007057 
  0.049632 ,  0.008571, 0.008123 
  0.049242 ,  0.006254, 0.009432 
  0.048815 ,  0.003882, 0.010897 
  0.048353 ,  0.001466, 0.012377 
  0.047854 ,  -0.000982, 0.013699 
  0.047321 ,  -0.003449, 0.014673 
  0.046754 ,  -0.005923, 0.015120 
  0.046153 ,  -0.008390, 0.014892 
  0.045520 ,  -0.010836, 0.013891 
  0.044855 ,  -0.013250, 0.012081 
  0.044159 ,  -0.015616, 0.009492 
  0.043433 ,  -0.017922, 0.006220 
  0.042678 ,  -0.020155, 0.002417 
  0.041896 ,  -0.022301, -0.001718 
  0.041086 ,  -0.024348, -0.005960 
  0.040250 ,  -0.026285, -0.010071 
  0.039389 ,  -0.028099, -0.013822 
  0.038504 ,  -0.029782, -0.017007 
  0.037597 ,  -0.031322, -0.019456 
  0.036668 ,  -0.032712, -0.021045 
  0.035718 ,  -0.033943, -0.021702 
  0.034750 ,  -0.035009, -0.021411 
  0.033763 ,  -0.035905, -0.020209 
  0.032759 ,  -0.036626, -0.018180 
  0.031740 ,  -0.037169, -0.015455 
  0.030706 ,  -0.037533, -0.012196 
  0.029659 ,  -0.037716, -0.008587 
  0.028600 ,  -0.037721, -0.004827 
  0.027530 ,  -0.037549, -0.001111 
  0.026452 ,  -0.037203, 0.002375 
  0.025365 ,  -0.036689, 0.005472 
