   4m__8m 
  0.042714 ,  0.068728, 0.013321 
  0.041333 ,  0.078996, 0.034058 
  0.039901 ,  0.089070, 0.052032 
  0.038419 ,  0.098875, 0.065855 
  0.036887 ,  0.108331, 0.074564 
  0.035305 ,  0.117364, 0.077702 
  0.033676 ,  0.125901, 0.075344 
  0.031998 ,  0.133870, 0.068060 
  0.030274 ,  0.141205, 0.056830 
  0.028504 ,  0.147844, 0.042916 
  0.026689 ,  0.153728, 0.027709 
  0.024829 ,  0.158807, 0.012580 
  0.022927 ,  0.163033, -0.001263 
  0.020982 ,  0.166367, -0.012879 
  0.018996 ,  0.168776, -0.021663 
  0.016971 ,  0.170234, -0.027371 
  0.014906 ,  0.170724, -0.030094 
  0.012804 ,  0.170233, -0.030204 
  0.010666 ,  0.168760, -0.028273 
  0.008492 ,  0.166308, -0.024975 
  0.006284 ,  0.162890, -0.020992 
  0.004043 ,  0.158525, -0.016933 
  0.001771 ,  0.153241, -0.013273 
  -0.000532 ,  0.147072, -0.010316 
  -0.002863 ,  0.140059, -0.008189 
  -0.005221 ,  0.132248, -0.006855 
  -0.007605 ,  0.123692, -0.006149 
  -0.010014 ,  0.114451, -0.005822 
  -0.012446 ,  0.104587, -0.005591 
  -0.014899 ,  0.094168, -0.005184 
  -0.017372 ,  0.083265, -0.004380 
  -0.019864 ,  0.071951, -0.003032 
  -0.022372 ,  0.060302, -0.001083 
  -0.024896 ,  0.048398, 0.001436 
  -0.027433 ,  0.036314, 0.004411 
  -0.029983 ,  0.024132, 0.007665 
  -0.032542 ,  0.011928, 0.010974 
  -0.035111 ,  -0.000220, 0.014089 
  -0.037686 ,  -0.012238, 0.016758 
  -0.040267 ,  -0.024052, 0.018744 
  -0.042852 ,  -0.035593, 0.019842 
  -0.045438 ,  -0.046795, 0.019890 
  -0.048025 ,  -0.057596, 0.018786 
  -0.050609 ,  -0.067938, 0.016497 
  -0.053191 ,  -0.077768, 0.013063 
  -0.055768 ,  -0.087040, 0.008604 
  -0.058337 ,  -0.095710, 0.003318 
  -0.060899 ,  -0.103742, -0.002526 
  -0.063449 ,  -0.111107, -0.008600 
  -0.065988 ,  -0.117778, -0.014534 
  -0.068512 ,  -0.123737, -0.019947 
  -0.071021 ,  -0.128971, -0.024470 
  -0.073512 ,  -0.133472, -0.027780 
  -0.075984 ,  -0.137239, -0.029628 
  -0.078435 ,  -0.140276, -0.029862 
  -0.080862 ,  -0.142591, -0.028441 
  -0.083265 ,  -0.144198, -0.025446 
  -0.085642 ,  -0.145115, -0.021068 
  -0.087990 ,  -0.145364, -0.015594 
  -0.090308 ,  -0.144972, -0.009385 
  -0.092594 ,  -0.143967, -0.002836 
  -0.094846 ,  -0.142383, 0.003647 
  -0.097063 ,  -0.140253, 0.009690 
  -0.099243 ,  -0.137615, 0.014974 
  -0.101384 ,  -0.134506, 0.019252 
  -0.103485 ,  -0.130967, 0.022369 
  -0.105543 ,  -0.127037, 0.024257 
  -0.107558 ,  -0.122756, 0.024930 
  -0.109527 ,  -0.118165, 0.024477 
  -0.111448 ,  -0.113303, 0.023039 
  -0.113321 ,  -0.108209, 0.020795 
  -0.115143 ,  -0.102921, 0.017945 
  -0.116913 ,  -0.097474, 0.014699 
  -0.118630 ,  -0.091902, 0.011260 
  -0.120291 ,  -0.086239, 0.007821 
  -0.121896 ,  -0.080513, 0.004557 
  -0.123443 ,  -0.074754, 0.001618 
  -0.124930 ,  -0.068985, -0.000872 
  -0.126356 ,  -0.063231, -0.002823 
  -0.127720 ,  -0.057511, -0.004188 
  -0.129019 ,  -0.051844, -0.004961 
  -0.130254 ,  -0.046245, -0.005189 
  -0.131423 ,  -0.040728, -0.004968 
  -0.132523 ,  -0.035303, -0.004438 
  -0.133555 ,  -0.029978, -0.003776 
  -0.134517 ,  -0.024762, -0.003173 
  -0.135407 ,  -0.019659, -0.002820 
  -0.136226 ,  -0.014671, -0.002881 
  -0.136971 ,  -0.009802, -0.003466 
  -0.137641 ,  -0.005051, -0.004616 
  -0.138237 ,  -0.000418, -0.006291 
  -0.138756 ,  0.004098, -0.008367 
  -0.139197 ,  0.008499, -0.010645 
  -0.139561 ,  0.012788, -0.012877 
  -0.139846 ,  0.016966, -0.014790 
  -0.140052 ,  0.021037, -0.016127 
  -0.140178 ,  0.025002, -0.016683 
  -0.140222 ,  0.028864, -0.016331 
  -0.140186 ,  0.032624, -0.015047 
  -0.140067 ,  0.036284, -0.012916 
  -0.139866 ,  0.039844, -0.010120 
  -0.139583 ,  0.043304, -0.006922 
  -0.139216 ,  0.046663, -0.003621 
  -0.138766 ,  0.049918, -0.000517 
  -0.138232 ,  0.053067, 0.002134 
  -0.137615 ,  0.056107, 0.004156 
  -0.136913 ,  0.059033, 0.005480 
  -0.136128 ,  0.061840, 0.006150 
  -0.135259 ,  0.064522, 0.006314 
  -0.134306 ,  0.067073, 0.006198 
  -0.133269 ,  0.069486, 0.006066 
  -0.132149 ,  0.071753, 0.006176 
  -0.130945 ,  0.073868, 0.006731 
  -0.129658 ,  0.075821, 0.007845 
  -0.128289 ,  0.077606, 0.009516 
  -0.126838 ,  0.079213, 0.011619 
  -0.125305 ,  0.080637, 0.013925 
  -0.123692 ,  0.081869, 0.016132 
  -0.121998 ,  0.082902, 0.017909 
  -0.120224 ,  0.083731, 0.018949 
  -0.118372 ,  0.084350, 0.019019 
  -0.116442 ,  0.084754, 0.017999 
  -0.114434 ,  0.084940, 0.015907 
  -0.112351 ,  0.084904, 0.012897 
  -0.110193 ,  0.084644, 0.009246 
  -0.107961 ,  0.084161, 0.005307 
  -0.105656 ,  0.083453, 0.001463 
  -0.103280 ,  0.082524, -0.001930 
  -0.100833 ,  0.081376, -0.004604 
  -0.098318 ,  0.080012, -0.006413 
  -0.095736 ,  0.078439, -0.007357 
  -0.093088 ,  0.076661, -0.007584 
  -0.090376 ,  0.074687, -0.007362 
  -0.087601 ,  0.072524, -0.007039 
  -0.084765 ,  0.070183, -0.006978 
  -0.081870 ,  0.067672, -0.007500 
  -0.078918 ,  0.065004, -0.008824 
  -0.075910 ,  0.062190, -0.011023 
  -0.072849 ,  0.059242, -0.014000 
  -0.069735 ,  0.056172, -0.017494 
  -0.066573 ,  0.052995, -0.021105 
  -0.063362 ,  0.049723, -0.024348 
  -0.060107 ,  0.046370, -0.026714 
  -0.056808 ,  0.042949, -0.027740 
  -0.053467 ,  0.039475, -0.027080 
  -0.050089 ,  0.035960, -0.024554 
  -0.046673 ,  0.032418, -0.020177 
  -0.043223 ,  0.028861, -0.014167 
  -0.039742 ,  0.025303, -0.006924 
  -0.036231 ,  0.021755, 0.001016 
  -0.032693 ,  0.018228, 0.009042 
  -0.029131 ,  0.014734, 0.016535 
  -0.025546 ,  0.011281, 0.022937 
  -0.021942 ,  0.007881, 0.027808 
  -0.018321 ,  0.004541, 0.030870 
  -0.014686 ,  0.001270, 0.032018 
  -0.011040 ,  -0.001926, 0.031322 
  -0.007384 ,  -0.005040, 0.029003 
  -0.003721 ,  -0.008067, 0.025387 
  -0.000055 ,  -0.011001, 0.020864 
  0.003612 ,  -0.013839, 0.015835 
  0.007278 ,  -0.016577, 0.010668 
  0.010940 ,  -0.019213, 0.005668 
  0.014595 ,  -0.021745, 0.001057 
  0.018240 ,  -0.024171, -0.003024 
  0.021873 ,  -0.026490, -0.006507 
  0.025491 ,  -0.028703, -0.009378 
  0.029092 ,  -0.030810, -0.011648 
  0.032673 ,  -0.032812, -0.013337 
  0.036231 ,  -0.034709, -0.014449 
  0.039763 ,  -0.036504, -0.014973 
  0.043268 ,  -0.038199, -0.014876 
  0.046742 ,  -0.039796, -0.014122 
  0.050183 ,  -0.041297, -0.012684 
  0.053588 ,  -0.042705, -0.010565 
  0.056955 ,  -0.044024, -0.007817 
  0.060282 ,  -0.045255, -0.004547 
  0.063566 ,  -0.046404, -0.000927 
  0.066805 ,  -0.047472, 0.002821 
  0.069996 ,  -0.048464, 0.006441 
  0.073137 ,  -0.049382, 0.009668 
  0.076226 ,  -0.050231, 0.012255 
  0.079261 ,  -0.051013, 0.014004 
  0.082240 ,  -0.051733, 0.014786 
  0.085160 ,  -0.052392, 0.014559 
  0.088019 ,  -0.052995, 0.013364 
  0.090817 ,  -0.053544, 0.011326 
  0.093550 ,  -0.054042, 0.008630 
  0.096217 ,  -0.054493, 0.005499 
  0.098816 ,  -0.054898, 0.002169 
  0.101345 ,  -0.055259, -0.001146 
  0.103804 ,  -0.055579, -0.004267 
  0.106189 ,  -0.055860, -0.007069 
  0.108501 ,  -0.056102, -0.009485 
  0.110737 ,  -0.056307, -0.011503 
  0.112897 ,  -0.056476, -0.013151 
  0.114979 ,  -0.056609, -0.014483 
  0.116981 ,  -0.056706, -0.015558 
  0.118903 ,  -0.056765, -0.016425 
  0.120745 ,  -0.056788, -0.017104 
  0.122504 ,  -0.056770, -0.017582 
  0.124181 ,  -0.056712, -0.017810 
  0.125774 ,  -0.056611, -0.017712 
  0.127283 ,  -0.056463, -0.017193 
  0.128707 ,  -0.056265, -0.016156 
  0.130047 ,  -0.056014, -0.014514 
  0.131302 ,  -0.055704, -0.012211 
  0.132471 ,  -0.055332, -0.009225 
  0.133554 ,  -0.054892, -0.005582 
  0.134552 ,  -0.054378, -0.001355 
  0.135464 ,  -0.053784, 0.003339 
  0.136290 ,  -0.053104, 0.008343 
  0.137032 ,  -0.052332, 0.013466 
  0.137688 ,  -0.051460, 0.018500 
  0.138261 ,  -0.050482, 0.023223 
  0.138749 ,  -0.049391, 0.027416 
  0.139154 ,  -0.048181, 0.030870 
  0.139476 ,  -0.046843, 0.033399 
  0.139717 ,  -0.045373, 0.034849 
  0.139876 ,  -0.043764, 0.035111 
  0.139956 ,  -0.042009, 0.034126 
  0.139957 ,  -0.040105, 0.031897 
  0.139880 ,  -0.038045, 0.028491 
  0.139726 ,  -0.035827, 0.024041 
  0.139497 ,  -0.033448, 0.018739 
  0.139195 ,  -0.030905, 0.012830 
  0.138820 ,  -0.028197, 0.006591 
  0.138374 ,  -0.025325, 0.000314 
  0.137859 ,  -0.022289, -0.005721 
  0.137277 ,  -0.019092, -0.011268 
  0.136629 ,  -0.015739, -0.016134 
  0.135916 ,  -0.012233, -0.020201 
  0.135142 ,  -0.008581, -0.023426 
  0.134308 ,  -0.004792, -0.025842 
  0.133415 ,  -0.000874, -0.027543 
  0.132467 ,  0.003161, -0.028664 
  0.131464 ,  0.007302, -0.029354 
  0.130409 ,  0.011535, -0.029746 
  0.129305 ,  0.015845, -0.029930 
  0.128154 ,  0.020217, -0.029936 
  0.126958 ,  0.024634, -0.029724 
  0.125718 ,  0.029077, -0.029187 
  0.124438 ,  0.033528, -0.028168 
  0.123121 ,  0.037966, -0.026488 
  0.121767 ,  0.042373, -0.023976 
  0.120381 ,  0.046726, -0.020507 
  0.118963 ,  0.051005, -0.016034 
  0.117517 ,  0.055189, -0.010605 
  0.116045 ,  0.059256, -0.004378 
  0.114550 ,  0.063186, 0.002388 
  0.113034 ,  0.066957, 0.009355 
  0.111499 ,  0.070551, 0.016139 
  0.109948 ,  0.073948, 0.022351 
  0.108384 ,  0.077130, 0.027640 
  0.106809 ,  0.080079, 0.031736 
  0.105224 ,  0.082780, 0.034475 
  0.103634 ,  0.085218, 0.035815 
  0.102039 ,  0.087381, 0.035834 
  0.100443 ,  0.089258, 0.034710 
  0.098847 ,  0.090838, 0.032696 
  0.097254 ,  0.092116, 0.030072 
  0.095667 ,  0.093084, 0.027111 
  0.094086 ,  0.093740, 0.024040 
  0.092515 ,  0.094082, 0.021014 
  0.090956 ,  0.094110, 0.018099 
  0.089410 ,  0.093828, 0.015283 
  0.087880 ,  0.093240, 0.012487 
  0.086367 ,  0.092353, 0.009594 
  0.084874 ,  0.091175, 0.006482 
  0.083402 ,  0.089716, 0.003060 
  0.081952 ,  0.087988, -0.000711 
  0.080527 ,  0.086006, -0.004798 
  0.079128 ,  0.083783, -0.009092 
  0.077756 ,  0.081337, -0.013427 
  0.076413 ,  0.078684, -0.017593 
  0.075101 ,  0.075843, -0.021373 
  0.073819 ,  0.072832, -0.024571 
  0.072570 ,  0.069671, -0.027040 
  0.071355 ,  0.066380, -0.028701 
  0.070175 ,  0.062979, -0.029548 
  0.069029 ,  0.059487, -0.029641 
  0.067920 ,  0.055924, -0.029093 
  0.066848 ,  0.052308, -0.028033 
  0.065813 ,  0.048659, -0.026590 
  0.064816 ,  0.044994, -0.024858 
  0.063857 ,  0.041330, -0.022881 
  0.062937 ,  0.037681, -0.020649 
  0.062056 ,  0.034062, -0.018103 
  0.061213 ,  0.030486, -0.015157 
  0.060409 ,  0.026965, -0.011723 
  0.059643 ,  0.023508, -0.007743 
  0.058916 ,  0.020123, -0.003217 
  0.058227 ,  0.016816, 0.001775 
  0.057575 ,  0.013594, 0.007069 
  0.056960 ,  0.010459, 0.012429 
  0.056382 ,  0.007413, 0.017562 
  0.055839 ,  0.004457, 0.022162 
  0.055331 ,  0.001588, 0.025945 
  0.054857 ,  -0.001195, 0.028691 
  0.054415 ,  -0.003897, 0.030272 
  0.054005 ,  -0.006522, 0.030672 
  0.053626 ,  -0.009078, 0.029987 
  0.053275 ,  -0.011570, 0.028406 
  0.052953 ,  -0.014007, 0.026177 
  0.052656 ,  -0.016396, 0.023565 
  0.052384 ,  -0.018748, 0.020809 
  0.052135 ,  -0.021070, 0.018081 
  0.051908 ,  -0.023372, 0.015461 
  0.051699 ,  -0.025662, 0.012932 
  0.051509 ,  -0.027950, 0.010390 
  0.051334 ,  -0.030244, 0.007676 
  0.051172 ,  -0.032552, 0.004622 
  0.051022 ,  -0.034879, 0.001100 
  0.050882 ,  -0.037234, -0.002935 
  0.050749 ,  -0.039620, -0.007412 
  0.050620 ,  -0.042043, -0.012134 
  0.050495 ,  -0.044505, -0.016788 
  0.050370 ,  -0.047008, -0.020984 
  0.050243 ,  -0.049552, -0.024312 
  0.050111 ,  -0.052137, -0.026402 
  0.049973 ,  -0.054760, -0.026995 
  0.049825 ,  -0.057419, -0.025992 
  0.049666 ,  -0.060108, -0.023484 
  0.049493 ,  -0.062821, -0.019755 
  0.049303 ,  -0.065551, -0.015248 
  0.049094 ,  -0.068290, -0.010510 
  0.048863 ,  -0.071028, -0.006110 
  0.048608 ,  -0.073754, -0.002552 
  0.048327 ,  -0.076457, -0.000195 
  0.048016 ,  -0.079124, 0.000808 
  0.047674 ,  -0.081743, 0.000539 
  0.047298 ,  -0.084299, -0.000692 
  0.046885 ,  -0.086778, -0.002394 
  0.046433 ,  -0.089167, -0.003976 
  0.045941 ,  -0.091450, -0.004848 
  0.045405 ,  -0.093612, -0.004524 
  0.044823 ,  -0.095639, -0.002716 
  0.044193 ,  -0.097516, 0.000598 
  0.043514 ,  -0.099229, 0.005156 
  0.042782 ,  -0.100764, 0.010429 
  0.041996 ,  -0.102108, 0.015694 
  0.041154 ,  -0.103247, 0.020140 
  0.040254 ,  -0.104170, 0.022994 
  0.039294 ,  -0.104865, 0.023651 
  0.038273 ,  -0.105322, 0.021783 
  0.037189 ,  -0.105530, 0.017416 
  0.036040 ,  -0.105481, 0.010948 
  0.034825 ,  -0.105166, 0.003112 
  0.033542 ,  -0.104580, -0.005108 
  0.032191 ,  -0.103716, -0.012619 
  0.030771 ,  -0.102568, -0.018369 
  0.029279 ,  -0.101132, -0.021508 
  0.027715 ,  -0.099406, -0.021520 
  0.026080 ,  -0.097388, -0.018314 
  0.024370 ,  -0.095075, -0.012251 
  0.022587 ,  -0.092467, -0.004106 
  0.020730 ,  -0.089566, 0.005031 
  0.018798 ,  -0.086372, 0.013907 
  0.016792 ,  -0.082887, 0.021283 
  0.014710 ,  -0.079115, 0.026115 
  0.012554 ,  -0.075058, 0.027704 
  0.010323 ,  -0.070722, 0.025804 
  0.008018 ,  -0.066112, 0.020663 
  0.005639 ,  -0.061233, 0.012986 
  0.003186 ,  -0.056091, 0.003837 
  0.000662 ,  -0.050695, -0.005517 
  -0.001935 ,  -0.045053, -0.013790 
  -0.004602 ,  -0.039172, -0.019867 
  -0.007338 ,  -0.033062, -0.022964 
  -0.010143 ,  -0.026734, -0.022747 
  -0.013015 ,  -0.020199, -0.019372 
  -0.015952 ,  -0.013468, -0.013462 
  -0.018952 ,  -0.006554, -0.006005 
  -0.022015 ,  0.000529, 0.001791 
  -0.025137 ,  0.007767, 0.008689 
  -0.028318 ,  0.015145, 0.013602 
  -0.031554 ,  0.022645, 0.015761 
  -0.034843 ,  0.030251, 0.014822 
  -0.038184 ,  0.037943, 0.010913 
  -0.041572 ,  0.045703, 0.004612 
  -0.045007 ,  0.053508, -0.003151 
  -0.048485 ,  0.061338, -0.011236 
  -0.052002 ,  0.069169, -0.018469 
  -0.055557 ,  0.076977, -0.023818 
  -0.059146 ,  0.084736, -0.026543 
  -0.062765 ,  0.092420, -0.026299 
  -0.066413 ,  0.100003, -0.023177 
  -0.070084 ,  0.107454, -0.017676 
  -0.073776 ,  0.114746, -0.010612 
  -0.077484 ,  0.121848, -0.002984 
  -0.081207 ,  0.128730, 0.004183 
  -0.084939 ,  0.135361, 0.010002 
  -0.088677 ,  0.141710, 0.013850 
  -0.092417 ,  0.147744, 0.015453 
  -0.096155 ,  0.153433, 0.014911 
  -0.099888 ,  0.158746, 0.012665 
  -0.103611 ,  0.163650, 0.009403 
  -0.107320 ,  0.168117, 0.005936 
  -0.111011 ,  0.172117, 0.003053 
  -0.114680 ,  0.175622, 0.001389 
  -0.118324 ,  0.178605, 0.001313 
  -0.121936 ,  0.181041, 0.002877 
  -0.125515 ,  0.182906, 0.005812 
  -0.129055 ,  0.184179, 0.009576 
  -0.132552 ,  0.184842, 0.013454 
  -0.136002 ,  0.184877, 0.016684 
  -0.139400 ,  0.184271, 0.018588 
  -0.142744 ,  0.183013, 0.018690 
  -0.146028 ,  0.181097, 0.016794 
  -0.149249 ,  0.178516, 0.013023 
  -0.152403 ,  0.175272, 0.007800 
  -0.155484 ,  0.171366, 0.001777 
  -0.158491 ,  0.166804, -0.004268 
  -0.161418 ,  0.161597, -0.009558 
  -0.164262 ,  0.155759, -0.013436 
  -0.167018 ,  0.149307, -0.015473 
  -0.169685 ,  0.142262, -0.015527 
  -0.172257 ,  0.134650, -0.013764 
  -0.174731 ,  0.126498, -0.010619 
  -0.177104 ,  0.117840, -0.006724 
  -0.179372 ,  0.108709, -0.002801 
  -0.181533 ,  0.099144, 0.000461 
  -0.183582 ,  0.089186, 0.002511 
  -0.185518 ,  0.078880, 0.003023 
  -0.187337 ,  0.068271, 0.001942 
  -0.189036 ,  0.057407, -0.000518 
  -0.190613 ,  0.046338, -0.003918 
  -0.192065 ,  0.035116, -0.007672 
  -0.193390 ,  0.023792, -0.011154 
  -0.194586 ,  0.012420, -0.013797 
  -0.195650 ,  0.001053, -0.015190 
  -0.196581 ,  -0.010257, -0.015132 
  -0.197377 ,  -0.021455, -0.013662 
  -0.198035 ,  -0.032491, -0.011036 
  -0.198556 ,  -0.043315, -0.007672 
  -0.198937 ,  -0.053876, -0.004069 
  -0.199177 ,  -0.064128, -0.000715 
  -0.199275 ,  -0.074027, 0.001999 
  -0.199231 ,  -0.083529, 0.003848 
  -0.199043 ,  -0.092597, 0.004800 
  -0.198712 ,  -0.101194, 0.005014 
  -0.198237 ,  -0.109287, 0.004798 
  -0.197619 ,  -0.116848, 0.004539 
  -0.196856 ,  -0.123851, 0.004617 
  -0.195949 ,  -0.130275, 0.005322 
  -0.194899 ,  -0.136103, 0.006790 
  -0.193707 ,  -0.141322, 0.008959 
  -0.192372 ,  -0.145924, 0.011577 
  -0.190897 ,  -0.149902, 0.014234 
  -0.189282 ,  -0.153258, 0.016436 
  -0.187529 ,  -0.155993, 0.017689 
  -0.185638 ,  -0.158116, 0.017602 
  -0.183613 ,  -0.159638, 0.015959 
  -0.181454 ,  -0.160573, 0.012780 
  -0.179163 ,  -0.160939, 0.008334 
  -0.176743 ,  -0.160758, 0.003107 
  -0.174197 ,  -0.160053, -0.002256 
  -0.171526 ,  -0.158851, -0.007054 
  -0.168733 ,  -0.157181, -0.010637 
  -0.165822 ,  -0.155074, -0.012516 
  -0.162794 ,  -0.152561, -0.012443 
  -0.159654 ,  -0.149678, -0.010462 
  -0.156405 ,  -0.146457, -0.006915 
  -0.153049 ,  -0.142935, -0.002389 
  -0.149591 ,  -0.139147, 0.002361 
  -0.146034 ,  -0.135128, 0.006527 
  -0.142382 ,  -0.130912, 0.009375 
  -0.138639 ,  -0.126534, 0.010356 
  -0.134809 ,  -0.122026, 0.009197 
  -0.130896 ,  -0.117421, 0.005945 
  -0.126905 ,  -0.112748, 0.000961 
  -0.122839 ,  -0.108035, -0.005123 
  -0.118704 ,  -0.103308, -0.011505 
  -0.114504 ,  -0.098592, -0.017327 
  -0.110243 ,  -0.093907, -0.021803 
  -0.105926 ,  -0.089273, -0.024330 
  -0.101558 ,  -0.084706, -0.024580 
  -0.097144 ,  -0.080220, -0.022536 
  -0.092689 ,  -0.075826, -0.018490 
  -0.088197 ,  -0.071533, -0.012991 
  -0.083674 ,  -0.067346, -0.006758 
  -0.079124 ,  -0.063268, -0.000566 
  -0.074554 ,  -0.059302, 0.004871 
  -0.069966 ,  -0.055444, 0.008996 
  -0.065368 ,  -0.051693, 0.011487 
  -0.060764 ,  -0.048041, 0.012288 
  -0.056158 ,  -0.044482, 0.011599 
  -0.051556 ,  -0.041006, 0.009826 
  -0.046964 ,  -0.037604, 0.007498 
  -0.042385 ,  -0.034264, 0.005177 
  -0.037826 ,  -0.030974, 0.003358 
  -0.033291 ,  -0.027719, 0.002392 
  -0.028784 ,  -0.024488, 0.002440 
  -0.024311 ,  -0.021265, 0.003454 
  -0.019877 ,  -0.018039, 0.005201 
  -0.015486 ,  -0.014794, 0.007320 
  -0.011143 ,  -0.011519, 0.009389 
  -0.006852 ,  -0.008202, 0.011009 
  -0.002618 ,  -0.004831, 0.011870 
  0.001554 ,  -0.001397, 0.011805 
  0.005661 ,  0.002109, 0.010808 
  0.009698 ,  0.005695, 0.009027 
  0.013662 ,  0.009366, 0.006726 
  0.017547 ,  0.013126, 0.004222 
  0.021351 ,  0.016977, 0.001828 
  0.025070 ,  0.020920, -0.000218 
  0.028700 ,  0.024954, -0.001788 
  0.032237 ,  0.029075, -0.002888 
  0.035680 ,  0.033280, -0.003648 
  0.039023 ,  0.037560, -0.004281 
  0.042265 ,  0.041909, -0.005030 
  0.045402 ,  0.046316, -0.006102 
  0.048433 ,  0.050770, -0.007609 
  0.051354 ,  0.055258, -0.009526 
  0.054163 ,  0.059767, -0.011674 
  0.056858 ,  0.064281, -0.013738 
  0.059437 ,  0.068784, -0.015316 
  0.061899 ,  0.073261, -0.015982 
  0.064241 ,  0.077692, -0.015378 
  0.066463 ,  0.082062, -0.013285 
  0.068563 ,  0.086352, -0.009686 
  0.070540 ,  0.090544, -0.004798 
  0.072392 ,  0.094620, 0.000938 
  0.074121 ,  0.098564, 0.006900 
  0.075724 ,  0.102356, 0.012369 
  0.077202 ,  0.105982, 0.016630 
  0.078555 ,  0.109426, 0.019084 
  0.079783 ,  0.112672, 0.019342 
  0.080885 ,  0.115706, 0.017297 
  0.081863 ,  0.118517, 0.013155 
  0.082717 ,  0.121092, 0.007416 
  0.083448 ,  0.123420, 0.000812 
  0.084057 ,  0.125494, -0.005797 
  0.084545 ,  0.127303, -0.011542 
  0.084913 ,  0.128843, -0.015677 
  0.085164 ,  0.130108, -0.017686 
  0.085298 ,  0.131094, -0.017361 
  0.085318 ,  0.131798, -0.014836 
  0.085225 ,  0.132218, -0.010559 
  0.085023 ,  0.132355, -0.005228 
  0.084712 ,  0.132209, 0.000324 
  0.084297 ,  0.131781, 0.005256 
  0.083779 ,  0.131074, 0.008851 
  0.083161 ,  0.130092, 0.010631 
  0.082447 ,  0.128838, 0.010425 
  0.081639 ,  0.127317, 0.008397 
  0.080740 ,  0.125534, 0.005019 
  0.079755 ,  0.123494, 0.000987 
  0.078685 ,  0.121202, -0.002890 
  0.077536 ,  0.118665, -0.005824 
  0.076310 ,  0.115889, -0.007176 
  0.075012 ,  0.112878, -0.006565 
  0.073645 ,  0.109639, -0.003931 
  0.072213 ,  0.106176, 0.000450 
  0.070721 ,  0.102496, 0.006008 
  0.069171 ,  0.098603, 0.011962 
  0.067570 ,  0.094500, 0.017440 
  0.065920 ,  0.090194, 0.021615 
  0.064226 ,  0.085687, 0.023829 
  0.062492 ,  0.080983, 0.023691 
  0.060723 ,  0.076086, 0.021138 
  0.058923 ,  0.070999, 0.016435 
  0.057097 ,  0.065724, 0.010135 
  0.055249 ,  0.060264, 0.002985 
  0.053382 ,  0.054623, -0.004183 
  0.051503 ,  0.048802, -0.010586 
  0.049615 ,  0.042807, -0.015600 
  0.047722 ,  0.036639, -0.018845 
  0.045829 ,  0.030302, -0.020229 
  0.043941 ,  0.023802, -0.019941 
  0.042061 ,  0.017143, -0.018403 
  0.040194 ,  0.010331, -0.016180 
  0.038344 ,  0.003373, -0.013871 
  0.036515 ,  -0.003724, -0.012001 
  0.034712 ,  -0.010949, -0.010926 
  0.032937 ,  -0.018294, -0.010775 
  0.031196 ,  -0.025746, -0.011428 
  0.029492 ,  -0.033292, -0.012544 
  0.027829 ,  -0.040918, -0.013627 
  0.026210 ,  -0.048607, -0.014125 
  0.024639 ,  -0.056343, -0.013529 
  0.023119 ,  -0.064105, -0.011477 
  0.021654 ,  -0.071873, -0.007830 
  0.020247 ,  -0.079625, -0.002711 
  0.018901 ,  -0.087336, 0.003504 
  0.017619 ,  -0.094982, 0.010231 
  0.016403 ,  -0.102534, 0.016763 
  0.015257 ,  -0.109967, 0.022376 
  0.014182 ,  -0.117249, 0.026438 
  0.013182 ,  -0.124352, 0.028508 
  0.012258 ,  -0.131243, 0.028400 
  0.011412 ,  -0.137893, 0.026213 
  0.010647 ,  -0.144268, 0.022308 
  0.009963 ,  -0.150338, 0.017255 
  0.009364 ,  -0.156068, 0.011738 
  0.008848 ,  -0.161428, 0.006450 
  0.008420 ,  -0.166387, 0.001986 
  0.008078 ,  -0.170914, -0.001244 
  0.007824 ,  -0.174979, -0.003066 
  0.007659 ,  -0.178554, -0.003562 
  0.007583 ,  -0.181613, -0.003040 
  0.007596 ,  -0.184130, -0.001964 
  0.007699 ,  -0.186084, -0.000871 
  0.007892 ,  -0.187452, -0.000266 
  0.008175 ,  -0.188218, -0.000532 
  0.008546 ,  -0.188366, -0.001857 
  0.009006 ,  -0.187883, -0.004203 
  0.009553 ,  -0.186761, -0.007311 
  0.010188 ,  -0.184993, -0.010742 
  0.010908 ,  -0.182576, -0.013959 
  0.011713 ,  -0.179512, -0.016417 
  0.012601 ,  -0.175803, -0.017660 
  0.013570 ,  -0.171458, -0.017406 
  0.014620 ,  -0.166489, -0.015598 
  0.015747 ,  -0.160910, -0.012424 
  0.016951 ,  -0.154739, -0.008287 
  0.018228 ,  -0.147999, -0.003752 
  0.019576 ,  -0.140714, 0.000551 
  0.020994 ,  -0.132914, 0.004018 
  0.022478 ,  -0.124629, 0.006177 
  0.024025 ,  -0.115894, 0.006756 
  0.025633 ,  -0.106746, 0.005735 
  0.027299 ,  -0.097225, 0.003350 
  0.029020 ,  -0.087372, 0.000054 
  0.030792 ,  -0.077231, -0.003546 
  0.032612 ,  -0.066848, -0.006787 
  0.034477 ,  -0.056270, -0.009052 
  0.036383 ,  -0.045543, -0.009859 
  0.038327 ,  -0.034717, -0.008943 
  0.040305 ,  -0.023841, -0.006288 
  0.042313 ,  -0.012963, -0.002134 
  0.044347 ,  -0.002133, 0.003064 
  0.046404 ,  0.008601, 0.008702 
  0.048480 ,  0.019192, 0.014112 
  0.050570 ,  0.029594, 0.018664 
  0.052671 ,  0.039762, 0.021844 
  0.054779 ,  0.049652, 0.023325 
  0.056889 ,  0.059224, 0.022996 
  0.058998 ,  0.068439, 0.020969 
  0.061101 ,  0.077260, 0.017541 
  0.063195 ,  0.085655, 0.013144 
  0.065275 ,  0.093593, 0.008269 
  0.067338 ,  0.101045, 0.003396 
  0.069379 ,  0.107987, -0.001075 
  0.071394 ,  0.114399, -0.004862 
  0.073380 ,  0.120262, -0.007826 
  0.075332 ,  0.125562, -0.009963 
  0.077247 ,  0.130287, -0.011378 
  0.079121 ,  0.134430, -0.012236 
  0.080950 ,  0.137988, -0.012719 
  0.082730 ,  0.140957, -0.012974 
  0.084458 ,  0.143343, -0.013087 
  0.086131 ,  0.145148, -0.013062 
  0.087745 ,  0.146383, -0.012836 
  0.089296 ,  0.147059, -0.012296 
  0.090782 ,  0.147189, -0.011320 
  0.092199 ,  0.146791, -0.009817 
  0.093545 ,  0.145883, -0.007762 
  0.094817 ,  0.144487, -0.005220 
  0.096011 ,  0.142626, -0.002350 
  0.097126 ,  0.140325, 0.000609 
  0.098158 ,  0.137610, 0.003376 
  0.099106 ,  0.134509, 0.005668 
  0.099968 ,  0.131052, 0.007255 
  0.100741 ,  0.127267, 0.008001 
  0.101423 ,  0.123185, 0.007894 
  0.102013 ,  0.118837, 0.007053 
  0.102510 ,  0.114254, 0.005715 
  0.102911 ,  0.109466, 0.004196 
  0.103216 ,  0.104504, 0.002839 
  0.103424 ,  0.099399, 0.001950 
  0.103533 ,  0.094180, 0.001742 
  0.103544 ,  0.088877, 0.002291 
  0.103455 ,  0.083517, 0.003517 
  0.103266 ,  0.078128, 0.005186 
  0.102977 ,  0.072736, 0.006946 
  0.102589 ,  0.067365, 0.008387 
  0.102100 ,  0.062039, 0.009105 
  0.101512 ,  0.056780, 0.008784 
  0.100825 ,  0.051609, 0.007254 
  0.100040 ,  0.046545, 0.004532 
  0.099158 ,  0.041605, 0.000840 
  0.098179 ,  0.036806, -0.003423 
  0.097105 ,  0.032162, -0.007729 
  0.095937 ,  0.027687, -0.011500 
  0.094678 ,  0.023390, -0.014195 
  0.093328 ,  0.019282, -0.015395 
  0.091889 ,  0.015372, -0.014881 
  0.090364 ,  0.011665, -0.012667 
  0.088755 ,  0.008167, -0.009013 
  0.087063 ,  0.004883, -0.004393 
  0.085293 ,  0.001813, 0.000576 
  0.083445 ,  -0.001041, 0.005217 
  0.081524 ,  -0.003678, 0.008900 
  0.079531 ,  -0.006101, 0.011138 
  0.077471 ,  -0.008313, 0.011660 
  0.075345 ,  -0.010316, 0.010456 
  0.073158 ,  -0.012117, 0.007781 
  0.070912 ,  -0.013720, 0.004112 
  0.068612 ,  -0.015133, 0.000080 
  0.066261 ,  -0.016364, -0.003635 
  0.063862 ,  -0.017420, -0.006409 
  0.061420 ,  -0.018312, -0.007775 
  0.058938 ,  -0.019049, -0.007501 
  0.056419 ,  -0.019642, -0.005627 
  0.053869 ,  -0.020103, -0.002464 
  0.051292 ,  -0.020442, 0.001453 
  0.048690 ,  -0.020673, 0.005447 
  0.046069 ,  -0.020807, 0.008810 
  0.043432 ,  -0.020859, 0.010908 
  0.040784 ,  -0.020840, 0.011292 
  0.038129 ,  -0.020765, 0.009769 
  0.035472 ,  -0.020647, 0.006442 
  0.032816 ,  -0.020499, 0.001699 
  0.030166 ,  -0.020335, -0.003842 
  0.027526 ,  -0.020169, -0.009418 
  0.024900 ,  -0.020012, -0.014235 
  0.022293 ,  -0.019879, -0.017589 
  0.019708 ,  -0.019782, -0.018967 
  0.017150 ,  -0.019733, -0.018126 
  0.014623 ,  -0.019742, -0.015129 
  0.012131 ,  -0.019822, -0.010334 
  0.009678 ,  -0.019982, -0.004340 
  0.007268 ,  -0.020232, 0.002101 
  0.004904 ,  -0.020579, 0.008196 
  0.002591 ,  -0.021032, 0.013228 
  0.000332 ,  -0.021597, 0.016655 
  -0.001870 ,  -0.022278, 0.018184 
  -0.004011 ,  -0.023081, 0.017805 
  -0.006087 ,  -0.024009, 0.015776 
  -0.008095 ,  -0.025062, 0.012572 
  -0.010033 ,  -0.026241, 0.008799 
  -0.011898 ,  -0.027546, 0.005090 
  -0.013685 ,  -0.028973, 0.001997 
  -0.015394 ,  -0.030520, -0.000096 
  -0.017021 ,  -0.032180, -0.001032 
  -0.018563 ,  -0.033948, -0.000902 
  -0.020019 ,  -0.035816, -0.000024 
  -0.021387 ,  -0.037775, 0.001126 
  -0.022664 ,  -0.039814, 0.001994 
  -0.023849 ,  -0.041921, 0.002061 
  -0.024940 ,  -0.044086, 0.000935 
  -0.025936 ,  -0.046292, -0.001560 
  -0.026836 ,  -0.048528, -0.005346 
  -0.027638 ,  -0.050776, -0.010081 
  -0.028342 ,  -0.053021, -0.015200 
  -0.028947 ,  -0.055247, -0.019992 
  -0.029452 ,  -0.057438, -0.023704 
  -0.029857 ,  -0.059575, -0.025658 
  -0.030162 ,  -0.061642, -0.025357 
  -0.030368 ,  -0.063621, -0.022573 
  -0.030473 ,  -0.065497, -0.017393 
  -0.030480 ,  -0.067252, -0.010226 
  -0.030387 ,  -0.068870, -0.001756 
  -0.030197 ,  -0.070337, 0.007143 
  -0.029911 ,  -0.071638, 0.015514 
  -0.029528 ,  -0.072759, 0.022449 
  -0.029052 ,  -0.073688, 0.027209 
  -0.028482 ,  -0.074413, 0.029320 
  -0.027822 ,  -0.074926, 0.028638 
  -0.027073 ,  -0.075217, 0.025360 
  -0.026237 ,  -0.075280, 0.020002 
  -0.025316 ,  -0.075110, 0.013315 
  -0.024313 ,  -0.074701, 0.006187 
  -0.023230 ,  -0.074054, -0.000483 
  -0.022071 ,  -0.073166, -0.005905 
  -0.020838 ,  -0.072039, -0.009501 
  -0.019534 ,  -0.070677, -0.010977 
  -0.018162 ,  -0.069082, -0.010351 
  -0.016726 ,  -0.067262, -0.007937 
  -0.015229 ,  -0.065224, -0.004292 
  -0.013675 ,  -0.062976, -0.000121 
  -0.012068 ,  -0.060529, 0.003826 
  -0.010411 ,  -0.057893, 0.006864 
  -0.008709 ,  -0.055080, 0.008475 
  -0.006965 ,  -0.052105, 0.008372 
  -0.005184 ,  -0.048980, 0.006537 
  -0.003370 ,  -0.045719, 0.003215 
  -0.001528 ,  -0.042338, -0.001135 
  0.000339 ,  -0.038852, -0.005905 
  0.002226 ,  -0.035275, -0.010440 
  0.004128 ,  -0.031622, -0.014130 
  0.006040 ,  -0.027909, -0.016497 
  0.007958 ,  -0.024149, -0.017266 
  0.009877 ,  -0.020357, -0.016390 
  0.011793 ,  -0.016545, -0.014057 
  0.013700 ,  -0.012726, -0.010649 
  0.015595 ,  -0.008912, -0.006683 
  0.017471 ,  -0.005114, -0.002727 
  0.019325 ,  -0.001340, 0.000685 
  0.021152 ,  0.002400, 0.003132 
  0.022946 ,  0.006100, 0.004364 
  0.024704 ,  0.009752, 0.004338 
  0.026421 ,  0.013352, 0.003215 
  0.028091 ,  0.016896, 0.001335 
  0.029711 ,  0.020381, -0.000846 
  0.031276 ,  0.023805, -0.002821 
  0.032782 ,  0.027167, -0.004114 
  0.034223 ,  0.030467, -0.004355 
  0.035597 ,  0.033706, -0.003335 
  0.036899 ,  0.036884, -0.001037 
  0.038124 ,  0.040005, 0.002357 
  0.039269 ,  0.043069, 0.006491 
  0.040330 ,  0.046079, 0.010888 
  0.041303 ,  0.049039, 0.015013 
  0.042185 ,  0.051949, 0.018348 
  0.042973 ,  0.054813, 0.020464 
  0.043662 ,  0.057632, 0.021077 
  0.044250 ,  0.060408, 0.020088 
  0.044734 ,  0.063141, 0.017588 
  0.045111 ,  0.065830, 0.013845 
  0.045379 ,  0.068476, 0.009265 
  0.045534 ,  0.071075, 0.004329 
  0.045575 ,  0.073625, -0.000468 
  0.045499 ,  0.076122, -0.004686 
  0.045306 ,  0.078559, -0.007996 
  0.044991 ,  0.080930, -0.010219 
  0.044556 ,  0.083227, -0.011336 
  0.043997 ,  0.085441, -0.011486 
  0.043314 ,  0.087562, -0.010929 
  0.042506 ,  0.089577, -0.010001 
  0.041572 ,  0.091475, -0.009051 
  0.040512 ,  0.093241, -0.008388 
  0.039325 ,  0.094861, -0.008228 
  0.038012 ,  0.096321, -0.008658 
  0.036572 ,  0.097604, -0.009624 
  0.035005 ,  0.098694, -0.010942 
  0.033313 ,  0.099575, -0.012322 
  0.031497 ,  0.100232, -0.013421 
  0.029556 ,  0.100648, -0.013895 
  0.027492 ,  0.100807, -0.013461 
  0.025308 ,  0.100695, -0.011937 
  0.023003 ,  0.100298, -0.009288 
  0.020581 ,  0.099603, -0.005629 
  0.018043 ,  0.098598, -0.001223 
  0.015391 ,  0.097273, 0.003554 
  0.012629 ,  0.095620, 0.008258 
  0.009758 ,  0.093632, 0.012438 
  0.006781 ,  0.091305, 0.015695 
  0.003703 ,  0.088637, 0.017736 
  0.000524 ,  0.085626, 0.018411 
  -0.002749 ,  0.082277, 0.017739 
  -0.006116 ,  0.078592, 0.015893 
  -0.009570 ,  0.074581, 0.013184 
  -0.013109 ,  0.070252, 0.010010 
  -0.016729 ,  0.065618, 0.006797 
  -0.020424 ,  0.060694, 0.003945 
  -0.024191 ,  0.055497, 0.001766 
  -0.028025 ,  0.050048, 0.000445 
  -0.031922 ,  0.044367, 0.000014 
  -0.035876 ,  0.038479, 0.000355 
  -0.039883 ,  0.032410, 0.001222 
  -0.043937 ,  0.026188, 0.002279 
  -0.048034 ,  0.019842, 0.003161 
  -0.052168 ,  0.013402, 0.003525 
  -0.056333 ,  0.006901, 0.003113 
  -0.060525 ,  0.000371, 0.001792 
  -0.064737 ,  -0.006155, -0.000424 
  -0.068964 ,  -0.012644, -0.003368 
  -0.073201 ,  -0.019062, -0.006744 
  -0.077441 ,  -0.025377, -0.010164 
  -0.081680 ,  -0.031554, -0.013208 
  -0.085910 ,  -0.037564, -0.015478 
  -0.090127 ,  -0.043375, -0.016657 
  -0.094324 ,  -0.048957, -0.016555 
  -0.098496 ,  -0.054283, -0.015133 
  -0.102636 ,  -0.059328, -0.012516 
  -0.106740 ,  -0.064066, -0.008966 
  -0.110800 ,  -0.068477, -0.004857 
  -0.114812 ,  -0.072540, -0.000612 
  -0.118770 ,  -0.076240, 0.003341 
  -0.122668 ,  -0.079562, 0.006635 
  -0.126500 ,  -0.082494, 0.009004 
  -0.130260 ,  -0.085028, 0.010311 
  -0.133944 ,  -0.087157, 0.010563 
  -0.137546 ,  -0.088879, 0.009893 
  -0.141060 ,  -0.090194, 0.008538 
  -0.144481 ,  -0.091103, 0.006791 
  -0.147805 ,  -0.091612, 0.004956 
  -0.151026 ,  -0.091728, 0.003303 
  -0.154139 ,  -0.091463, 0.002026 
  -0.157140 ,  -0.090827, 0.001224 
  -0.160024 ,  -0.089837, 0.000895 
  -0.162787 ,  -0.088509, 0.000944 
  -0.165423 ,  -0.086861, 0.001210 
  -0.167930 ,  -0.084914, 0.001505 
  -0.170303 ,  -0.082690, 0.001649 
  -0.172538 ,  -0.080211, 0.001505 
  -0.174632 ,  -0.077500, 0.001009 
  -0.176582 ,  -0.074584, 0.000174 
  -0.178383 ,  -0.071487, -0.000905 
  -0.180034 ,  -0.068234, -0.002076 
  -0.181531 ,  -0.064851, -0.003158 
  -0.182871 ,  -0.061364, -0.003973 
  -0.184052 ,  -0.057798, -0.004383 
  -0.185073 ,  -0.054179, -0.004318 
  -0.185930 ,  -0.050529, -0.003789 
  -0.186622 ,  -0.046873, -0.002890 
  -0.187148 ,  -0.043234, -0.001783 
  -0.187506 ,  -0.039632, -0.000669 
  -0.187696 ,  -0.036089, 0.000246 
  -0.187716 ,  -0.032623, 0.000787 
  -0.187565 ,  -0.029252, 0.000847 
  -0.187244 ,  -0.025993, 0.000405 
  -0.186752 ,  -0.022861, -0.000464 
  -0.186088 ,  -0.019869, -0.001599 
  -0.185255 ,  -0.017030, -0.002779 
  -0.184251 ,  -0.014354, -0.003757 
  -0.183078 ,  -0.011850, -0.004303 
  -0.181737 ,  -0.009527, -0.004245 
  -0.180229 ,  -0.007390, -0.003499 
  -0.178555 ,  -0.005445, -0.002092 
  -0.176718 ,  -0.003695, -0.000160 
  -0.174718 ,  -0.002143, 0.002071 
  -0.172558 ,  -0.000790, 0.004316 
  -0.170241 ,  0.000363, 0.006274 
  -0.167769 ,  0.001317, 0.007679 
  -0.165144 ,  0.002076, 0.008342 
  -0.162371 ,  0.002641, 0.008182 
  -0.159451 ,  0.003016, 0.007242 
  -0.156388 ,  0.003206, 0.005686 
  -0.153187 ,  0.003217, 0.003768 
  -0.149849 ,  0.003054, 0.001799 
  -0.146381 ,  0.002726, 0.000090 
  -0.142784 ,  0.002239, -0.001096 
  -0.139065 ,  0.001603, -0.001591 
  -0.135227 ,  0.000826, -0.001352 
  -0.131275 ,  -0.000082, -0.000474 
  -0.127213 ,  -0.001111, 0.000827 
  -0.123047 ,  -0.002250, 0.002244 
  -0.118781 ,  -0.003486, 0.003425 
  -0.114420 ,  -0.004808, 0.004037 
  -0.109971 ,  -0.006204, 0.003819 
  -0.105437 ,  -0.007659, 0.002630 
  -0.100825 ,  -0.009161, 0.000478 
  -0.096140 ,  -0.010694, -0.002470 
  -0.091388 ,  -0.012244, -0.005910 
  -0.086575 ,  -0.013796, -0.009438 
  -0.081706 ,  -0.015333, -0.012610 
  -0.076786 ,  -0.016840, -0.015003 
  -0.071823 ,  -0.018300, -0.016282 
  -0.066821 ,  -0.019697, -0.016246 
  -0.061788 ,  -0.021013, -0.014862 
  -0.056728 ,  -0.022231, -0.012270 
  -0.051648 ,  -0.023334, -0.008760 
  -0.046554 ,  -0.024306, -0.004731 
  -0.041451 ,  -0.025128, -0.000631 
  -0.036347 ,  -0.025786, 0.003111 
  -0.031246 ,  -0.026262, 0.006147 
  -0.026155 ,  -0.026541, 0.008261 
  -0.021079 ,  -0.026608, 0.009391 
  -0.016025 ,  -0.026450, 0.009637 
  -0.010998 ,  -0.026053, 0.009232 
  -0.006004 ,  -0.025406, 0.008492 
  -0.001048 ,  -0.024499, 0.007759 
  0.003863 ,  -0.023321, 0.007331 
  0.008725 ,  -0.021867, 0.007406 
  0.013531 ,  -0.020129, 0.008038 
  0.018277 ,  -0.018106, 0.009122 
  0.022958 ,  -0.015795, 0.010408 
  0.027568 ,  -0.013195, 0.011535 
  0.032102 ,  -0.010311, 0.012099 
  0.036556 ,  -0.007147, 0.011725 
  0.040925 ,  -0.003710, 0.010138 
  0.045205 ,  -0.000010, 0.007229 
  0.049390 ,  0.003942, 0.003093 
  0.053478 ,  0.008131, -0.001961 
  0.057463 ,  0.012541, -0.007439 
  0.061343 ,  0.017152, -0.012716 
  0.065112 ,  0.021944, -0.017119 
  0.068769 ,  0.026894, -0.020023 
  0.072308 ,  0.031977, -0.020943 
  0.075728 ,  0.037165, -0.019620 
  0.079025 ,  0.042431, -0.016066 
  0.082197 ,  0.047744, -0.010586 
  0.085240 ,  0.053074, -0.003752 
  0.088153 ,  0.058388, 0.003663 
  0.090933 ,  0.063654, 0.010773 
  0.093579 ,  0.068839, 0.016693 
  0.096088 ,  0.073910, 0.020659 
  0.098459 ,  0.078833, 0.022122 
  0.100690 ,  0.083576, 0.020832 
  0.102781 ,  0.088106, 0.016871 
  0.104731 ,  0.092393, 0.010645 
  0.106538 ,  0.096406, 0.002840 
  0.108203 ,  0.100118, -0.005667 
  0.109724 ,  0.103501, -0.013919 
  0.111103 ,  0.106531, -0.020998 
  0.112338 ,  0.109186, -0.026141 
  0.113431 ,  0.111446, -0.028828 
  0.114381 ,  0.113294, -0.028842 
  0.115189 ,  0.114715, -0.026288 
  0.115857 ,  0.115699, -0.021558 
  0.116386 ,  0.116235, -0.015277 
  0.116776 ,  0.116320, -0.008204 
  0.117029 ,  0.115951, -0.001127 
  0.117148 ,  0.115128, 0.005237 
  0.117132 ,  0.113856, 0.010339 
  0.116986 ,  0.112143, 0.013850 
  0.116711 ,  0.109998, 0.015692 
  0.116309 ,  0.107433, 0.016027 
  0.115782 ,  0.104466, 0.015205 
  0.115134 ,  0.101114, 0.013697 
  0.114368 ,  0.097398, 0.012008 
  0.113486 ,  0.093341, 0.010592 
  0.112491 ,  0.088967, 0.009776 
  0.111387 ,  0.084302, 0.009719 
  0.110177 ,  0.079374, 0.010385 
  0.108865 ,  0.074213, 0.011564 
  0.107454 ,  0.068847, 0.012912 
  0.105947 ,  0.063305, 0.014016 
  0.104350 ,  0.057620, 0.014470 
  0.102665 ,  0.051819, 0.013947 
  0.100897 ,  0.045934, 0.012259 
  0.099049 ,  0.039992, 0.009391 
  0.097127 ,  0.034023, 0.005511 
  0.095133 ,  0.028051, 0.000945 
  0.093073 ,  0.022104, -0.003866 
  0.090951 ,  0.016204, -0.008442 
  0.088771 ,  0.010373, -0.012325 
  0.086537 ,  0.004631, -0.015159 
  0.084255 ,  -0.001003, -0.016736 
  0.081927 ,  -0.006516, -0.017030 
  0.079560 ,  -0.011893, -0.016197 
  0.077157 ,  -0.017123, -0.014543 
  0.074723 ,  -0.022199, -0.012479 
  0.072263 ,  -0.027113, -0.010448 
  0.069780 ,  -0.031862, -0.008849 
  0.067279 ,  -0.036444, -0.007976 
  0.064765 ,  -0.040860, -0.007962 
  0.062242 ,  -0.045111, -0.008759 
  0.059714 ,  -0.049202, -0.010138 
  0.057186 ,  -0.053138, -0.011726 
  0.054661 ,  -0.056926, -0.013063 
  0.052144 ,  -0.060575, -0.013675 
  0.049639 ,  -0.064093, -0.013154 
  0.047150 ,  -0.067492, -0.011229 
  0.044680 ,  -0.070779, -0.007814 
  0.042235 ,  -0.073968, -0.003039 
  0.039816 ,  -0.077067, 0.002759 
  0.037429 ,  -0.080088, 0.009072 
  0.035076 ,  -0.083040, 0.015285 
  0.032761 ,  -0.085932, 0.020753 
  0.030487 ,  -0.088772, 0.024890 
  0.028257 ,  -0.091567, 0.027247 
  0.026075 ,  -0.094322, 0.027572 
  0.023942 ,  -0.097042, 0.025849 
  0.021863 ,  -0.099729, 0.022297 
  0.019840 ,  -0.102383, 0.017344 
  0.017875 ,  -0.105003, 0.011568 
  0.015971 ,  -0.107587, 0.005622 
  0.014129 ,  -0.110128, 0.000147 
  0.012353 ,  -0.112619, -0.004309 
  0.010643 ,  -0.115052, -0.007360 
  0.009002 ,  -0.117415, -0.008827 
  0.007431 ,  -0.119695, -0.008750 
  0.005932 ,  -0.121877, -0.007372 
  0.004507 ,  -0.123946, -0.005100 
  0.003156 ,  -0.125883, -0.002433 
  0.001880 ,  -0.127670, 0.000106 
  0.000680 ,  -0.129285, 0.002050 
  -0.000442 ,  -0.130708, 0.003048 
  -0.001487 ,  -0.131916, 0.002915 
  -0.002454 ,  -0.132888, 0.001646 
  -0.003342 ,  -0.133600, -0.000592 
  -0.004152 ,  -0.134031, -0.003486 
  -0.004884 ,  -0.134157, -0.006637 
  -0.005537 ,  -0.133956, -0.009617 
  -0.006112 ,  -0.133408, -0.012035 
  -0.006610 ,  -0.132493, -0.013588 
  -0.007030 ,  -0.131191, -0.014102 
  -0.007375 ,  -0.129486, -0.013548 
  -0.007644 ,  -0.127362, -0.012033 
  -0.007838 ,  -0.124804, -0.009781 
  -0.007960 ,  -0.121802, -0.007083 
  -0.008009 ,  -0.118346, -0.004254 
  -0.007987 ,  -0.114430, -0.001580 
  -0.007896 ,  -0.110049, 0.000720 
  -0.007738 ,  -0.105202, 0.002525 
  -0.007513 ,  -0.099890, 0.003814 
  -0.007224 ,  -0.094117, 0.004661 
  -0.006872 ,  -0.087891, 0.005205 
  -0.006461 ,  -0.081221, 0.005613 
  -0.005990 ,  -0.074121, 0.006042 
  -0.005464 ,  -0.066607, 0.006600 
  -0.004883 ,  -0.058697, 0.007319 
  -0.004250 ,  -0.050413, 0.008143 
  -0.003568 ,  -0.041780, 0.008936 
  -0.002839 ,  -0.032825, 0.009504 
  -0.002065 ,  -0.023577, 0.009627 
  -0.001248 ,  -0.014069, 0.009106 
  -0.000393 ,  -0.004334, 0.007803 
  0.000500 ,  0.005591, 0.005673 
  0.001428 ,  0.015668, 0.002788 
  0.002387 ,  0.025858, -0.000664 
  0.003376 ,  0.036120, -0.004391 
  0.004391 ,  0.046411, -0.008032 
  0.005430 ,  0.056687, -0.011203 
  0.006491 ,  0.066906, -0.013547 
  0.007570 ,  0.077022, -0.014780 
  0.008665 ,  0.086992, -0.014736 
  0.009773 ,  0.096770, -0.013384 
  0.010892 ,  0.106312, -0.010840 
  0.012019 ,  0.115574, -0.007346 
  0.013152 ,  0.124514, -0.003241 
  0.014288 ,  0.133089, 0.001081 
  0.015424 ,  0.141259, 0.005228 
  0.016558 ,  0.148984, 0.008851 
  0.017689 ,  0.156227, 0.011686 
  0.018812 ,  0.162953, 0.013578 
  0.019927 ,  0.169128, 0.014489 
  0.021031 ,  0.174721, 0.014489 
  0.022121 ,  0.179704, 0.013728 
  0.023196 ,  0.184052, 0.012405 
  0.024254 ,  0.187740, 0.010727 
  0.025293 ,  0.190751, 0.008876 
  0.026311 ,  0.193067, 0.006981 
  0.027306 ,  0.194676, 0.005109 
  0.028276 ,  0.195568, 0.003263 
  0.029221 ,  0.195736, 0.001399 
  0.030138 ,  0.195178, -0.000544 
  0.031026 ,  0.193896, -0.002624 
  0.031884 ,  0.191894, -0.004856 
  0.032711 ,  0.189181, -0.007200 
  0.033506 ,  0.185769, -0.009549 
  0.034267 ,  0.181673, -0.011737 
  0.034993 ,  0.176914, -0.013559 
  0.035685 ,  0.171514, -0.014802 
  0.036341 ,  0.165500, -0.015282 
  0.036961 ,  0.158901, -0.014883 
  0.037544 ,  0.151750, -0.013583 
  0.038089 ,  0.144083, -0.011470 
  0.038598 ,  0.135940, -0.008741 
  0.039069 ,  0.127360, -0.005680 
  0.039502 ,  0.118387, -0.002621 
  0.039898 ,  0.109068, 0.000096 
  0.040256 ,  0.099449, 0.002180 
  0.040577 ,  0.089580, 0.003429 
  0.040862 ,  0.079511, 0.003772 
  0.041110 ,  0.069293, 0.003277 
  0.041322 ,  0.058978, 0.002151 
  0.041499 ,  0.048618, 0.000704 
  0.041642 ,  0.038265, -0.000689 
  0.041751 ,  0.027970, -0.001650 
  0.041827 ,  0.017784, -0.001861 
  0.041871 ,  0.007757, -0.001111 
  0.041885 ,  -0.002063, 0.000662 
  0.041868 ,  -0.011630, 0.003354 
  0.041823 ,  -0.020899, 0.006705 
  0.041751 ,  -0.029830, 0.010334 
  0.041653 ,  -0.038382, 0.013788 
  0.041530 ,  -0.046520, 0.016610 
  0.041384 ,  -0.054212, 0.018406 
  0.041216 ,  -0.061428, 0.018899 
  0.041028 ,  -0.068142, 0.017977 
  0.040821 ,  -0.074333, 0.015703 
  0.040597 ,  -0.079984, 0.012310 
  0.040358 ,  -0.085080, 0.008165 
  0.040104 ,  -0.089613, 0.003713 
  0.039838 ,  -0.093577, -0.000587 
  0.039561 ,  -0.096971, -0.004332 
  0.039276 ,  -0.099799, -0.007228 
  0.038983 ,  -0.102069, -0.009130 
  0.038684 ,  -0.103790, -0.010057 
  0.038382 ,  -0.104979, -0.010177 
  0.038077 ,  -0.105654, -0.009765 
  0.037772 ,  -0.105837, -0.009155 
  0.037467 ,  -0.105554, -0.008667 
  0.037166 ,  -0.104832, -0.008552 
  0.036869 ,  -0.103703, -0.008938 
  0.036577 ,  -0.102199, -0.009804 
  0.036293 ,  -0.100355, -0.010980 
  0.036017 ,  -0.098206, -0.012174 
  0.035752 ,  -0.095791, -0.013018 
  0.035498 ,  -0.093148, -0.013138 
  0.035258 ,  -0.090314, -0.012220 
  0.035031 ,  -0.087328, -0.010077 
  0.034820 ,  -0.084227, -0.006691 
  0.034626 ,  -0.081049, -0.002237 
  0.034449 ,  -0.077829, 0.002933 
  0.034291 ,  -0.074602, 0.008321 
  0.034153 ,  -0.071399, 0.013355 
  0.034035 ,  -0.068251, 0.017460 
  0.033938 ,  -0.065185, 0.020144 
  0.033863 ,  -0.062227, 0.021066 
  0.033810 ,  -0.059397, 0.020090 
  0.033781 ,  -0.056716, 0.017305 
  0.033775 ,  -0.054200, 0.013017 
  0.033793 ,  -0.051859, 0.007707 
  0.033834 ,  -0.049705, 0.001965 
  0.033900 ,  -0.047743, -0.003588 
  0.033990 ,  -0.045975, -0.008386 
  0.034103 ,  -0.044402, -0.011988 
  0.034241 ,  -0.043019, -0.014133 
  0.034402 ,  -0.041821, -0.014762 
  0.034587 ,  -0.040797, -0.014015 
  0.034794 ,  -0.039937, -0.012191 
  0.035023 ,  -0.039227, -0.009693 
  0.035274 ,  -0.038651, -0.006957 
  0.035545 ,  -0.038192, -0.004382 
  0.035836 ,  -0.037831, -0.002266 
  0.036147 ,  -0.037548, -0.000770 
  0.036474 ,  -0.037323, 0.000095 
  0.036819 ,  -0.037136, 0.000462 
  0.037179 ,  -0.036967, 0.000561 
  0.037552 ,  -0.036794, 0.000672 
  0.037939 ,  -0.036600, 0.001061 
  0.038336 ,  -0.036365, 0.001924 
  0.038743 ,  -0.036072, 0.003348 
  0.039157 ,  -0.035707, 0.005285 
  0.039577 ,  -0.035255, 0.007563 
  0.040001 ,  -0.034705, 0.009912 
  0.040428 ,  -0.034048, 0.012012 
  0.040854 ,  -0.033276, 0.013548 
  0.041279 ,  -0.032385, 0.014271 
  0.041699 ,  -0.031372, 0.014042 
  0.042113 ,  -0.030238, 0.012858 
  0.042519 ,  -0.028986, 0.010853 
  0.042914 ,  -0.027620, 0.008277 
  0.043296 ,  -0.026147, 0.005449 
  0.043662 ,  -0.024578, 0.002705 
  0.044011 ,  -0.022922, 0.000328 
  0.044339 ,  -0.021194, -0.001493 
  0.044644 ,  -0.019406, -0.002706 
  0.044925 ,  -0.017576, -0.003401 
  0.045177 ,  -0.015719, -0.003792 
  0.045400 ,  -0.013851, -0.004173 
  0.045590 ,  -0.011991, -0.004860 
  0.045745 ,  -0.010155, -0.006119 
  0.045862 ,  -0.008359, -0.008103 
  0.045940 ,  -0.006619, -0.010807 
  0.045975 ,  -0.004950, -0.014045 
  0.045965 ,  -0.003365, -0.017465 
  0.045907 ,  -0.001875, -0.020592 
  0.045801 ,  -0.000491, -0.022896 
  0.045642 ,  0.000782, -0.023878 
  0.045429 ,  0.001937, -0.023158 
  0.045160 ,  0.002973, -0.020551 
  0.044833 ,  0.003889, -0.016110 
  0.044445 ,  0.004689, -0.010147 
  0.043995 ,  0.005379, -0.003200 
  0.043480 ,  0.005967, 0.004029 
  0.042899 ,  0.006465, 0.010766 
  0.042250 ,  0.006886, 0.016276 
  0.041531 ,  0.007247, 0.019970 
  0.040742 ,  0.007568, 0.021494 
  0.039879 ,  0.007868, 0.020786 
  0.038943 ,  0.008170, 0.018088 
  0.037931 ,  0.008498, 0.013918 
  0.036843 ,  0.008878, 0.008993 
  0.035678 ,  0.009335, 0.004122 
  0.034434 ,  0.009895, 0.000085 
  0.033111 ,  0.010584, -0.002485 
  0.031709 ,  0.011428, -0.003203 
  0.030226 ,  0.012452, -0.001988 
  0.028663 ,  0.013679, 0.000922 
  0.027019 ,  0.015130, 0.005007 
  0.025294 ,  0.016825, 0.009547 
  0.023489 ,  0.018779, 0.013736 
  0.021603 ,  0.021008, 0.016811 
  0.019636 ,  0.023521, 0.018175 
  0.017590 ,  0.026325, 0.017492 
  0.015465 ,  0.029423, 0.014750 
  0.013261 ,  0.032814, 0.010259 
  0.010981 ,  0.036492, 0.004613 
  0.008623 ,  0.040449, -0.001410 
  0.006191 ,  0.044669, -0.006965 
  0.003685 ,  0.049134, -0.011277 
  0.001108 ,  0.053822, -0.013766 
  -0.001541 ,  0.058705, -0.014144 
  -0.004257 ,  0.063753, -0.012463 
  -0.007041 ,  0.068930, -0.009114 
  -0.009888 ,  0.074199, -0.004769 
  -0.012798 ,  0.079518, -0.000275 
  -0.015767 ,  0.084842, 0.003478 
  -0.018794 ,  0.090127, 0.005699 
  -0.021874 ,  0.095322, 0.005826 
  -0.025007 ,  0.100378, 0.003623 
  -0.028187 ,  0.105245, -0.000777 
  -0.031413 ,  0.109873, -0.006878 
  -0.034682 ,  0.114210, -0.013895 
  -0.037989 ,  0.118207, -0.020860 
  -0.041331 ,  0.121817, -0.026769 
  -0.044705 ,  0.124993, -0.030730 
  -0.048108 ,  0.127692, -0.032097 
  -0.051534 ,  0.129874, -0.030570 
  -0.054981 ,  0.131501, -0.026235 
  -0.058444 ,  0.132542, -0.019557 
  -0.061920 ,  0.132968, -0.011309 
  -0.065404 ,  0.132757, -0.002456 
  -0.068892 ,  0.131889, 0.005988 
  -0.072379 ,  0.130353, 0.013105 
  -0.075862 ,  0.128142, 0.018211 
  -0.079336 ,  0.125254, 0.020942 
  -0.082796 ,  0.121694, 0.021305 
  -0.086239 ,  0.117473, 0.019657 
  -0.089658 ,  0.112607, 0.016640 
  -0.093051 ,  0.107119, 0.013067 
  -0.096412 ,  0.101035, 0.009786 
  -0.099736 ,  0.094388, 0.007540 
  -0.103020 ,  0.087216, 0.006848 
  -0.106258 ,  0.079562, 0.007920 
  -0.109447 ,  0.071471, 0.010624 
  -0.112580 ,  0.062994, 0.014513 
  -0.115654 ,  0.054183, 0.018895 
  -0.118665 ,  0.045093, 0.022947 
  -0.121607 ,  0.035784, 0.025849 
  -0.124477 ,  0.026312, 0.026914 
  -0.127270 ,  0.016739, 0.025701 
  -0.129981 ,  0.007124, 0.022087 
  -0.132607 ,  -0.002474, 0.016288 
  -0.135143 ,  -0.011996, 0.008831 
  -0.137585 ,  -0.021384, 0.000476 
  -0.139929 ,  -0.030585, -0.007898 
  -0.142172 ,  -0.039546, -0.015418 
  -0.144309 ,  -0.048217, -0.021346 
  -0.146337 ,  -0.056555, -0.025180 
  -0.148251 ,  -0.064516, -0.026718 
  -0.150050 ,  -0.072064, -0.026076 
  -0.151729 ,  -0.079166, -0.023655 
  -0.153285 ,  -0.085795, -0.020069 
  -0.154716 ,  -0.091927, -0.016039 
  -0.156017 ,  -0.097545, -0.012278 
  -0.157188 ,  -0.102636, -0.009379 
  -0.158224 ,  -0.107191, -0.007729 
  -0.159124 ,  -0.111209, -0.007455 
  -0.159885 ,  -0.114691, -0.008419 
  -0.160506 ,  -0.117643, -0.010249 
  -0.160984 ,  -0.120076, -0.012416 
  -0.161318 ,  -0.122005, -0.014322 
  -0.161506 ,  -0.123448, -0.015408 
  -0.161546 ,  -0.124427, -0.015242 
  -0.161439 ,  -0.124965, -0.013595 
  -0.161183 ,  -0.125091, -0.010469 
  -0.160776 ,  -0.124832, -0.006100 
  -0.160219 ,  -0.124218, -0.000916 
  -0.159512 ,  -0.123280, 0.004536 
  -0.158654 ,  -0.122050, 0.009671 
  -0.157645 ,  -0.120558, 0.013962 
  -0.156485 ,  -0.118836, 0.017013 
  -0.155176 ,  -0.116914, 0.018615 
  -0.153717 ,  -0.114820, 0.018768 
  -0.152110 ,  -0.112582, 0.017671 
  -0.150356 ,  -0.110224, 0.015679 
  -0.148457 ,  -0.107769, 0.013241 
  -0.146413 ,  -0.105237, 0.010821 
  -0.144227 ,  -0.102646, 0.008828 
  -0.141900 ,  -0.100010, 0.007550 
  -0.139435 ,  -0.097342, 0.007121 
  -0.136835 ,  -0.094651, 0.007507 
  -0.134101 ,  -0.091941, 0.008525 
  -0.131236 ,  -0.089217, 0.009879 
  -0.128244 ,  -0.086479, 0.011221 
  -0.125128 ,  -0.083725, 0.012208 
  -0.121891 ,  -0.080950, 0.012558 
  -0.118537 ,  -0.078148, 0.012093 
  -0.115068 ,  -0.075311, 0.010759 
  -0.111490 ,  -0.072430, 0.008628 
  -0.107806 ,  -0.069493, 0.005875 
  -0.104021 ,  -0.066489, 0.002741 
  -0.100138 ,  -0.063407, -0.000506 
  -0.096163 ,  -0.060234, -0.003618 
  -0.092100 ,  -0.056960, -0.006401 
  -0.087954 ,  -0.053572, -0.008736 
  -0.083729 ,  -0.050063, -0.010585 
  -0.079432 ,  -0.046423, -0.011977 
  -0.075066 ,  -0.042646, -0.012991 
  -0.070637 ,  -0.038729, -0.013725 
  -0.066152 ,  -0.034668, -0.014267 
  -0.061614 ,  -0.030464, -0.014676 
  -0.057031 ,  -0.026120, -0.014971 
  -0.052406 ,  -0.021641, -0.015131 
  -0.047747 ,  -0.017036, -0.015110 
  -0.043059 ,  -0.012317, -0.014854 
  -0.038348 ,  -0.007496, -0.014329 
  -0.033619 ,  -0.002591, -0.013531 
  -0.028879 ,  0.002379, -0.012501 
  -0.024133 ,  0.007393, -0.011318 
  -0.019388 ,  0.012428, -0.010088 
  -0.014649 ,  0.017457, -0.008909 
  -0.009923 ,  0.022454, -0.007851 
  -0.005215 ,  0.027390, -0.006919 
  -0.000532 ,  0.032237, -0.006039 
  0.004121 ,  0.036966, -0.005055 
  0.008737 ,  0.041546, -0.003744 
  0.013312 ,  0.045949, -0.001854 
  0.017839 ,  0.050145, 0.000850 
  0.022312 ,  0.054109, 0.004522 
  0.026726 ,  0.057814, 0.009189 
  0.031075 ,  0.061236, 0.014702 
  0.035353 ,  0.064355, 0.020727 
  0.039556 ,  0.067152, 0.026751 
  0.043678 ,  0.069610, 0.032136 
  0.047713 ,  0.071719, 0.036186 
  0.051657 ,  0.073468, 0.038246 
  0.055505 ,  0.074852, 0.037800 
  0.059252 ,  0.075871, 0.034565 
  0.062893 ,  0.076526, 0.028561 
  0.066424 ,  0.076824, 0.020137 
  0.069840 ,  0.076774, 0.009959 
  0.073137 ,  0.076391, -0.001050 
  0.076311 ,  0.075692, -0.011815 
  0.079359 ,  0.074697, -0.021239 
  0.082277 ,  0.073431, -0.028347 
  0.085060 ,  0.071921, -0.032415 
  0.087707 ,  0.070196, -0.033078 
  0.090213 ,  0.068287, -0.030387 
  0.092576 ,  0.066229, -0.024807 
  0.094794 ,  0.064056, -0.017164 
  0.096864 ,  0.061803, -0.008534 
  0.098783 ,  0.059507, -0.000101 
  0.100550 ,  0.057203, 0.007014 
  0.102162 ,  0.054927, 0.011903 
  0.103619 ,  0.052713, 0.013999 
  0.104919 ,  0.050595, 0.013153 
  0.106061 ,  0.048603, 0.009654 
  0.107043 ,  0.046766, 0.004179 
  0.107866 ,  0.045109, -0.002315 
  0.108529 ,  0.043657, -0.008729 
  0.109031 ,  0.042427, -0.013996 
  0.109374 ,  0.041435, -0.017242 
  0.109556 ,  0.040693, -0.017913 
  0.109579 ,  0.040209, -0.015865 
  0.109444 ,  0.039986, -0.011376 
  0.109151 ,  0.040024, -0.005110 
  0.108702 ,  0.040316, 0.001994 
  0.108098 ,  0.040854, 0.008861 
  0.107341 ,  0.041624, 0.014450 
  0.106432 ,  0.042608, 0.017910 
  0.105375 ,  0.043787, 0.018712 
  0.104171 ,  0.045134, 0.016723 
  0.102822 ,  0.046623, 0.012231 
  0.101333 ,  0.048224, 0.005892 
  0.099705 ,  0.049903, -0.001372 
  0.097942 ,  0.051625, -0.008513 
  0.096048 ,  0.053356, -0.014519 
  0.094026 ,  0.055058, -0.018567 
  0.091879 ,  0.056694, -0.020142 
  0.089612 ,  0.058226, -0.019106 
  0.087228 ,  0.059617, -0.015709 
  0.084733 ,  0.060832, -0.010540 
  0.082131 ,  0.061836, -0.004420 
  0.079425 ,  0.062597, 0.001729 
  0.076622 ,  0.063085, 0.007040 
  0.073726 ,  0.063271, 0.010834 
  0.070741 ,  0.063133, 0.012723 
  0.067674 ,  0.062650, 0.012661 
  0.064529 ,  0.061803, 0.010944 
  0.061312 ,  0.060581, 0.008143 
  0.058029 ,  0.058974, 0.004996 
  0.054684 ,  0.056977, 0.002283 
  0.051283 ,  0.054589, 0.000676 
  0.047834 ,  0.051814, 0.000630 
  0.044340 ,  0.048659, 0.002294 
  0.040808 ,  0.045137, 0.005487 
  0.037244 ,  0.041262, 0.009726 
  0.033654 ,  0.037054, 0.014300 
  0.030043 ,  0.032536, 0.018395 
  0.026419 ,  0.027734, 0.021226 
  0.022786 ,  0.022675, 0.022171 
  0.019151 ,  0.017391, 0.020876 
  0.015520 ,  0.011915, 0.017324 
  0.011898 ,  0.006281, 0.011836 
  0.008293 ,  0.000525, 0.005028 
  0.004709 ,  -0.005318, -0.002287 
  0.001152 ,  -0.011210, -0.009222 
  -0.002371 ,  -0.017115, -0.014965 
  -0.005856 ,  -0.022998, -0.018896 
  -0.009295 ,  -0.028824, -0.020693 
  -0.012685 ,  -0.034559, -0.020373 
  -0.016018 ,  -0.040173, -0.018284 
  -0.019290 ,  -0.045636, -0.015046 
  -0.022496 ,  -0.050921, -0.011435 
  -0.025630 ,  -0.056004, -0.008259 
  -0.028688 ,  -0.060863, -0.006210 
  -0.031663 ,  -0.065480, -0.005751 
  -0.034553 ,  -0.069841, -0.007031 
  -0.037351 ,  -0.073932, -0.009856 
  -0.040054 ,  -0.077745, -0.013719 
  -0.042656 ,  -0.081274, -0.017880 
  -0.045155 ,  -0.084517, -0.021485 
  -0.047545 ,  -0.087474, -0.023712 
  -0.049824 ,  -0.090147, -0.023905 
  -0.051987 ,  -0.092544, -0.021692 
  -0.054031 ,  -0.094670, -0.017051 
  -0.055953 ,  -0.096537, -0.010322 
  -0.057750 ,  -0.098157, -0.002170 
  -0.059419 ,  -0.099541, 0.006522 
  -0.060956 ,  -0.100705, 0.014775 
  -0.062361 ,  -0.101662, 0.021669 
  -0.063630 ,  -0.102429, 0.026480 
  -0.064762 ,  -0.103019, 0.028785 
  -0.065754 ,  -0.103449, 0.028529 
  -0.066606 ,  -0.103732, 0.026024 
  -0.067316 ,  -0.103880, 0.021894 
  -0.067882 ,  -0.103906, 0.016972 
  -0.068304 ,  -0.103819, 0.012162 
  -0.068582 ,  -0.103628, 0.008298 
  -0.068714 ,  -0.103339, 0.006001 
  -0.068701 ,  -0.102956, 0.005590 
  -0.068543 ,  -0.102482, 0.007027 
  -0.068240 ,  -0.101915, 0.009929 
  -0.067792 ,  -0.101253, 0.013634 
  -0.067200 ,  -0.100491, 0.017309 
  -0.066465 ,  -0.099621, 0.020090 
  -0.065588 ,  -0.098634, 0.021226 
  -0.064571 ,  -0.097518, 0.020201 
  -0.063415 ,  -0.096261, 0.016823 
  -0.062123 ,  -0.094848, 0.011258 
  -0.060695 ,  -0.093263, 0.004008 
  -0.059134 ,  -0.091489, -0.004162 
  -0.057444 ,  -0.089508, -0.012346 
  -0.055625 ,  -0.087304, -0.019631 
  -0.053682 ,  -0.084858, -0.025238 
  -0.051616 ,  -0.082154, -0.028639 
  -0.049433 ,  -0.079175, -0.029631 
  -0.047133 ,  -0.075907, -0.028365 
  -0.044723 ,  -0.072336, -0.025308 
  -0.042204 ,  -0.068452, -0.021165 
  -0.039581 ,  -0.064244, -0.016759 
  -0.036858 ,  -0.059708, -0.012897 
  -0.034039 ,  -0.054839, -0.010236 
  -0.031128 ,  -0.049638, -0.009178 
  -0.028131 ,  -0.044107, -0.009809 
  -0.025050 ,  -0.038253, -0.011883 
  -0.021892 ,  -0.032087, -0.014867 
  -0.018661 ,  -0.025623, -0.018025 
  -0.015362 ,  -0.018878, -0.020544 
  -0.012000 ,  -0.011874, -0.021657 
  -0.008579 ,  -0.004636, -0.020778 
  -0.005106 ,  0.002807, -0.017590 
  -0.001585 ,  0.010424, -0.012103 
  0.001978 ,  0.018179, -0.004660 
  0.005578 ,  0.026034, 0.004116 
  0.009210 ,  0.033950, 0.013404 
  0.012868 ,  0.041884, 0.022302 
  0.016546 ,  0.049791, 0.029957 
  0.020240 ,  0.057627, 0.035677 
  0.023943 ,  0.065344, 0.039019 
  0.027650 ,  0.072896, 0.039838 
  0.031357 ,  0.080237, 0.038287 
  0.035056 ,  0.087319, 0.034781 
  0.038743 ,  0.094098, 0.029910 
  0.042413 ,  0.100529, 0.024347 
  0.046059 ,  0.106572, 0.018739 
  0.049678 ,  0.112187, 0.013612 
  0.053262 ,  0.117336, 0.009311 
  0.056808 ,  0.121987, 0.005959 
  0.060310 ,  0.126110, 0.003474 
  0.063763 ,  0.129679, 0.001607 
  0.067162 ,  0.132671, 0.000011 
  0.070502 ,  0.135070, -0.001670 
  0.073778 ,  0.136863, -0.003728 
  0.076987 ,  0.138042, -0.006322 
  0.080122 ,  0.138602, -0.009443 
  0.083181 ,  0.138547, -0.012908 
  0.086158 ,  0.137882, -0.016394 
  0.089050 ,  0.136618, -0.019493 
  0.091852 ,  0.134770, -0.021788 
  0.094561 ,  0.132360, -0.022930 
  0.097172 ,  0.129411, -0.022708 
  0.099683 ,  0.125951, -0.021093 
  0.102090 ,  0.122012, -0.018251 
  0.104390 ,  0.117629, -0.014532 
  0.106580 ,  0.112840, -0.010412 
  0.108656 ,  0.107686, -0.006425 
  0.110617 ,  0.102209, -0.003079 
  0.112460 ,  0.096452, -0.000780 
  0.114182 ,  0.090462, 0.000239 
  0.115781 ,  0.084283, -0.000052 
  0.117256 ,  0.077963, -0.001470 
  0.118604 ,  0.071546, -0.003655 
  0.119825 ,  0.065079, -0.006119 
  0.120917 ,  0.058605, -0.008332 
  0.121878 ,  0.052167, -0.009798 
  0.122708 ,  0.045805, -0.010140 
  0.123406 ,  0.039557, -0.009150 
  0.123971 ,  0.033461, -0.006825 
  0.124404 ,  0.027547, -0.003360 
  0.124704 ,  0.021848, 0.000882 
  0.124870 ,  0.016388, 0.005434 
  0.124904 ,  0.011191, 0.009795 
  0.124806 ,  0.006277, 0.013510 
  0.124576 ,  0.001661, 0.016238 
  0.124216 ,  -0.002644, 0.017797 
  0.123726 ,  -0.006629, 0.018186 
  0.123107 ,  -0.010290, 0.017573 
  0.122361 ,  -0.013625, 0.016255 
  0.121489 ,  -0.016637, 0.014604 
  0.120494 ,  -0.019329, 0.012991 
  0.119376 ,  -0.021710, 0.011724 
  0.118139 ,  -0.023791, 0.010994 
  0.116784 ,  -0.025585, 0.010838 
  0.115314 ,  -0.027107, 0.011139 
  0.113732 ,  -0.028375, 0.011645 
  0.112040 ,  -0.029408, 0.012021 
  0.110240 ,  -0.030227, 0.011903 
  0.108337 ,  -0.030851, 0.010971 
  0.106332 ,  -0.031304, 0.009009 
  0.104230 ,  -0.031608, 0.005945 
  0.102034 ,  -0.031784, 0.001877 
  0.099747 ,  -0.031856, -0.002937 
  0.097373 ,  -0.031845, -0.008113 
  0.094915 ,  -0.031772, -0.013190 
  0.092378 ,  -0.031657, -0.017698 
  0.089764 ,  -0.031518, -0.021224 
  0.087079 ,  -0.031373, -0.023468 
  0.084326 ,  -0.031238, -0.024285 
  0.081510 ,  -0.031127, -0.023696 
  0.078634 ,  -0.031052, -0.021882 
  0.075702 ,  -0.031024, -0.019147 
  0.072720 ,  -0.031052, -0.015868 
  0.069690 ,  -0.031143, -0.012435 
  0.066619 ,  -0.031301, -0.009193 
  0.063509 ,  -0.031530, -0.006394 
  0.060365 ,  -0.031831, -0.004167 
  0.057192 ,  -0.032205, -0.002512 
  0.053995 ,  -0.032648, -0.001313 
  0.050776 ,  -0.033157, -0.000373 
  0.047542 ,  -0.033729, 0.000540 
  0.044295 ,  -0.034357, 0.001640 
  0.041041 ,  -0.035034, 0.003080 
  0.037784 ,  -0.035753, 0.004919 
  0.034528 ,  -0.036506, 0.007101 
  0.031277 ,  -0.037282, 0.009471 
  0.028035 ,  -0.038074, 0.011791 
  0.024806 ,  -0.038872, 0.013784 
  0.021595 ,  -0.039665, 0.015182 
  0.018405 ,  -0.040446, 0.015769 
  0.015240 ,  -0.041204, 0.015426 
  0.012104 ,  -0.041931, 0.014149 
  0.009001 ,  -0.042618, 0.012055 
  0.005934 ,  -0.043258, 0.009365 
  0.002907 ,  -0.043843, 0.006374 
  -0.000077 ,  -0.044368, 0.003405 
  -0.003015 ,  -0.044827, 0.000760 
  -0.005904 ,  -0.045215, -0.001325 
  -0.008740 ,  -0.045527, -0.002714 
  -0.011520 ,  -0.045761, -0.003386 
  -0.014243 ,  -0.045915, -0.003439 
  -0.016904 ,  -0.045987, -0.003060 
  -0.019502 ,  -0.045976, -0.002499 
  -0.022035 ,  -0.045882, -0.002020 
  -0.024499 ,  -0.045706, -0.001850 
  -0.026894 ,  -0.045450, -0.002149 
  -0.029216 ,  -0.045115, -0.002969 
  -0.031465 ,  -0.044703, -0.004254 
  -0.033638 ,  -0.044218, -0.005839 
  -0.035735 ,  -0.043662, -0.007479 
  -0.037753 ,  -0.043040, -0.008885 
  -0.039691 ,  -0.042354, -0.009772 
  -0.041549 ,  -0.041609, -0.009899 
  -0.043326 ,  -0.040808, -0.009113 
  -0.045021 ,  -0.039956, -0.007371 
  -0.046633 ,  -0.039056, -0.004753 
  -0.048161 ,  -0.038113, -0.001454 
  -0.049607 ,  -0.037130, 0.002240 
  -0.050968 ,  -0.036110, 0.005989 
  -0.052246 ,  -0.035059, 0.009435 
  -0.053441 ,  -0.033978, 0.012248 
  -0.054553 ,  -0.032871, 0.014163 
  -0.055582 ,  -0.031741, 0.015004 
  -0.056530 ,  -0.030591, 0.014699 
  -0.057396 ,  -0.029424, 0.013282 
  -0.058182 ,  -0.028242, 0.010876 
  -0.058888 ,  -0.027048, 0.007680 
  -0.059516 ,  -0.025843, 0.003936 
  -0.060068 ,  -0.024630, -0.000095 
  -0.060544 ,  -0.023411, -0.004155 
  -0.060946 ,  -0.022188, -0.008011 
  -0.061275 ,  -0.020962, -0.011461 
  -0.061534 ,  -0.019736, -0.014343 
  -0.061724 ,  -0.018510, -0.016532 
  -0.061847 ,  -0.017286, -0.017938 
  -0.061905 ,  -0.016066, -0.018500 
  -0.061901 ,  -0.014851, -0.018185 
  -0.061836 ,  -0.013642, -0.016990 
  -0.061713 ,  -0.012439, -0.014945 
  -0.061534 ,  -0.011244, -0.012120 
  -0.061302 ,  -0.010058, -0.008630 
  -0.061019 ,  -0.008880, -0.004638 
  -0.060688 ,  -0.007711, -0.000355 
  -0.060311 ,  -0.006550, 0.003969 
  -0.059891 ,  -0.005397, 0.008062 
  -0.059430 ,  -0.004250, 0.011652 
  -0.058932 ,  -0.003109, 0.014496 
  -0.058400 ,  -0.001970, 0.016403 
  -0.057835 ,  -0.000832, 0.017262 
  -0.057241 ,  0.000309, 0.017061 
  -0.056621 ,  0.001455, 0.015886 
  -0.055977 ,  0.002613, 0.013920 
  -0.055313 ,  0.003785, 0.011421 
  -0.054631 ,  0.004979, 0.008692 
  -0.053934 ,  0.006199, 0.006042 
  -0.053224 ,  0.007452, 0.003749 
  -0.052505 ,  0.008745, 0.002018 
  -0.051780 ,  0.010087, 0.000963 
  -0.051050 ,  0.011483, 0.000582 
  -0.050319 ,  0.012943, 0.000770 
  -0.049590 ,  0.014475, 0.001328 
  -0.048864 ,  0.016087, 0.001998 
  -0.048145 ,  0.017787, 0.002504 
  -0.047435 ,  0.019584, 0.002594 
  -0.046736 ,  0.021485, 0.002078 
  -0.046050 ,  0.023497, 0.000864 
  -0.045381 ,  0.025628, -0.001029 
  -0.044729 ,  0.027882, -0.003469 
  -0.044098 ,  0.030265, -0.006230 
  -0.043489 ,  0.032780, -0.009021 
  -0.042904 ,  0.035430, -0.011525 
  -0.042345 ,  0.038215, -0.013450 
  -0.041813 ,  0.041135, -0.014568 
  -0.041311 ,  0.044188, -0.014744 
  -0.040840 ,  0.047368, -0.013961 
  -0.040401 ,  0.050670, -0.012318 
  -0.039995 ,  0.054086, -0.010017 
  -0.039624 ,  0.057604, -0.007332 
  -0.039289 ,  0.061212, -0.004568 
  -0.038991 ,  0.064895, -0.002020 
  -0.038730 ,  0.068636, 0.000071 
  -0.038508 ,  0.072414, 0.001551 
  -0.038325 ,  0.076210, 0.002370 
  -0.038181 ,  0.079998, 0.002583 
  -0.038077 ,  0.083753, 0.002344 
  -0.038014 ,  0.087449, 0.001869 
  -0.037990 ,  0.091056, 0.001403 
  -0.038007 ,  0.094543, 0.001180 
  -0.038065 ,  0.097880, 0.001379 
  -0.038162 ,  0.101034, 0.002098 
  -0.038299 ,  0.103971, 0.003336 
  -0.038475 ,  0.106658, 0.004990 
  -0.038690 ,  0.109063, 0.006873 
  -0.038943 ,  0.111151, 0.008736 
  -0.039233 ,  0.112891, 0.010314 
  -0.039559 ,  0.114250, 0.011361 
  -0.039921 ,  0.115200, 0.011690 
  -0.040317 ,  0.115711, 0.011205 
  -0.040745 ,  0.115757, 0.009913 
  -0.041205 ,  0.115315, 0.007931 
  -0.041696 ,  0.114363, 0.005465 
  -0.042215 ,  0.112884, 0.002787 
  -0.042761 ,  0.110862, 0.000191 
  -0.043332 ,  0.108286, -0.002043 
  -0.043927 ,  0.105149, -0.003697 
  -0.044544 ,  0.101448, -0.004638 
  -0.045180 ,  0.097183, -0.004842 
  -0.045835 ,  0.092359, -0.004396 
  -0.046504 ,  0.086986, -0.003484 
  -0.047188 ,  0.081078, -0.002358 
  -0.047883 ,  0.074653, -0.001301 
  -0.048587 ,  0.067733, -0.000582 
  -0.049297 ,  0.060345, -0.000413 
  -0.050012 ,  0.052521, -0.000915 
  -0.050730 ,  0.044296, -0.002096 
  -0.051447 ,  0.035707, -0.003844 
  -0.052161 ,  0.026797, -0.005939 
  -0.052870 ,  0.017611, -0.008080 
  -0.053571 ,  0.008196, -0.009928 
  -0.054262 ,  -0.001395, -0.011148 
  -0.054941 ,  -0.011113, -0.011467 
  -0.055604 ,  -0.020902, -0.010706 
  -0.056249 ,  -0.030707, -0.008820 
  -0.056874 ,  -0.040474, -0.005906 
  -0.057477 ,  -0.050145, -0.002203 
  -0.058055 ,  -0.059666, 0.001937 
  -0.058604 ,  -0.068981, 0.006085 
  -0.059124 ,  -0.078038, 0.009788 
  -0.059612 ,  -0.086784, 0.012627 
  -0.060065 ,  -0.095170, 0.014265 
  -0.060481 ,  -0.103149, 0.014499 
  -0.060858 ,  -0.110676, 0.013283 
  -0.061194 ,  -0.117711, 0.010740 
  -0.061486 ,  -0.124217, 0.007148 
  -0.061732 ,  -0.130161, 0.002908 
  -0.061932 ,  -0.135514, -0.001504 
  -0.062081 ,  -0.140252, -0.005593 
  -0.062180 ,  -0.144355, -0.008911 
  -0.062225 ,  -0.147809, -0.011104 
  -0.062216 ,  -0.150603, -0.011965 
  -0.062150 ,  -0.152733, -0.011448 
  -0.062027 ,  -0.154197, -0.009677 
  -0.061845 ,  -0.155002, -0.006926 
  -0.061602 ,  -0.155154, -0.003577 
  -0.061297 ,  -0.154669, -0.000070 
  -0.060930 ,  -0.153565, 0.003156 
  -0.060499 ,  -0.151862, 0.005724 
  -0.060004 ,  -0.149586, 0.007365 
  -0.059443 ,  -0.146768, 0.007953 
  -0.058817 ,  -0.143438, 0.007516 
  -0.058124 ,  -0.139632, 0.006227 
  -0.057364 ,  -0.135386, 0.004372 
  -0.056536 ,  -0.130739, 0.002304 
  -0.055642 ,  -0.125732, 0.000388 
  -0.054680 ,  -0.120407, -0.001057 
  -0.053651 ,  -0.114804, -0.001806 
  -0.052555 ,  -0.108967, -0.001761 
  -0.051392 ,  -0.102936, -0.000966 
  -0.050163 ,  -0.096754, 0.000400 
  -0.048868 ,  -0.090460, 0.002058 
  -0.047508 ,  -0.084093, 0.003670 
  -0.046083 ,  -0.077690, 0.004899 
  -0.044596 ,  -0.071287, 0.005462 
  -0.043046 ,  -0.064915, 0.005185 
  -0.041435 ,  -0.058605, 0.004028 
  -0.039764 ,  -0.052384, 0.002100 
  -0.038035 ,  -0.046277, -0.000354 
  -0.036250 ,  -0.040306, -0.002990 
  -0.034409 ,  -0.034489, -0.005416 
  -0.032514 ,  -0.028841, -0.007258 
  -0.030568 ,  -0.023374, -0.008218 
  -0.028572 ,  -0.018099, -0.008131 
  -0.026529 ,  -0.013021, -0.006994 
  -0.024440 ,  -0.008143, -0.004975 
  -0.022308 ,  -0.003468, -0.002396 
  -0.020136 ,  0.001009, 0.000315 
  -0.017924 ,  0.005289, 0.002687 
  -0.015677 ,  0.009379, 0.004279 
  -0.013397 ,  0.013288, 0.004756 
  -0.011086 ,  0.017024, 0.003947 
  -0.008746 ,  0.020598, 0.001885 
  -0.006382 ,  0.024022, -0.001188 
  -0.003995 ,  0.027308, -0.004842 
  -0.001589 ,  0.030469, -0.008516 
  0.000833 ,  0.033517, -0.011593 
  0.003269 ,  0.036465, -0.013494 
  0.005715 ,  0.039325, -0.013764 
  0.008168 ,  0.042109, -0.012150 
  0.010626 ,  0.044828, -0.008646 
  0.013085 ,  0.047491, -0.003515 
  0.015541 ,  0.050106, 0.002740 
  0.017992 ,  0.052680, 0.009431 
  0.020435 ,  0.055219, 0.015773 
  0.022865 ,  0.057727, 0.020986 
  0.025281 ,  0.060205, 0.024401 
  0.027679 ,  0.062654, 0.025554 
  0.030055 ,  0.065072, 0.024252 
  0.032406 ,  0.067457, 0.020598 
  0.034730 ,  0.069805, 0.014985 
  0.037024 ,  0.072108, 0.008042 
  0.039283 ,  0.074359, 0.000552 
  0.041505 ,  0.076551, -0.006655 
  0.043688 ,  0.078672, -0.012810 
  0.045827 ,  0.080712, -0.017309 
  0.047921 ,  0.082659, -0.019782 
  0.049966 ,  0.084501, -0.020140 
  0.051959 ,  0.086226, -0.018571 
  0.053899 ,  0.087820, -0.015499 
  0.055782 ,  0.089272, -0.011515 
  0.057605 ,  0.090569, -0.007277 
  0.059366 ,  0.091699, -0.003408 
  0.061063 ,  0.092650, -0.000407 
  0.062694 ,  0.093413, 0.001425 
  0.064256 ,  0.093978, 0.002023 
  0.065746 ,  0.094336, 0.001552 
  0.067164 ,  0.094482, 0.000369 
  0.068508 ,  0.094409, -0.001043 
  0.069774 ,  0.094114, -0.002170 
  0.070962 ,  0.093593, -0.002559 
  0.072070 ,  0.092847, -0.001898 
  0.073097 ,  0.091876, -0.000078 
  0.074041 ,  0.090682, 0.002785 
  0.074901 ,  0.089269, 0.006361 
  0.075676 ,  0.087643, 0.010159 
  0.076365 ,  0.085810, 0.013603 
  0.076968 ,  0.083778, 0.016123 
  0.077482 ,  0.081558, 0.017254 
  0.077909 ,  0.079158, 0.016714 
  0.078246 ,  0.076591, 0.014454 
  0.078495 ,  0.073869, 0.010673 
  0.078655 ,  0.071003, 0.005798 
  0.078726 ,  0.068007, 0.000421 
  0.078707 ,  0.064895, -0.004787 
  0.078600 ,  0.061678, -0.009178 
  0.078404 ,  0.058371, -0.012225 
  0.078120 ,  0.054985, -0.013601 
  0.077749 ,  0.051534, -0.013233 
  0.077290 ,  0.048027, -0.011310 
  0.076747 ,  0.044477, -0.008255 
  0.076118 ,  0.040893, -0.004658 
  0.075405 ,  0.037283, -0.001187 
  0.074610 ,  0.033656, 0.001524 
  0.073734 ,  0.030017, 0.002969 
  0.072779 ,  0.026371, 0.002858 
  0.071745 ,  0.022724, 0.001160 
  0.070635 ,  0.019078, -0.001885 
  0.069451 ,  0.015433, -0.005800 
  0.068195 ,  0.011792, -0.009943 
  0.066868 ,  0.008152, -0.013604 
  0.065473 ,  0.004514, -0.016110 
  0.064012 ,  0.000873, -0.016933 
  0.062487 ,  -0.002772, -0.015770 
  0.060901 ,  -0.006425, -0.012594 
  0.059257 ,  -0.010091, -0.007660 
  0.057556 ,  -0.013773, -0.001473 
  0.055803 ,  -0.017476, 0.005282 
  0.053999 ,  -0.021203, 0.011842 
  0.052147 ,  -0.024959, 0.017467 
  0.050251 ,  -0.028746, 0.021546 
  0.048312 ,  -0.032566, 0.023683 
  0.046336 ,  -0.036421, 0.023742 
  0.044323 ,  -0.040311, 0.021860 
  0.042278 ,  -0.044234, 0.018416 
  0.040204 ,  -0.048189, 0.013968 
  0.038104 ,  -0.052171, 0.009163 
  0.035981 ,  -0.056175, 0.004635 
  0.033838 ,  -0.060192, 0.000916 
  0.031679 ,  -0.064214, -0.001644 
  0.029507 ,  -0.068230, -0.002918 
  0.027326 ,  -0.072227, -0.003010 
  0.025138 ,  -0.076189, -0.002225 
  0.022947 ,  -0.080102, -0.001008 
  0.020756 ,  -0.083946, 0.000136 
  0.018569 ,  -0.087701, 0.000734 
  0.016389 ,  -0.091348, 0.000423 
  0.014218 ,  -0.094862, -0.000984 
  0.012062 ,  -0.098222, -0.003464 
  0.009921 ,  -0.101403, -0.006792 
  0.007801 ,  -0.104379, -0.010571 
  0.005703 ,  -0.107127, -0.014295 
  0.003631 ,  -0.109619, -0.017431 
  0.001589 ,  -0.111832, -0.019501 
  -0.000422 ,  -0.113740, -0.020158 
  -0.002399 ,  -0.115319, -0.019239 
  -0.004337 ,  -0.116546, -0.016793 
  -0.006235 ,  -0.117400, -0.013073 
  -0.008091 ,  -0.117861, -0.008494 
  -0.009900 ,  -0.117909, -0.003578 
  -0.011661 ,  -0.117530, 0.001129 
  -0.013372 ,  -0.116708, 0.005134 
  -0.015030 ,  -0.115434, 0.008065 
  -0.016632 ,  -0.113698, 0.009722 
  -0.018177 ,  -0.111495, 0.010097 
  -0.019663 ,  -0.108822, 0.009368 
  -0.021087 ,  -0.105681, 0.007860 
  -0.022448 ,  -0.102076, 0.005989 
  -0.023744 ,  -0.098014, 0.004196 
  -0.024974 ,  -0.093506, 0.002872 
  -0.026135 ,  -0.088566, 0.002304 
  -0.027227 ,  -0.083213, 0.002629 
  -0.028249 ,  -0.077468, 0.003822 
  -0.029198 ,  -0.071354, 0.005702 
  -0.030075 ,  -0.064899, 0.007971 
  -0.030878 ,  -0.058132, 0.010258 
  -0.031606 ,  -0.051087, 0.012182 
  -0.032259 ,  -0.043799, 0.013410 
  -0.032836 ,  -0.036305, 0.013706 
  -0.033338 ,  -0.028643, 0.012962 
  -0.033762 ,  -0.020855, 0.011210 
  -0.034111 ,  -0.012982, 0.008608 
  -0.034383 ,  -0.005067, 0.005414 
  -0.034578 ,  0.002847, 0.001942 
  -0.034697 ,  0.010715, -0.001488 
  -0.034740 ,  0.018496, -0.004591 
  -0.034708 ,  0.026145, -0.007156 
  -0.034601 ,  0.033621, -0.009063 
  -0.034420 ,  0.040883, -0.010295 
  -0.034166 ,  0.047892, -0.010917 
  -0.033840 ,  0.054611, -0.011058 
  -0.033442 ,  0.061004, -0.010877 
  -0.032975 ,  0.067037, -0.010526 
  -0.032439 ,  0.072682, -0.010128 
  -0.031835 ,  0.077911, -0.009753 
  -0.031166 ,  0.082699, -0.009413 
  -0.030433 ,  0.087025, -0.009070 
  -0.029637 ,  0.090873, -0.008652 
  -0.028781 ,  0.094227, -0.008074 
  -0.027866 ,  0.097078, -0.007264 
  -0.026894 ,  0.099419, -0.006186 
  -0.025868 ,  0.101246, -0.004849 
  -0.024789 ,  0.102560, -0.003311 
  -0.023661 ,  0.103366, -0.001670 
  -0.022484 ,  0.103669, -0.000044 
  -0.021262 ,  0.103482, 0.001453 
  -0.019996 ,  0.102818, 0.002732 
  -0.018691 ,  0.101694, 0.003754 
  -0.017347 ,  0.100131, 0.004537 
  -0.015968 ,  0.098150, 0.005156 
  -0.014556 ,  0.095776, 0.005729 
  -0.013115 ,  0.093036, 0.006393 
  -0.011646 ,  0.089960, 0.007273 
  -0.010153 ,  0.086577, 0.008452 
  -0.008638 ,  0.082918, 0.009939 
  -0.007104 ,  0.079017, 0.011657 
  -0.005555 ,  0.074907, 0.013437 
  -0.003992 ,  0.070621, 0.015035 
  -0.002420 ,  0.066193, 0.016160 
  -0.000840 ,  0.061655, 0.016514 
  0.000744 ,  0.057043, 0.015840 
  0.002330 ,  0.052386, 0.013967 
  0.003914 ,  0.047718, 0.010848 
  0.005494 ,  0.043067, 0.006579 
  0.007067 ,  0.038463, 0.001405 
  0.008631 ,  0.033932, -0.004298 
  0.010181 ,  0.029500, -0.010065 
  0.011716 ,  0.025190, -0.015390 
  0.013233 ,  0.021023, -0.019785 
  0.014729 ,  0.017017, -0.022844 
  0.016202 ,  0.013191, -0.024287 
  0.017648 ,  0.009557, -0.024002 
  0.019067 ,  0.006129, -0.022051 
