   20m__24m 
  -0.010847 ,  0.006794, -0.007794 
  -0.010547 ,  0.006114, -0.007402 
  -0.010218 ,  0.005385, -0.006325 
  -0.009861 ,  0.004609, -0.004620 
  -0.009474 ,  0.003792, -0.002426 
  -0.009059 ,  0.002938, 0.000059 
  -0.008614 ,  0.002054, 0.002599 
  -0.008141 ,  0.001145, 0.004950 
  -0.007639 ,  0.000219, 0.006888 
  -0.007109 ,  -0.000718, 0.008242 
  -0.006550 ,  -0.001659, 0.008906 
  -0.005964 ,  -0.002596, 0.008857 
  -0.005350 ,  -0.003522, 0.008149 
  -0.004708 ,  -0.004429, 0.006904 
  -0.004040 ,  -0.005312, 0.005295 
  -0.003346 ,  -0.006162, 0.003520 
  -0.002625 ,  -0.006975, 0.001773 
  -0.001880 ,  -0.007745, 0.000226 
  -0.001110 ,  -0.008466, -0.000995 
  -0.000316 ,  -0.009134, -0.001816 
  0.000502 ,  -0.009747, -0.002221 
  0.001342 ,  -0.010302, -0.002242 
  0.002204 ,  -0.010797, -0.001951 
  0.003087 ,  -0.011232, -0.001438 
  0.003990 ,  -0.011608, -0.000799 
  0.004912 ,  -0.011926, -0.000115 
  0.005853 ,  -0.012189, 0.000552 
  0.006812 ,  -0.012401, 0.001167 
  0.007787 ,  -0.012567, 0.001721 
  0.008777 ,  -0.012691, 0.002222 
  0.009782 ,  -0.012781, 0.002682 
  0.010800 ,  -0.012843, 0.003108 
  0.011830 ,  -0.012885, 0.003495 
  0.012871 ,  -0.012916, 0.003812 
  0.013923 ,  -0.012943, 0.004008 
  0.014983 ,  -0.012977, 0.004014 
  0.016050 ,  -0.013025, 0.003757 
  0.017124 ,  -0.013097, 0.003169 
  0.018203 ,  -0.013201, 0.002204 
  0.019286 ,  -0.013345, 0.000852 
  0.020371 ,  -0.013537, -0.000855 
  0.021457 ,  -0.013784, -0.002838 
  0.022543 ,  -0.014092, -0.004978 
  0.023628 ,  -0.014465, -0.007125 
  0.024710 ,  -0.014908, -0.009115 
  0.025788 ,  -0.015423, -0.010792 
  0.026860 ,  -0.016011, -0.012021 
  0.027926 ,  -0.016672, -0.012708 
  0.028983 ,  -0.017404, -0.012809 
  0.030031 ,  -0.018204, -0.012331 
  0.031068 ,  -0.019066, -0.011332 
  0.032092 ,  -0.019985, -0.009903 
  0.033103 ,  -0.020951, -0.008159 
  0.034100 ,  -0.021955, -0.006216 
  0.035079 ,  -0.022985, -0.004180 
  0.036042 ,  -0.024030, -0.002127 
  0.036985 ,  -0.025075, -0.000104 
  0.037909 ,  -0.026104, 0.001873 
  0.038811 ,  -0.027103, 0.003813 
  0.039691 ,  -0.028054, 0.005737 
  0.040546 ,  -0.028939, 0.007659 
  0.041377 ,  -0.029741, 0.009579 
  0.042181 ,  -0.030442, 0.011463 
  0.042958 ,  -0.031024, 0.013242 
  0.043707 ,  -0.031469, 0.014816 
  0.044426 ,  -0.031759, 0.016059 
  0.045115 ,  -0.031880, 0.016837 
  0.045772 ,  -0.031815, 0.017031 
  0.046396 ,  -0.031551, 0.016551 
  0.046987 ,  -0.031074, 0.015359 
  0.047543 ,  -0.030374, 0.013479 
  0.048064 ,  -0.029442, 0.010997 
  0.048549 ,  -0.028271, 0.008057 
  0.048996 ,  -0.026856, 0.004846 
  0.049407 ,  -0.025195, 0.001569 
  0.049778 ,  -0.023289, -0.001574 
  0.050111 ,  -0.021139, -0.004416 
  0.050404 ,  -0.018752, -0.006841 
  0.050657 ,  -0.016135, -0.008797 
  0.050869 ,  -0.013298, -0.010295 
  0.051040 ,  -0.010256, -0.011405 
  0.051170 ,  -0.007024, -0.012233 
  0.051258 ,  -0.003619, -0.012897 
  0.051303 ,  -0.000063, -0.013497 
  0.051306 ,  0.003623, -0.014097 
  0.051266 ,  0.007414, -0.014696 
  0.051184 ,  0.011283, -0.015231 
  0.051058 ,  0.015204, -0.015576 
  0.050890 ,  0.019147, -0.015561 
  0.050679 ,  0.023084, -0.015001 
  0.050425 ,  0.026983, -0.013727 
  0.050128 ,  0.030814, -0.011625 
  0.049789 ,  0.034547, -0.008666 
  0.049407 ,  0.038151, -0.004920 
  0.048984 ,  0.041598, -0.000571 
  0.048519 ,  0.044858, 0.004103 
  0.048012 ,  0.047904, 0.008747 
  0.047465 ,  0.050712, 0.012973 
  0.046878 ,  0.053256, 0.016407 
  0.046251 ,  0.055515, 0.018732 
  0.045584 ,  0.057471, 0.019735 
  0.044880 ,  0.059107, 0.019336 
  0.044137 ,  0.060408, 0.017600 
  0.043358 ,  0.061364, 0.014734 
  0.042542 ,  0.061967, 0.011063 
  0.041691 ,  0.062213, 0.006987 
  0.040805 ,  0.062100, 0.002935 
  0.039886 ,  0.061630, -0.000691 
  0.038934 ,  0.060808, -0.003565 
  0.037951 ,  0.059642, -0.005476 
  0.036938 ,  0.058144, -0.006349 
  0.035895 ,  0.056327, -0.006248 
  0.034823 ,  0.054210, -0.005357 
  0.033725 ,  0.051811, -0.003950 
  0.032600 ,  0.049154, -0.002341 
  0.031452 ,  0.046261, -0.000837 
  0.030279 ,  0.043159, 0.000311 
  0.029085 ,  0.039877, 0.000943 
  0.027870 ,  0.036442, 0.001013 
  0.026635 ,  0.032885, 0.000587 
  0.025382 ,  0.029236, -0.000167 
  0.024113 ,  0.025526, -0.001019 
  0.022828 ,  0.021787, -0.001717 
  0.021529 ,  0.018047, -0.002036 
  0.020218 ,  0.014338, -0.001820 
  0.018896 ,  0.010687, -0.001014 
  0.017564 ,  0.007123, 0.000315 
  0.016224 ,  0.003669, 0.001988 
  0.014878 ,  0.000352, 0.003735 
  0.013526 ,  -0.002809, 0.005231 
  0.012171 ,  -0.005793, 0.006150 
  0.010813 ,  -0.008583, 0.006216 
  0.009455 ,  -0.011166, 0.005251 
  0.008097 ,  -0.013530, 0.003212 
  0.006742 ,  -0.015666, 0.000206 
  0.005390 ,  -0.017568, -0.003510 
  0.004043 ,  -0.019233, -0.007562 
  0.002702 ,  -0.020662, -0.011494 
  0.001370 ,  -0.021856, -0.014831 
  0.000046 ,  -0.022822, -0.017137 
  -0.001267 ,  -0.023566, -0.018076 
  -0.002568 ,  -0.024100, -0.017455 
  -0.003855 ,  -0.024435, -0.015254 
  -0.005128 ,  -0.024586, -0.011632 
  -0.006386 ,  -0.024569, -0.006909 
  -0.007626 ,  -0.024401, -0.001529 
  -0.008848 ,  -0.024100, 0.003995 
  -0.010050 ,  -0.023688, 0.009139 
  -0.011232 ,  -0.023182, 0.013433 
  -0.012393 ,  -0.022605, 0.016511 
  -0.013530 ,  -0.021976, 0.018153 
  -0.014644 ,  -0.021316, 0.018304 
  -0.015733 ,  -0.020644, 0.017065 
  -0.016797 ,  -0.019979, 0.014680 
  -0.017834 ,  -0.019339, 0.011490 
  -0.018843 ,  -0.018740, 0.007886 
  -0.019824 ,  -0.018196, 0.004257 
  -0.020776 ,  -0.017721, 0.000943 
  -0.021699 ,  -0.017326, -0.001805 
  -0.022591 ,  -0.017020, -0.003847 
  -0.023452 ,  -0.016810, -0.005155 
  -0.024282 ,  -0.016701, -0.005808 
  -0.025079 ,  -0.016695, -0.005960 
  -0.025844 ,  -0.016793, -0.005807 
  -0.026576 ,  -0.016993, -0.005552 
  -0.027275 ,  -0.017290, -0.005364 
  -0.027940 ,  -0.017679, -0.005352 
  -0.028571 ,  -0.018151, -0.005551 
  -0.029169 ,  -0.018696, -0.005917 
  -0.029732 ,  -0.019303, -0.006341 
  -0.030261 ,  -0.019959, -0.006665 
  -0.030755 ,  -0.020649, -0.006719 
  -0.031216 ,  -0.021359, -0.006344 
  -0.031642 ,  -0.022072, -0.005427 
  -0.032034 ,  -0.022772, -0.003917 
  -0.032392 ,  -0.023443, -0.001841 
  -0.032717 ,  -0.024067, 0.000703 
  -0.033008 ,  -0.024629, 0.003548 
  -0.033266 ,  -0.025113, 0.006486 
  -0.033492 ,  -0.025503, 0.009289 
  -0.033685 ,  -0.025787, 0.011737 
  -0.033847 ,  -0.025950, 0.013639 
  -0.033978 ,  -0.025983, 0.014857 
  -0.034078 ,  -0.025876, 0.015310 
  -0.034148 ,  -0.025622, 0.014979 
  -0.034189 ,  -0.025213, 0.013896 
  -0.034201 ,  -0.024648, 0.012137 
  -0.034185 ,  -0.023925, 0.009803 
  -0.034142 ,  -0.023043, 0.007001 
  -0.034074 ,  -0.022007, 0.003839 
  -0.033979 ,  -0.020822, 0.000412 
  -0.033861 ,  -0.019494, -0.003195 
  -0.033719 ,  -0.018033, -0.006902 
  -0.033554 ,  -0.016450, -0.010626 
  -0.033368 ,  -0.014759, -0.014270 
  -0.033161 ,  -0.012974, -0.017711 
  -0.032935 ,  -0.011110, -0.020798 
  -0.032691 ,  -0.009187, -0.023347 
  -0.032429 ,  -0.007221, -0.025158 
  -0.032151 ,  -0.005233, -0.026024 
  -0.031858 ,  -0.003242, -0.025760 
  -0.031552 ,  -0.001268, -0.024226 
  -0.031232 ,  0.000669, -0.021356 
  -0.030902 ,  0.002550, -0.017177 
  -0.030561 ,  0.004354, -0.011820 
  -0.030211 ,  0.006063, -0.005528 
  -0.029853 ,  0.007661, 0.001360 
  -0.029488 ,  0.009131, 0.008432 
  -0.029118 ,  0.010459, 0.015233 
  -0.028744 ,  0.011631, 0.021313 
  -0.028367 ,  0.012637, 0.026261 
  -0.027988 ,  0.013468, 0.029754 
  -0.027608 ,  0.014118, 0.031582 
  -0.027229 ,  0.014582, 0.031671 
  -0.026852 ,  0.014858, 0.030088 
  -0.026477 ,  0.014947, 0.027032 
  -0.026107 ,  0.014851, 0.022809 
  -0.025742 ,  0.014577, 0.017796 
  -0.025384 ,  0.014132, 0.012402 
  -0.025032 ,  0.013527, 0.007025 
  -0.024690 ,  0.012772, 0.002011 
  -0.024356 ,  0.011884, -0.002371 
  -0.024034 ,  0.010877, -0.005955 
  -0.023722 ,  0.009771, -0.008674 
  -0.023424 ,  0.008585, -0.010558 
  -0.023139 ,  0.007338, -0.011711 
  -0.022868 ,  0.006054, -0.012283 
  -0.022612 ,  0.004754, -0.012444 
  -0.022372 ,  0.003462, -0.012348 
  -0.022149 ,  0.002200, -0.012116 
  -0.021943 ,  0.000991, -0.011817 
  -0.021755 ,  -0.000141, -0.011467 
  -0.021587 ,  -0.001176, -0.011033 
  -0.021437 ,  -0.002092, -0.010449 
  -0.021308 ,  -0.002870, -0.009639 
  -0.021199 ,  -0.003492, -0.008538 
  -0.021111 ,  -0.003940, -0.007113 
  -0.021045 ,  -0.004201, -0.005381 
  -0.021000 ,  -0.004262, -0.003414 
  -0.020977 ,  -0.004114, -0.001338 
  -0.020977 ,  -0.003748, 0.000681 
  -0.020999 ,  -0.003161, 0.002456 
  -0.021043 ,  -0.002349, 0.003805 
  -0.021111 ,  -0.001313, 0.004575 
  -0.021201 ,  -0.000057, 0.004665 
  -0.021315 ,  0.001414, 0.004047 
  -0.021451 ,  0.003090, 0.002770 
  -0.021609 ,  0.004961, 0.000959 
  -0.021791 ,  0.007012, -0.001197 
  -0.021995 ,  0.009227, -0.003463 
  -0.022220 ,  0.011587, -0.005589 
  -0.022468 ,  0.014071, -0.007332 
  -0.022737 ,  0.016658, -0.008487 
  -0.023027 ,  0.019322, -0.008904 
  -0.023338 ,  0.022037, -0.008503 
  -0.023669 ,  0.024778, -0.007278 
  -0.024020 ,  0.027516, -0.005293 
  -0.024389 ,  0.030224, -0.002667 
  -0.024776 ,  0.032872, 0.000439 
  -0.025182 ,  0.035432, 0.003842 
  -0.025604 ,  0.037876, 0.007360 
  -0.026042 ,  0.040177, 0.010819 
  -0.026495 ,  0.042308, 0.014070 
  -0.026963 ,  0.044243, 0.016984 
  -0.027444 ,  0.045959, 0.019457 
  -0.027938 ,  0.047433, 0.021400 
  -0.028443 ,  0.048646, 0.022730 
  -0.028959 ,  0.049578, 0.023367 
  -0.029484 ,  0.050215, 0.023228 
  -0.030017 ,  0.050543, 0.022231 
  -0.030558 ,  0.050552, 0.020302 
  -0.031105 ,  0.050233, 0.017390 
  -0.031657 ,  0.049583, 0.013483 
  -0.032213 ,  0.048599, 0.008629 
  -0.032771 ,  0.047282, 0.002946 
  -0.033331 ,  0.045636, -0.003364 
  -0.033891 ,  0.043669, -0.010018 
  -0.034450 ,  0.041389, -0.016662 
  -0.035007 ,  0.038810, -0.022893 
  -0.035559 ,  0.035946, -0.028291 
  -0.036107 ,  0.032815, -0.032458 
  -0.036649 ,  0.029438, -0.035058 
  -0.037183 ,  0.025836, -0.035858 
  -0.037708 ,  0.022033, -0.034752 
  -0.038223 ,  0.018056, -0.031786 
  -0.038726 ,  0.013931, -0.027158 
  -0.039217 ,  0.009688, -0.021204 
  -0.039693 ,  0.005354, -0.014369 
  -0.040155 ,  0.000962, -0.007166 
  -0.040599 ,  -0.003460, -0.000125 
  -0.041026 ,  -0.007880, 0.006257 
  -0.041434 ,  -0.012268, 0.011567 
  -0.041821 ,  -0.016594, 0.015513 
  -0.042187 ,  -0.020828, 0.017947 
  -0.042531 ,  -0.024942, 0.018874 
  -0.042850 ,  -0.028909, 0.018444 
  -0.043145 ,  -0.032703, 0.016920 
  -0.043413 ,  -0.036299, 0.014647 
  -0.043654 ,  -0.039676, 0.012000 
  -0.043867 ,  -0.042813, 0.009344 
  -0.044051 ,  -0.045692, 0.006990 
  -0.044205 ,  -0.048296, 0.005161 
  -0.044328 ,  -0.050613, 0.003979 
  -0.044419 ,  -0.052631, 0.003456 
  -0.044477 ,  -0.054342, 0.003509 
  -0.044502 ,  -0.055739, 0.003979 
  -0.044492 ,  -0.056819, 0.004665 
  -0.044448 ,  -0.057581, 0.005356 
  -0.044368 ,  -0.058027, 0.005861 
  -0.044251 ,  -0.058161, 0.006038 
  -0.044098 ,  -0.057990, 0.005809 
  -0.043907 ,  -0.057522, 0.005163 
  -0.043678 ,  -0.056767, 0.004154 
  -0.043412 ,  -0.055739, 0.002884 
  -0.043107 ,  -0.054453, 0.001480 
  -0.042763 ,  -0.052924, 0.000074 
  -0.042380 ,  -0.051171, -0.001218 
  -0.041957 ,  -0.049213, -0.002317 
  -0.041496 ,  -0.047069, -0.003184 
  -0.040995 ,  -0.044760, -0.003825 
  -0.040454 ,  -0.042309, -0.004283 
  -0.039875 ,  -0.039738, -0.004622 
  -0.039256 ,  -0.037068, -0.004912 
  -0.038598 ,  -0.034321, -0.005210 
  -0.037901 ,  -0.031521, -0.005550 
  -0.037166 ,  -0.028688, -0.005928 
  -0.036392 ,  -0.025843, -0.006305 
  -0.035581 ,  -0.023007, -0.006615 
  -0.034732 ,  -0.020199, -0.006770 
  -0.033847 ,  -0.017437, -0.006686 
  -0.032925 ,  -0.014738, -0.006295 
  -0.031968 ,  -0.012117, -0.005563 
  -0.030976 ,  -0.009589, -0.004502 
  -0.029949 ,  -0.007166, -0.003174 
  -0.028890 ,  -0.004858, -0.001687 
  -0.027798 ,  -0.002675, -0.000184 
  -0.026674 ,  -0.000624, 0.001175 
  -0.025520 ,  0.001289, 0.002232 
  -0.024336 ,  0.003061, 0.002858 
  -0.023123 ,  0.004688, 0.002967 
  -0.021883 ,  0.006171, 0.002535 
  -0.020616 ,  0.007511, 0.001600 
  -0.019325 ,  0.008710, 0.000265 
  -0.018009 ,  0.009772, -0.001317 
  -0.016671 ,  0.010703, -0.002957 
  -0.015311 ,  0.011509, -0.004456 
  -0.013931 ,  0.012197, -0.005627 
  -0.012533 ,  0.012777, -0.006313 
  -0.011117 ,  0.013257, -0.006410 
  -0.009685 ,  0.013648, -0.005870 
  -0.008239 ,  0.013959, -0.004707 
  -0.006780 ,  0.014202, -0.002994 
  -0.005310 ,  0.014388, -0.000846 
  -0.003829 ,  0.014527, 0.001591 
  -0.002340 ,  0.014630, 0.004156 
  -0.000845 ,  0.014708, 0.006693 
  0.000656 ,  0.014771, 0.009060 
  0.002161 ,  0.014828, 0.011139 
  0.003667 ,  0.014887, 0.012839 
  0.005174 ,  0.014957, 0.014095 
  0.006680 ,  0.015045, 0.014863 
  0.008183 ,  0.015157, 0.015116 
  0.009682 ,  0.015297, 0.014837 
  0.011175 ,  0.015470, 0.014016 
  0.012660 ,  0.015678, 0.012653 
  0.014136 ,  0.015922, 0.010756 
  0.015602 ,  0.016203, 0.008351 
  0.017055 ,  0.016520, 0.005489 
  0.018494 ,  0.016871, 0.002255 
  0.019918 ,  0.017252, -0.001232 
  0.021325 ,  0.017659, -0.004814 
  0.022714 ,  0.018087, -0.008300 
  0.024083 ,  0.018530, -0.011479 
  0.025430 ,  0.018980, -0.014135 
  0.026755 ,  0.019430, -0.016071 
  0.028056 ,  0.019872, -0.017128 
  0.029331 ,  0.020297, -0.017208 
  0.030580 ,  0.020695, -0.016289 
  0.031801 ,  0.021057, -0.014438 
  0.032992 ,  0.021374, -0.011804 
  0.034153 ,  0.021637, -0.008612 
  0.035283 ,  0.021837, -0.005147 
  0.036379 ,  0.021965, -0.001718 
  0.037442 ,  0.022013, 0.001367 
  0.038471 ,  0.021973, 0.003833 
  0.039463 ,  0.021838, 0.005474 
  0.040419 ,  0.021604, 0.006169 
  0.041337 ,  0.021264, 0.005897 
  0.042218 ,  0.020816, 0.004743 
  0.043059 ,  0.020257, 0.002881 
  0.043860 ,  0.019585, 0.000561 
  0.044621 ,  0.018800, -0.001926 
  0.045341 ,  0.017903, -0.004275 
  0.046020 ,  0.016897, -0.006206 
  0.046657 ,  0.015787, -0.007490 
  0.047251 ,  0.014576, -0.007975 
  0.047803 ,  0.013272, -0.007597 
  0.048312 ,  0.011882, -0.006389 
  0.048778 ,  0.010415, -0.004467 
  0.049200 ,  0.008882, -0.002013 
  0.049580 ,  0.007292, 0.000742 
  0.049915 ,  0.005659, 0.003554 
  0.050208 ,  0.003994, 0.006193 
  0.050457 ,  0.002311, 0.008462 
  0.050663 ,  0.000624, 0.010225 
  0.050827 ,  -0.001053, 0.011411 
  0.050947 ,  -0.002706, 0.012020 
  0.051026 ,  -0.004321, 0.012116 
  0.051063 ,  -0.005883, 0.011810 
  0.051058 ,  -0.007378, 0.011244 
  0.051013 ,  -0.008793, 0.010565 
  0.050927 ,  -0.010115, 0.009908 
  0.050802 ,  -0.011332, 0.009369 
  0.050638 ,  -0.012432, 0.008998 
  0.050436 ,  -0.013405, 0.008787 
  0.050196 ,  -0.014243, 0.008674 
  0.049920 ,  -0.014936, 0.008544 
  0.049608 ,  -0.015480, 0.008252 
  0.049262 ,  -0.015868, 0.007636 
  0.048882 ,  -0.016097, 0.006538 
  0.048470 ,  -0.016166, 0.004833 
  0.048026 ,  -0.016072, 0.002441 
  0.047551 ,  -0.015819, -0.000654 
  0.047048 ,  -0.015407, -0.004393 
  0.046517 ,  -0.014843, -0.008643 
  0.045958 ,  -0.014130, -0.013198 
  0.045375 ,  -0.013277, -0.017797 
  0.044767 ,  -0.012293, -0.022139 
  0.044137 ,  -0.011186, -0.025907 
  0.043485 ,  -0.009969, -0.028798 
  0.042813 ,  -0.008654, -0.030546 
  0.042123 ,  -0.007253, -0.030948 
  0.041416 ,  -0.005780, -0.029882 
  0.040693 ,  -0.004251, -0.027324 
  0.039956 ,  -0.002681, -0.023349 
  0.039206 ,  -0.001085, -0.018131 
  0.038444 ,  0.000522, -0.011932 
  0.037674 ,  0.002123, -0.005083 
  0.036895 ,  0.003703, 0.002045 
  0.036109 ,  0.005246, 0.009059 
  0.035318 ,  0.006738, 0.015582 
  0.034524 ,  0.008164, 0.021274 
  0.033728 ,  0.009510, 0.025859 
  0.032931 ,  0.010765, 0.029139 
  0.032135 ,  0.011915, 0.031005 
  0.031341 ,  0.012950, 0.031437 
  0.030551 ,  0.013860, 0.030504 
  0.029767 ,  0.014638, 0.028343 
  0.028990 ,  0.015276, 0.025153 
  0.028220 ,  0.015769, 0.021166 
  0.027460 ,  0.016111, 0.016634 
  0.026712 ,  0.016301, 0.011807 
  0.025975 ,  0.016336, 0.006920 
  0.025252 ,  0.016216, 0.002179 
  0.024544 ,  0.015943, -0.002244 
  0.023852 ,  0.015519, -0.006213 
  0.023178 ,  0.014947, -0.009628 
  0.022522 ,  0.014233, -0.012422 
  0.021886 ,  0.013382, -0.014556 
  0.021270 ,  0.012401, -0.016013 
  0.020677 ,  0.011299, -0.016797 
  0.020106 ,  0.010082, -0.016927 
  0.019558 ,  0.008762, -0.016438 
  0.019036 ,  0.007347, -0.015383 
  0.018539 ,  0.005848, -0.013826 
  0.018068 ,  0.004275, -0.011852 
  0.017624 ,  0.002639, -0.009559 
  0.017208 ,  0.000951, -0.007057 
  0.016820 ,  -0.000777, -0.004464 
  0.016461 ,  -0.002536, -0.001903 
  0.016132 ,  -0.004315, 0.000512 
  0.015833 ,  -0.006103, 0.002675 
  0.015564 ,  -0.007890, 0.004503 
  0.015325 ,  -0.009667, 0.005935 
  0.015118 ,  -0.011424, 0.006935 
  0.014942 ,  -0.013153, 0.007495 
  0.014797 ,  -0.014845, 0.007632 
  0.014683 ,  -0.016494, 0.007379 
  0.014601 ,  -0.018091, 0.006786 
  0.014551 ,  -0.019630, 0.005907 
  0.014532 ,  -0.021106, 0.004800 
  0.014544 ,  -0.022512, 0.003520 
  0.014587 ,  -0.023845, 0.002120 
  0.014661 ,  -0.025098, 0.000649 
  0.014765 ,  -0.026269, -0.000843 
  0.014900 ,  -0.027353, -0.002303 
  0.015064 ,  -0.028346, -0.003673 
  0.015257 ,  -0.029246, -0.004890 
  0.015479 ,  -0.030050, -0.005881 
  0.015729 ,  -0.030755, -0.006576 
  0.016006 ,  -0.031358, -0.006907 
  0.016309 ,  -0.031857, -0.006822 
  0.016638 ,  -0.032248, -0.006291 
  0.016993 ,  -0.032530, -0.005318 
  0.017371 ,  -0.032701, -0.003944 
  0.017772 ,  -0.032756, -0.002250 
  0.018196 ,  -0.032695, -0.000357 
  0.018640 ,  -0.032515, 0.001588 
  0.019105 ,  -0.032213, 0.003425 
  0.019589 ,  -0.031786, 0.004997 
  0.020090 ,  -0.031233, 0.006167 
  0.020608 ,  -0.030551, 0.006841 
  0.021142 ,  -0.029738, 0.006979 
  0.021689 ,  -0.028792, 0.006601 
  0.022250 ,  -0.027712, 0.005791 
  0.022822 ,  -0.026497, 0.004682 
  0.023404 ,  -0.025146, 0.003447 
  0.023995 ,  -0.023658, 0.002269 
  0.024593 ,  -0.022036, 0.001323 
  0.025198 ,  -0.020279, 0.000747 
  0.025807 ,  -0.018390, 0.000621 
  0.026419 ,  -0.016372, 0.000957 
  0.027032 ,  -0.014229, 0.001692 
  0.027646 ,  -0.011967, 0.002697 
  0.028259 ,  -0.009590, 0.003789 
  0.028869 ,  -0.007108, 0.004763 
  0.029474 ,  -0.004527, 0.005414 
  0.030074 ,  -0.001858, 0.005570 
  0.030667 ,  0.000889, 0.005119 
  0.031250 ,  0.003700, 0.004022 
  0.031824 ,  0.006564, 0.002330 
  0.032386 ,  0.009464, 0.000169 
  0.032934 ,  0.012387, -0.002264 
  0.033468 ,  0.015315, -0.004733 
  0.033986 ,  0.018231, -0.006993 
  0.034487 ,  0.021117, -0.008822 
  0.034968 ,  0.023954, -0.010049 
  0.035430 ,  0.026722, -0.010582 
  0.035870 ,  0.029402, -0.010414 
  0.036287 ,  0.031975, -0.009628 
  0.036680 ,  0.034419, -0.008382 
  0.037047 ,  0.036716, -0.006884 
  0.037388 ,  0.038847, -0.005364 
  0.037701 ,  0.040793, -0.004038 
  0.037985 ,  0.042536, -0.003077 
  0.038240 ,  0.044060, -0.002582 
  0.038463 ,  0.045350, -0.002566 
  0.038654 ,  0.046393, -0.002957 
  0.038812 ,  0.047175, -0.003604 
  0.038936 ,  0.047687, -0.004300 
  0.039026 ,  0.047921, -0.004814 
  0.039079 ,  0.047871, -0.004922 
  0.039097 ,  0.047532, -0.004444 
  0.039077 ,  0.046905, -0.003269 
  0.039020 ,  0.045990, -0.001377 
  0.038924 ,  0.044791, 0.001162 
  0.038790 ,  0.043314, 0.004185 
  0.038616 ,  0.041569, 0.007462 
  0.038402 ,  0.039566, 0.010721 
  0.038148 ,  0.037321, 0.013681 
  0.037854 ,  0.034849, 0.016083 
  0.037520 ,  0.032170, 0.017724 
  0.037144 ,  0.029303, 0.018473 
  0.036728 ,  0.026273, 0.018286 
  0.036271 ,  0.023103, 0.017205 
  0.035773 ,  0.019820, 0.015345 
  0.035234 ,  0.016451, 0.012877 
  0.034654 ,  0.013024, 0.010002 
  0.034034 ,  0.009570, 0.006921 
  0.033373 ,  0.006116, 0.003819 
  0.032673 ,  0.002694, 0.000840 
  0.031933 ,  -0.000668, -0.001923 
  0.031155 ,  -0.003941, -0.004422 
  0.030338 ,  -0.007095, -0.006656 
  0.029482 ,  -0.010105, -0.008652 
  0.028590 ,  -0.012945, -0.010448 
  0.027661 ,  -0.015590, -0.012075 
  0.026696 ,  -0.018020, -0.013546 
  0.025696 ,  -0.020214, -0.014838 
  0.024663 ,  -0.022155, -0.015898 
  0.023595 ,  -0.023829, -0.016642 
  0.022496 ,  -0.025224, -0.016969 
  0.021365 ,  -0.026332, -0.016776 
  0.020205 ,  -0.027148, -0.015976 
  0.019015 ,  -0.027668, -0.014517 
  0.017797 ,  -0.027894, -0.012393 
  0.016553 ,  -0.027830, -0.009655 
  0.015283 ,  -0.027484, -0.006409 
  0.013990 ,  -0.026865, -0.002810 
  0.012673 ,  -0.025987, 0.000950 
  0.011335 ,  -0.024866, 0.004662 
  0.009978 ,  -0.023521, 0.008117 
  0.008601 ,  -0.021973, 0.011127 
  0.007208 ,  -0.020246, 0.013541 
  0.005799 ,  -0.018363, 0.015256 
  0.004376 ,  -0.016353, 0.016222 
  0.002941 ,  -0.014242, 0.016439 
  0.001494 ,  -0.012060, 0.015954 
  0.000039 ,  -0.009836, 0.014848 
  -0.001425 ,  -0.007600, 0.013222 
  -0.002894 ,  -0.005381, 0.011187 
  -0.004368 ,  -0.003207, 0.008853 
  -0.005845 ,  -0.001108, 0.006319 
  -0.007323 ,  0.000892, 0.003674 
  -0.008801 ,  0.002765, 0.000994 
  -0.010276 ,  0.004490, -0.001653 
  -0.011748 ,  0.006045, -0.004202 
  -0.013214 ,  0.007411, -0.006585 
  -0.014674 ,  0.008572, -0.008730 
  -0.016124 ,  0.009515, -0.010554 
  -0.017565 ,  0.010229, -0.011973 
  -0.018993 ,  0.010708, -0.012899 
  -0.020408 ,  0.010947, -0.013255 
  -0.021808 ,  0.010945, -0.012979 
  -0.023192 ,  0.010705, -0.012038 
  -0.024557 ,  0.010233, -0.010435 
  -0.025903 ,  0.009537, -0.008210 
  -0.027228 ,  0.008629, -0.005449 
  -0.028531 ,  0.007523, -0.002277 
  -0.029809 ,  0.006237, 0.001151 
  -0.031063 ,  0.004789, 0.004655 
  -0.032290 ,  0.003202, 0.008044 
  -0.033489 ,  0.001499, 0.011131 
  -0.034659 ,  -0.000296, 0.013741 
  -0.035798 ,  -0.002157, 0.015728 
  -0.036906 ,  -0.004056, 0.016973 
  -0.037982 ,  -0.005966, 0.017400 
  -0.039024 ,  -0.007860, 0.016969 
  -0.040032 ,  -0.009711, 0.015680 
  -0.041003 ,  -0.011493, 0.013573 
  -0.041939 ,  -0.013179, 0.010719 
  -0.042837 ,  -0.014746, 0.007225 
  -0.043697 ,  -0.016170, 0.003224 
  -0.044518 ,  -0.017433, -0.001123 
  -0.045299 ,  -0.018514, -0.005633 
  -0.046040 ,  -0.019399, -0.010103 
  -0.046741 ,  -0.020073, -0.014318 
  -0.047400 ,  -0.020527, -0.018058 
  -0.048018 ,  -0.020753, -0.021106 
  -0.048593 ,  -0.020746, -0.023268 
  -0.049126 ,  -0.020505, -0.024380 
  -0.049617 ,  -0.020032, -0.024327 
  -0.050064 ,  -0.019332, -0.023059 
  -0.050469 ,  -0.018413, -0.020597 
  -0.050830 ,  -0.017285, -0.017040 
  -0.051149 ,  -0.015963, -0.012569 
  -0.051424 ,  -0.014462, -0.007432 
  -0.051657 ,  -0.012801, -0.001933 
  -0.051847 ,  -0.011000, 0.003589 
  -0.051994 ,  -0.009083, 0.008792 
  -0.052099 ,  -0.007072, 0.013354 
  -0.052163 ,  -0.004995, 0.017005 
  -0.052185 ,  -0.002875, 0.019547 
  -0.052167 ,  -0.000741, 0.020878 
  -0.052108 ,  0.001382, 0.020994 
  -0.052010 ,  0.003466, 0.019991 
  -0.051872 ,  0.005485, 0.018053 
  -0.051696 ,  0.007414, 0.015432 
  -0.051483 ,  0.009230, 0.012416 
  -0.051233 ,  0.010909, 0.009306 
  -0.050947 ,  0.012432, 0.006377 
  -0.050627 ,  0.013778, 0.003854 
  -0.050272 ,  0.014933, 0.001891 
  -0.049885 ,  0.015882, 0.000554 
  -0.049465 ,  0.016614, -0.000174 
  -0.049015 ,  0.017120, -0.000393 
  -0.048536 ,  0.017396, -0.000262 
  -0.048028 ,  0.017438, 0.000018 
  -0.047493 ,  0.017247, 0.000238 
  -0.046932 ,  0.016827, 0.000208 
  -0.046346 ,  0.016183, -0.000222 
  -0.045738 ,  0.015325, -0.001137 
  -0.045107 ,  0.014264, -0.002550 
  -0.044456 ,  0.013014, -0.004398 
  -0.043785 ,  0.011593, -0.006549 
  -0.043097 ,  0.010017, -0.008817 
  -0.042393 ,  0.008308, -0.010989 
  -0.041674 ,  0.006486, -0.012842 
  -0.040941 ,  0.004575, -0.014175 
  -0.040197 ,  0.002599, -0.014832 
  -0.039442 ,  0.000581, -0.014714 
  -0.038679 ,  -0.001454, -0.013799 
  -0.037908 ,  -0.003481, -0.012137 
  -0.037131 ,  -0.005477, -0.009849 
  -0.036350 ,  -0.007418, -0.007112 
  -0.035567 ,  -0.009281, -0.004141 
  -0.034781 ,  -0.011047, -0.001167 
  -0.033996 ,  -0.012694, 0.001588 
  -0.033213 ,  -0.014206, 0.003932 
  -0.032433 ,  -0.015565, 0.005721 
  -0.031657 ,  -0.016760, 0.006874 
  -0.030887 ,  -0.017778, 0.007376 
  -0.030125 ,  -0.018609, 0.007279 
  -0.029371 ,  -0.019248, 0.006694 
  -0.028628 ,  -0.019690, 0.005777 
  -0.027896 ,  -0.019932, 0.004709 
  -0.027177 ,  -0.019976, 0.003680 
  -0.026472 ,  -0.019825, 0.002863 
  -0.025782 ,  -0.019484, 0.002401 
  -0.025108 ,  -0.018959, 0.002388 
  -0.024453 ,  -0.018261, 0.002858 
  -0.023816 ,  -0.017400, 0.003786 
  -0.023199 ,  -0.016388, 0.005085 
  -0.022603 ,  -0.015240, 0.006616 
  -0.022029 ,  -0.013971, 0.008204 
  -0.021477 ,  -0.012597, 0.009651 
  -0.020950 ,  -0.011133, 0.010757 
  -0.020447 ,  -0.009596, 0.011341 
  -0.019970 ,  -0.008004, 0.011261 
  -0.019519 ,  -0.006372, 0.010426 
  -0.019094 ,  -0.004717, 0.008810 
  -0.018697 ,  -0.003054, 0.006456 
  -0.018329 ,  -0.001397, 0.003476 
  -0.017989 ,  0.000239, 0.000044 
  -0.017678 ,  0.001843, -0.003622 
  -0.017396 ,  0.003404, -0.007269 
  -0.017145 ,  0.004913, -0.010639 
  -0.016923 ,  0.006362, -0.013487 
  -0.016733 ,  0.007745, -0.015602 
  -0.016572 ,  0.009057, -0.016831 
  -0.016443 ,  0.010297, -0.017089 
  -0.016344 ,  0.011463, -0.016370 
  -0.016276 ,  0.012555, -0.014748 
  -0.016238 ,  0.013576, -0.012368 
  -0.016232 ,  0.014528, -0.009440 
  -0.016255 ,  0.015417, -0.006211 
  -0.016309 ,  0.016248, -0.002949 
  -0.016392 ,  0.017026, 0.000088 
  -0.016506 ,  0.017760, 0.002673 
  -0.016648 ,  0.018457, 0.004632 
  -0.016818 ,  0.019123, 0.005863 
  -0.017017 ,  0.019767, 0.006345 
  -0.017243 ,  0.020396, 0.006133 
  -0.017496 ,  0.021016, 0.005361 
  -0.017775 ,  0.021634, 0.004214 
  -0.018079 ,  0.022254, 0.002915 
  -0.018408 ,  0.022880, 0.001697 
  -0.018761 ,  0.023515, 0.000771 
  -0.019136 ,  0.024160, 0.000305 
  -0.019534 ,  0.024815, 0.000402 
  -0.019952 ,  0.025478, 0.001087 
  -0.020390 ,  0.026146, 0.002303 
  -0.020846 ,  0.026812, 0.003914 
  -0.021320 ,  0.027470, 0.005724 
  -0.021811 ,  0.028110, 0.007497 
  -0.022317 ,  0.028724, 0.008986 
  -0.022837 ,  0.029299, 0.009963 
  -0.023370 ,  0.029821, 0.010248 
  -0.023914 ,  0.030277, 0.009731 
  -0.024469 ,  0.030651, 0.008387 
  -0.025032 ,  0.030927, 0.006287 
  -0.025603 ,  0.031089, 0.003584 
  -0.026180 ,  0.031120, 0.000503 
  -0.026761 ,  0.031004, -0.002686 
  -0.027346 ,  0.030724, -0.005697 
  -0.027932 ,  0.030264, -0.008261 
  -0.028520 ,  0.029611, -0.010157 
  -0.029105 ,  0.028750, -0.011238 
  -0.029689 ,  0.027670, -0.011442 
  -0.030268 ,  0.026362, -0.010804 
  -0.030842 ,  0.024817, -0.009446 
  -0.031409 ,  0.023030, -0.007557 
  -0.031968 ,  0.020998, -0.005375 
  -0.032517 ,  0.018722, -0.003151 
  -0.033055 ,  0.016203, -0.001116 
  -0.033579 ,  0.013449, 0.000541 
  -0.034090 ,  0.010467, 0.001703 
  -0.034585 ,  0.007271, 0.002329 
  -0.035064 ,  0.003876, 0.002463 
  -0.035524 ,  0.000300, 0.002216 
  -0.035964 ,  -0.003436, 0.001752 
  -0.036383 ,  -0.007306, 0.001257 
  -0.036780 ,  -0.011285, 0.000910 
  -0.037154 ,  -0.015342, 0.000857 
  -0.037502 ,  -0.019446, 0.001183 
  -0.037825 ,  -0.023564, 0.001901 
  -0.038121 ,  -0.027661, 0.002947 
  -0.038388 ,  -0.031699, 0.004187 
  -0.038626 ,  -0.035643, 0.005437 
  -0.038834 ,  -0.039455, 0.006487 
  -0.039010 ,  -0.043098, 0.007132 
  -0.039154 ,  -0.046535, 0.007204 
  -0.039265 ,  -0.049730, 0.006595 
  -0.039341 ,  -0.052650, 0.005280 
  -0.039383 ,  -0.055260, 0.003319 
  -0.039389 ,  -0.057532, 0.000857 
  -0.039358 ,  -0.059438, -0.001892 
  -0.039291 ,  -0.060953, -0.004674 
  -0.039185 ,  -0.062056, -0.007220 
  -0.039042 ,  -0.062729, -0.009283 
  -0.038860 ,  -0.062959, -0.010665 
  -0.038638 ,  -0.062738, -0.011241 
  -0.038378 ,  -0.062060, -0.010975 
  -0.038077 ,  -0.060924, -0.009916 
  -0.037736 ,  -0.059336, -0.008194 
  -0.037355 ,  -0.057304, -0.006000 
  -0.036934 ,  -0.054842, -0.003558 
  -0.036472 ,  -0.051968, -0.001093 
  -0.035970 ,  -0.048705, 0.001188 
  -0.035428 ,  -0.045078, 0.003130 
  -0.034845 ,  -0.041120, 0.004640 
  -0.034222 ,  -0.036863, 0.005692 
  -0.033559 ,  -0.032346, 0.006322 
  -0.032856 ,  -0.027609, 0.006619 
  -0.032115 ,  -0.022695, 0.006698 
  -0.031334 ,  -0.017648, 0.006678 
  -0.030516 ,  -0.012515, 0.006664 
  -0.029659 ,  -0.007344, 0.006719 
  -0.028765 ,  -0.002182, 0.006861 
  -0.027835 ,  0.002923, 0.007054 
  -0.026869 ,  0.007924, 0.007219 
  -0.025868 ,  0.012774, 0.007243 
  -0.024833 ,  0.017430, 0.007003 
  -0.023765 ,  0.021849, 0.006387 
  -0.022664 ,  0.025992, 0.005316 
  -0.021532 ,  0.029822, 0.003761 
  -0.020369 ,  0.033306, 0.001751 
  -0.019177 ,  0.036415, -0.000624 
  -0.017957 ,  0.039124, -0.003221 
  -0.016710 ,  0.041412, -0.005857 
  -0.015437 ,  0.043265, -0.008337 
  -0.014140 ,  0.044670, -0.010469 
  -0.012819 ,  0.045623, -0.012091 
  -0.011477 ,  0.046121, -0.013090 
  -0.010113 ,  0.046170, -0.013410 
  -0.008731 ,  0.045777, -0.013057 
  -0.007331 ,  0.044957, -0.012095 
  -0.005915 ,  0.043728, -0.010634 
  -0.004484 ,  0.042113, -0.008810 
  -0.003040 ,  0.040138, -0.006766 
  -0.001584 ,  0.037834, -0.004637 
  -0.000117 ,  0.035233, -0.002529 
  0.001358 ,  0.032373, -0.000514 
  0.002840 ,  0.029291, 0.001375 
  0.004327 ,  0.026030, 0.003136 
  0.005818 ,  0.022630, 0.004791 
  0.007312 ,  0.019134, 0.006368 
  0.008806 ,  0.015586, 0.007888 
  0.010299 ,  0.012029, 0.009348 
  0.011789 ,  0.008503, 0.010716 
  0.013275 ,  0.005051, 0.011923 
  0.014756 ,  0.001712, 0.012870 
  0.016228 ,  -0.001479, 0.013436 
  0.017692 ,  -0.004486, 0.013496 
  0.019145 ,  -0.007279, 0.012941 
  0.020586 ,  -0.009829, 0.011694 
  0.022013 ,  -0.012113, 0.009731 
  0.023425 ,  -0.014112, 0.007086 
  0.024819 ,  -0.015808, 0.003865 
  0.026196 ,  -0.017190, 0.000230 
  0.027552 ,  -0.018251, -0.003600 
  0.028888 ,  -0.018989, -0.007379 
  0.030200 ,  -0.019404, -0.010847 
  0.031489 ,  -0.019502, -0.013759 
  0.032752 ,  -0.019294, -0.015907 
  0.033988 ,  -0.018793, -0.017136 
  0.035197 ,  -0.018017, -0.017361 
  0.036376 ,  -0.016986, -0.016567 
  0.037525 ,  -0.015725, -0.014811 
  0.038642 ,  -0.014259, -0.012216 
  0.039726 ,  -0.012617, -0.008952 
  0.040777 ,  -0.010830, -0.005222 
  0.041793 ,  -0.008930, -0.001248 
  0.042773 ,  -0.006949, 0.002747 
  0.043717 ,  -0.004921, 0.006552 
  0.044623 ,  -0.002878, 0.009979 
  0.045492 ,  -0.000852, 0.012865 
  0.046321 ,  0.001124, 0.015081 
  0.047110 ,  0.003022, 0.016529 
  0.047859 ,  0.004813, 0.017140 
  0.048567 ,  0.006471, 0.016882 
  0.049234 ,  0.007974, 0.015750 
  0.049859 ,  0.009300, 0.013778 
  0.050442 ,  0.010434, 0.011034 
  0.050982 ,  0.011360, 0.007624 
  0.051479 ,  0.012069, 0.003695 
  0.051933 ,  0.012554, -0.000569 
  0.052344 ,  0.012813, -0.004952 
  0.052711 ,  0.012846, -0.009214 
  0.053036 ,  0.012658, -0.013106 
  0.053316 ,  0.012256, -0.016387 
  0.053554 ,  0.011651, -0.018840 
  0.053748 ,  0.010859, -0.020296 
  0.053900 ,  0.009897, -0.020642 
  0.054009 ,  0.008785, -0.019843 
  0.054075 ,  0.007544, -0.017938 
  0.054100 ,  0.006199, -0.015047 
  0.054083 ,  0.004777, -0.011354 
  0.054026 ,  0.003303, -0.007098 
  0.053928 ,  0.001805, -0.002547 
  0.053790 ,  0.000311, 0.002022 
  0.053613 ,  -0.001150, 0.006349 
  0.053397 ,  -0.002553, 0.010209 
  0.053144 ,  -0.003871, 0.013429 
  0.052855 ,  -0.005079, 0.015897 
  0.052529 ,  -0.006154, 0.017561 
  0.052168 ,  -0.007076, 0.018429 
  0.051774 ,  -0.007826, 0.018549 
  0.051346 ,  -0.008389, 0.018004 
  0.050886 ,  -0.008751, 0.016887 
  0.050395 ,  -0.008904, 0.015295 
  0.049875 ,  -0.008841, 0.013312 
  0.049326 ,  -0.008559, 0.011010 
  0.048750 ,  -0.008059, 0.008439 
  0.048148 ,  -0.007346, 0.005643 
  0.047520 ,  -0.006426, 0.002660 
  0.046869 ,  -0.005311, -0.000463 
  0.046196 ,  -0.004014, -0.003663 
  0.045502 ,  -0.002552, -0.006853 
  0.044789 ,  -0.000946, -0.009919 
  0.044057 ,  0.000784, -0.012727 
  0.043309 ,  0.002613, -0.015129 
  0.042546 ,  0.004515, -0.016978 
  0.041768 ,  0.006463, -0.018143 
  0.040978 ,  0.008428, -0.018528 
  0.040178 ,  0.010383, -0.018082 
  0.039368 ,  0.012298, -0.016814 
  0.038549 ,  0.014145, -0.014792 
  0.037725 ,  0.015894, -0.012142 
  0.036895 ,  0.017521, -0.009032 
  0.036062 ,  0.018999, -0.005662 
  0.035226 ,  0.020304, -0.002237 
  0.034390 ,  0.021415, 0.001049 
  0.033555 ,  0.022314, 0.004034 
  0.032722 ,  0.022984, 0.006602 
  0.031893 ,  0.023412, 0.008689 
  0.031069 ,  0.023587, 0.010283 
  0.030251 ,  0.023505, 0.011413 
  0.029441 ,  0.023160, 0.012141 
  0.028641 ,  0.022553, 0.012538 
  0.027850 ,  0.021689, 0.012671 
  0.027072 ,  0.020574, 0.012585 
  0.026306 ,  0.019219, 0.012291 
  0.025555 ,  0.017638, 0.011768 
  0.024820 ,  0.015846, 0.010965 
  0.024101 ,  0.013864, 0.009811 
  0.023399 ,  0.011714, 0.008236 
  0.022717 ,  0.009419, 0.006192 
  0.022054 ,  0.007005, 0.003668 
  0.021413 ,  0.004499, 0.000711 
  0.020793 ,  0.001931, -0.002569 
  0.020196 ,  -0.000672, -0.005999 
  0.019622 ,  -0.003279, -0.009351 
  0.019073 ,  -0.005862, -0.012367 
  0.018550 ,  -0.008392, -0.014782 
  0.018052 ,  -0.010842, -0.016354 
  0.017581 ,  -0.013184, -0.016897 
  0.017137 ,  -0.015395, -0.016305 
  0.016721 ,  -0.017451, -0.014573 
  0.016333 ,  -0.019333, -0.011796 
  0.015975 ,  -0.021022, -0.008174 
  0.015645 ,  -0.022504, -0.003985 
  0.015345 ,  -0.023768, 0.000436 
  0.015075 ,  -0.024803, 0.004732 
  0.014835 ,  -0.025606, 0.008565 
  0.014625 ,  -0.026173, 0.011646 
  0.014446 ,  -0.026507, 0.013765 
  0.014297 ,  -0.026611, 0.014809 
  0.014179 ,  -0.026493, 0.014772 
  0.014091 ,  -0.026164, 0.013745 
  0.014033 ,  -0.025636, 0.011900 
  0.014006 ,  -0.024928, 0.009468 
  0.014009 ,  -0.024055, 0.006705 
  0.014041 ,  -0.023040, 0.003860 
  0.014103 ,  -0.021904, 0.001152 
  0.014194 ,  -0.020671, -0.001256 
  0.014314 ,  -0.019364, -0.003266 
  0.014462 ,  -0.018010, -0.004848 
  0.014637 ,  -0.016633, -0.006031 
  0.014839 ,  -0.015258, -0.006884 
  0.015068 ,  -0.013909, -0.007503 
  0.015323 ,  -0.012611, -0.007979 
  0.015602 ,  -0.011384, -0.008386 
  0.015906 ,  -0.010250, -0.008761 
  0.016233 ,  -0.009226, -0.009101 
  0.016583 ,  -0.008328, -0.009359 
  0.016954 ,  -0.007570, -0.009458 
  0.017346 ,  -0.006962, -0.009300 
  0.017757 ,  -0.006512, -0.008790 
  0.018187 ,  -0.006225, -0.007848 
  0.018635 ,  -0.006100, -0.006431 
  0.019099 ,  -0.006138, -0.004541 
  0.019579 ,  -0.006332, -0.002230 
  0.020073 ,  -0.006675, 0.000404 
  0.020580 ,  -0.007154, 0.003223 
  0.021099 ,  -0.007757, 0.006066 
  0.021629 ,  -0.008466, 0.008768 
  0.022168 ,  -0.009263, 0.011169 
  0.022714 ,  -0.010126, 0.013139 
  0.023268 ,  -0.011032, 0.014579 
  0.023828 ,  -0.011957, 0.015429 
  0.024391 ,  -0.012876, 0.015668 
  0.024957 ,  -0.013762, 0.015309 
  0.025525 ,  -0.014589, 0.014387 
  0.026093 ,  -0.015332, 0.012950 
  0.026660 ,  -0.015964, 0.011054 
  0.027225 ,  -0.016461, 0.008754 
  0.027785 ,  -0.016801, 0.006106 
  0.028340 ,  -0.016960, 0.003165 
  0.028889 ,  -0.016922, -0.000002 
  0.029430 ,  -0.016668, -0.003317 
  0.029961 ,  -0.016185, -0.006674 
  0.030482 ,  -0.015462, -0.009943 
  0.030991 ,  -0.014492, -0.012965 
  0.031487 ,  -0.013270, -0.015563 
  0.031968 ,  -0.011796, -0.017551 
  0.032434 ,  -0.010073, -0.018755 
  0.032883 ,  -0.008108, -0.019035 
  0.033313 ,  -0.005911, -0.018303 
  0.033724 ,  -0.003496, -0.016546 
  0.034115 ,  -0.000882, -0.013837 
  0.034484 ,  0.001912, -0.010334 
  0.034830 ,  0.004862, -0.006280 
  0.035153 ,  0.007940, -0.001974 
  0.035451 ,  0.011119, 0.002248 
  0.035722 ,  0.014366, 0.006053 
  0.035967 ,  0.017648, 0.009144 
  0.036185 ,  0.020933, 0.011296 
  0.036373 ,  0.024183, 0.012380 
  0.036533 ,  0.027365, 0.012380 
  0.036662 ,  0.030442, 0.011394 
  0.036760 ,  0.033380, 0.009621 
  0.036826 ,  0.036144, 0.007336 
  0.036860 ,  0.038702, 0.004856 
  0.036861 ,  0.041023, 0.002495 
  0.036828 ,  0.043078, 0.000530 
  0.036762 ,  0.044843, -0.000834 
  0.036661 ,  0.046294, -0.001492 
  0.036525 ,  0.047411, -0.001445 
  0.036354 ,  0.048179, -0.000792 
  0.036147 ,  0.048585, 0.000283 
  0.035904 ,  0.048622, 0.001547 
  0.035626 ,  0.048287, 0.002754 
  0.035311 ,  0.047578, 0.003683 
  0.034960 ,  0.046501, 0.004175 
  0.034572 ,  0.045066, 0.004150 
  0.034149 ,  0.043283, 0.003623 
  0.033689 ,  0.041172, 0.002698 
  0.033193 ,  0.038752, 0.001546 
  0.032661 ,  0.036049, 0.000375 
  0.032094 ,  0.033088, -0.000604 
  0.031491 ,  0.029902, -0.001221 
  0.030853 ,  0.026522, -0.001375 
  0.030180 ,  0.022984, -0.001057 
  0.029474 ,  0.019325, -0.000359 
  0.028733 ,  0.015584, 0.000540 
  0.027960 ,  0.011798, 0.001393 
  0.027154 ,  0.008007, 0.001929 
  0.026316 ,  0.004250, 0.001892 
  0.025446 ,  0.000565, 0.001090 
  0.024546 ,  -0.003011, -0.000568 
  0.023617 ,  -0.006442, -0.003047 
  0.022659 ,  -0.009695, -0.006175 
  0.021672 ,  -0.012739, -0.009657 
  0.020659 ,  -0.015545, -0.013100 
  0.019619 ,  -0.018089, -0.016062 
  0.018554 ,  -0.020350, -0.018106 
  0.017465 ,  -0.022309, -0.018858 
  0.016353 ,  -0.023952, -0.018058 
  0.015219 ,  -0.025270, -0.015602 
  0.014064 ,  -0.026256, -0.011567 
  0.012889 ,  -0.026910, -0.006204 
  0.011696 ,  -0.027234, 0.000075 
  0.010485 ,  -0.027234, 0.006745 
  0.009258 ,  -0.026921, 0.013221 
  0.008017 ,  -0.026309, 0.018924 
  0.006762 ,  -0.025417, 0.023344 
  0.005494 ,  -0.024266, 0.026095 
  0.004216 ,  -0.022879, 0.026955 
  0.002928 ,  -0.021284, 0.025891 
  0.001632 ,  -0.019510, 0.023052 
  0.000329 ,  -0.017587, 0.018748 
  -0.000980 ,  -0.015548, 0.013412 
  -0.002293 ,  -0.013425, 0.007543 
  -0.003608 ,  -0.011254, 0.001653 
  -0.004926 ,  -0.009066, -0.003794 
  -0.006243 ,  -0.006896, -0.008421 
  -0.007559 ,  -0.004775, -0.011975 
  -0.008872 ,  -0.002736, -0.014340 
  -0.010181 ,  -0.000807, -0.015534 
  -0.011485 ,  0.000984, -0.015685 
  -0.012782 ,  0.002613, -0.015004 
  -0.014071 ,  0.004057, -0.013746 
  -0.015351 ,  0.005297, -0.012166 
  -0.016619 ,  0.006317, -0.010490 
  -0.017876 ,  0.007105, -0.008884 
  -0.019120 ,  0.007651, -0.007443 
  -0.020349 ,  0.007952, -0.006190 
  -0.021563 ,  0.008003, -0.005086 
  -0.022759 ,  0.007809, -0.004049 
  -0.023938 ,  0.007374, -0.002976 
  -0.025097 ,  0.006707, -0.001773 
  -0.026236 ,  0.005821, -0.000372 
  -0.027353 ,  0.004731, 0.001251 
  -0.028448 ,  0.003455, 0.003074 
  -0.029520 ,  0.002014, 0.005026 
  -0.030567 ,  0.000430, 0.007001 
  -0.031589 ,  -0.001271, 0.008872 
  -0.032584 ,  -0.003064, 0.010506 
  -0.033552 ,  -0.004920, 0.011786 
  -0.034493 ,  -0.006813, 0.012618 
  -0.035404 ,  -0.008714, 0.012946 
  -0.036287 ,  -0.010595, 0.012745 
  -0.037139 ,  -0.012428, 0.012025 
  -0.037960 ,  -0.014186, 0.010819 
  -0.038750 ,  -0.015845, 0.009176 
  -0.039508 ,  -0.017380, 0.007148 
  -0.040234 ,  -0.018770, 0.004788 
  -0.040927 ,  -0.019996, 0.002147 
  -0.041587 ,  -0.021039, -0.000724 
  -0.042213 ,  -0.021887, -0.003769 
  -0.042805 ,  -0.022527, -0.006912 
  -0.043363 ,  -0.022952, -0.010055 
  -0.043887 ,  -0.023156, -0.013065 
  -0.044377 ,  -0.023138, -0.015778 
  -0.044831 ,  -0.022898, -0.018003 
  -0.045251 ,  -0.022441, -0.019533 
  -0.045637 ,  -0.021775, -0.020170 
  -0.045988 ,  -0.020909, -0.019744 
  -0.046305 ,  -0.019856, -0.018143 
  -0.046587 ,  -0.018633, -0.015335 
  -0.046835 ,  -0.017256, -0.011386 
  -0.047049 ,  -0.015746, -0.006469 
  -0.047230 ,  -0.014123, -0.000856 
  -0.047378 ,  -0.012410, 0.005092 
  -0.047493 ,  -0.010631, 0.010962 
  -0.047575 ,  -0.008809, 0.016315 
  -0.047626 ,  -0.006971, 0.020738 
  -0.047645 ,  -0.005139, 0.023879 
  -0.047633 ,  -0.003337, 0.025487 
  -0.047591 ,  -0.001589, 0.025434 
  -0.047520 ,  0.000083, 0.023736 
  -0.047420 ,  0.001660, 0.020544 
  -0.047292 ,  0.003122, 0.016133 
  -0.047136 ,  0.004452, 0.010870 
  -0.046954 ,  0.005637, 0.005179 
  -0.046746 ,  0.006665, -0.000506 
  -0.046513 ,  0.007525, -0.005778 
  -0.046256 ,  0.008212, -0.010296 
  -0.045977 ,  0.008721, -0.013811 
  -0.045675 ,  0.009051, -0.016182 
  -0.045352 ,  0.009204, -0.017376 
  -0.045009 ,  0.009185, -0.017458 
  -0.044647 ,  0.009000, -0.016573 
  -0.044267 ,  0.008660, -0.014919 
  -0.043870 ,  0.008176, -0.012718 
  -0.043457 ,  0.007562, -0.010191 
  -0.043030 ,  0.006834, -0.007535 
  -0.042589 ,  0.006011, -0.004912 
  -0.042135 ,  0.005111, -0.002438 
  -0.041670 ,  0.004154, -0.000191 
  -0.041194 ,  0.003162, 0.001791 
  -0.040710 ,  0.002154, 0.003489 
  -0.040217 ,  0.001154, 0.004902 
  -0.039718 ,  0.000182, 0.006028 
  -0.039213 ,  -0.000742, 0.006864 
  -0.038703 ,  -0.001598, 0.007399 
  -0.038190 ,  -0.002367, 0.007623 
  -0.037675 ,  -0.003033, 0.007525 
  -0.037158 ,  -0.003580, 0.007108 
  -0.036642 ,  -0.003994, 0.006388 
  -0.036127 ,  -0.004266, 0.005407 
  -0.035613 ,  -0.004385, 0.004226 
  -0.035104 ,  -0.004345, 0.002928 
  -0.034598 ,  -0.004143, 0.001606 
  -0.034098 ,  -0.003777, 0.000354 
  -0.033604 ,  -0.003249, -0.000747 
  -0.033117 ,  -0.002562, -0.001634 
  -0.032639 ,  -0.001723, -0.002277 
  -0.032170 ,  -0.000740, -0.002677 
  -0.031711 ,  0.000376, -0.002864 
  -0.031263 ,  0.001611, -0.002893 
  -0.030828 ,  0.002950, -0.002825 
  -0.030404 ,  0.004378, -0.002720 
  -0.029995 ,  0.005876, -0.002619 
  -0.029600 ,  0.007425, -0.002538 
  -0.029219 ,  0.009005, -0.002458 
  -0.028855 ,  0.010596, -0.002334 
  -0.028507 ,  0.012177, -0.002097 
  -0.028175 ,  0.013729, -0.001674 
  -0.027862 ,  0.015230, -0.001002 
  -0.027566 ,  0.016663, -0.000048 
  -0.027289 ,  0.018008, 0.001173 
  -0.027031 ,  0.019249, 0.002595 
  -0.026792 ,  0.020370, 0.004095 
  -0.026573 ,  0.021358, 0.005507 
  -0.026374 ,  0.022202, 0.006635 
  -0.026195 ,  0.022891, 0.007284 
  -0.026036 ,  0.023418, 0.007287 
  -0.025899 ,  0.023780, 0.006531 
  -0.025782 ,  0.023973, 0.004986 
  -0.025686 ,  0.023997, 0.002716 
  -0.025610 ,  0.023854, -0.000122 
  -0.025556 ,  0.023551, -0.003282 
  -0.025522 ,  0.023092, -0.006460 
  -0.025510 ,  0.022489, -0.009326 
  -0.025517 ,  0.021751, -0.011563 
  -0.025545 ,  0.020892, -0.012908 
  -0.025594 ,  0.019926, -0.013189 
  -0.025661 ,  0.018868, -0.012348 
  -0.025749 ,  0.017737, -0.010450 
  -0.025855 ,  0.016549, -0.007680 
  -0.025980 ,  0.015321, -0.004319 
  -0.026124 ,  0.014073, -0.000711 
  -0.026285 ,  0.012822, 0.002783 
  -0.026463 ,  0.011585, 0.005826 
  -0.026657 ,  0.010380, 0.008152 
  -0.026868 ,  0.009221, 0.009595 
  -0.027093 ,  0.008123, 0.010108 
  -0.027334 ,  0.007098, 0.009763 
  -0.027588 ,  0.006158, 0.008734 
  -0.027855 ,  0.005311, 0.007268 
  -0.028134 ,  0.004563, 0.005647 
  -0.028424 ,  0.003920, 0.004141 
  -0.028725 ,  0.003383, 0.002967 
  -0.029036 ,  0.002952, 0.002260 
  -0.029355 ,  0.002623, 0.002055 
  -0.029682 ,  0.002392, 0.002280 
  -0.030015 ,  0.002250, 0.002779 
  -0.030354 ,  0.002189, 0.003335 
  -0.030698 ,  0.002195, 0.003709 
  -0.031046 ,  0.002255, 0.003683 
  -0.031396 ,  0.002353, 0.003101 
  -0.031748 ,  0.002473, 0.001891 
  -0.032099 ,  0.002595, 0.000089 
  -0.032451 ,  0.002702, -0.002170 
  -0.032800 ,  0.002773, -0.004661 
  -0.033147 ,  0.002789, -0.007110 
  -0.033489 ,  0.002730, -0.009227 
  -0.033826 ,  0.002578, -0.010750 
  -0.034157 ,  0.002313, -0.011489 
  -0.034481 ,  0.001920, -0.011349 
  -0.034795 ,  0.001381, -0.010349 
  -0.035100 ,  0.000685, -0.008620 
  -0.035394 ,  -0.000180, -0.006381 
  -0.035677 ,  -0.001224, -0.003915 
  -0.035946 ,  -0.002453, -0.001518 
  -0.036201 ,  -0.003870, 0.000535 
  -0.036440 ,  -0.005476, 0.002039 
  -0.036663 ,  -0.007268, 0.002882 
  -0.036869 ,  -0.009240, 0.003062 
  -0.037057 ,  -0.011383, 0.002684 
  -0.037224 ,  -0.013685, 0.001944 
  -0.037372 ,  -0.016129, 0.001091 
  -0.037498 ,  -0.018698, 0.000390 
  -0.037601 ,  -0.021370, 0.000077 
  -0.037682 ,  -0.024121, 0.000321 
  -0.037738 ,  -0.026923, 0.001198 
  -0.037769 ,  -0.029748, 0.002671 
  -0.037774 ,  -0.032566, 0.004600 
  -0.037752 ,  -0.035344, 0.006758 
  -0.037704 ,  -0.038049, 0.008864 
  -0.037626 ,  -0.040647, 0.010623 
  -0.037520 ,  -0.043103, 0.011770 
  -0.037385 ,  -0.045384, 0.012107 
  -0.037219 ,  -0.047456, 0.011530 
  -0.037023 ,  -0.049287, 0.010044 
  -0.036796 ,  -0.050847, 0.007761 
  -0.036536 ,  -0.052106, 0.004882 
  -0.036245 ,  -0.053038, 0.001669 
  -0.035921 ,  -0.053619, -0.001592 
  -0.035565 ,  -0.053830, -0.004628 
  -0.035175 ,  -0.053652, -0.007212 
  -0.034752 ,  -0.053073, -0.009188 
  -0.034295 ,  -0.052084, -0.010485 
  -0.033805 ,  -0.050680, -0.011110 
  -0.033280 ,  -0.048860, -0.011139 
  -0.032722 ,  -0.046628, -0.010693 
  -0.032130 ,  -0.043993, -0.009912 
  -0.031503 ,  -0.040968, -0.008925 
  -0.030844 ,  -0.037569, -0.007832 
  -0.030150 ,  -0.033820, -0.006693 
  -0.029423 ,  -0.029745, -0.005520 
  -0.028663 ,  -0.025374, -0.004293 
  -0.027870 ,  -0.020742, -0.002973 
  -0.027044 ,  -0.015884, -0.001523 
  -0.026187 ,  -0.010841, 0.000066 
  -0.025297 ,  -0.005655, 0.001767 
  -0.024376 ,  -0.000369, 0.003502 
  -0.023425 ,  0.004970, 0.005148 
  -0.022444 ,  0.010315, 0.006556 
  -0.021433 ,  0.015620, 0.007567 
  -0.020393 ,  0.020836, 0.008046 
  -0.019326 ,  0.025916, 0.007909 
  -0.018231 ,  0.030816, 0.007146 
  -0.017110 ,  0.035489, 0.005832 
  -0.015963 ,  0.039896, 0.004125 
  -0.014791 ,  0.043994, 0.002254 
  -0.013596 ,  0.047749, 0.000483 
  -0.012378 ,  0.051126, -0.000926 
  -0.011139 ,  0.054096, -0.001755 
  -0.009878 ,  0.056635, -0.001871 
  -0.008599 ,  0.058721, -0.001253 
  -0.007300 ,  0.060339, -0.000006 
  -0.005985 ,  0.061476, 0.001643 
  -0.004653 ,  0.062128, 0.003380 
  -0.003307 ,  0.062292, 0.004838 
  -0.001947 ,  0.061973, 0.005661 
  -0.000574 ,  0.061179, 0.005558 
  0.000809 ,  0.059925, 0.004361 
  0.002203 ,  0.058228, 0.002059 
  0.003604 ,  0.056111, -0.001179 
  0.005013 ,  0.053603, -0.005013 
  0.006427 ,  0.050733, -0.008971 
  0.007846 ,  0.047535, -0.012499 
  0.009268 ,  0.044048, -0.015040 
  0.010691 ,  0.040311, -0.016114 
  0.012114 ,  0.036366, -0.015387 
  0.013535 ,  0.032256, -0.012735 
  0.014954 ,  0.028027, -0.008276 
  0.016369 ,  0.023724, -0.002371 
  0.017778 ,  0.019391, 0.004406 
  0.019180 ,  0.015073, 0.011330 
  0.020573 ,  0.010814, 0.017609 
  0.021956 ,  0.006655, 0.022480 
  0.023328 ,  0.002637, 0.025307 
  0.024687 ,  -0.001204, 0.025664 
  0.026032 ,  -0.004833, 0.023394 
  0.027362 ,  -0.008218, 0.018634 
  0.028674 ,  -0.011333, 0.011808 
  0.029969 ,  -0.014154, 0.003576 
  0.031243 ,  -0.016661, -0.005236 
  0.032497 ,  -0.018840, -0.013740 
  0.033729 ,  -0.020679, -0.021080 
  0.034937 ,  -0.022173, -0.026540 
  0.036120 ,  -0.023320, -0.029618 
  0.037277 ,  -0.024123, -0.030080 
  0.038408 ,  -0.024589, -0.027975 
  0.039510 ,  -0.024730, -0.023624 
  0.040583 ,  -0.024559, -0.017565 
  0.041625 ,  -0.024097, -0.010480 
  0.042636 ,  -0.023365, -0.003110 
  0.043614 ,  -0.022389, 0.003837 
  0.044559 ,  -0.021196, 0.009764 
  0.045470 ,  -0.019816, 0.014247 
  0.046345 ,  -0.018281, 0.017067 
  0.047185 ,  -0.016624, 0.018218 
  0.047987 ,  -0.014878, 0.017880 
  0.048752 ,  -0.013078, 0.016379 
  0.049479 ,  -0.011258, 0.014123 
  0.050167 ,  -0.009449, 0.011539 
  0.050815 ,  -0.007686, 0.009014 
  0.051423 ,  -0.005997, 0.006843 
  0.051991 ,  -0.004412, 0.005203 
  0.052518 ,  -0.002957, 0.004143 
  0.053003 ,  -0.001655, 0.003593 
  0.053446 ,  -0.000528, 0.003392 
  0.053848 ,  0.000408, 0.003329 
  0.054207 ,  0.001139, 0.003183 
  0.054523 ,  0.001653, 0.002763 
  0.054797 ,  0.001946, 0.001938 
  0.055029 ,  0.002013, 0.000655 
  0.055217 ,  0.001855, -0.001058 
  0.055363 ,  0.001478, -0.003100 
  0.055467 ,  0.000889, -0.005320 
  0.055528 ,  0.000100, -0.007539 
  0.055547 ,  -0.000874, -0.009582 
  0.055523 ,  -0.002015, -0.011295 
  0.055458 ,  -0.003303, -0.012564 
  0.055352 ,  -0.004714, -0.013322 
  0.055205 ,  -0.006224, -0.013544 
  0.055017 ,  -0.007806, -0.013243 
  0.054790 ,  -0.009431, -0.012447 
  0.054523 ,  -0.011072, -0.011196 
  0.054217 ,  -0.012699, -0.009521 
  0.053874 ,  -0.014282, -0.007449 
  0.053492 ,  -0.015794, -0.004996 
  0.053075 ,  -0.017206, -0.002181 
  0.052621 ,  -0.018492, 0.000959 
  0.052132 ,  -0.019628, 0.004359 
  0.051610 ,  -0.020590, 0.007908 
  0.051054 ,  -0.021358, 0.011445 
  0.050465 ,  -0.021916, 0.014758 
  0.049846 ,  -0.022247, 0.017602 
  0.049197 ,  -0.022340, 0.019710 
  0.048518 ,  -0.022188, 0.020836 
  0.047811 ,  -0.021785, 0.020774 
  0.047078 ,  -0.021130, 0.019402 
  0.046319 ,  -0.020226, 0.016700 
  0.045536 ,  -0.019078, 0.012767 
  0.044729 ,  -0.017696, 0.007822 
  0.043901 ,  -0.016092, 0.002191 
  0.043052 ,  -0.014282, -0.003721 
  0.042183 ,  -0.012285, -0.009472 
  0.041297 ,  -0.010121, -0.014624 
  0.040394 ,  -0.007816, -0.018791 
  0.039476 ,  -0.005394, -0.021679 
  0.038544 ,  -0.002883, -0.023113 
  0.037599 ,  -0.000312, -0.023055 
  0.036643 ,  0.002289, -0.021597 
  0.035678 ,  0.004890, -0.018948 
  0.034705 ,  0.007460, -0.015400 
  0.033724 ,  0.009970, -0.011293 
  0.032738 ,  0.012390, -0.006968 
  0.031749 ,  0.014691, -0.002733 
  0.030757 ,  0.016847, 0.001170 
  0.029763 ,  0.018833, 0.004581 
  0.028770 ,  0.020626, 0.007430 
  0.027779 ,  0.022206, 0.009724 
  0.026790 ,  0.023556, 0.011531 
  0.025807 ,  0.024661, 0.012952 
  0.024829 ,  0.025509, 0.014089 
  0.023858 ,  0.026094, 0.015021 
  0.022896 ,  0.026410, 0.015785 
  0.021944 ,  0.026457, 0.016361 
  0.021003 ,  0.026237, 0.016678 
  0.020074 ,  0.025756, 0.016626 
  0.019160 ,  0.025024, 0.016073 
  0.018260 ,  0.024053, 0.014893 
  0.017376 ,  0.022859, 0.012990 
  0.016510 ,  0.021461, 0.010326 
  0.015662 ,  0.019879, 0.006929 
  0.014833 ,  0.018137, 0.002908 
  0.014025 ,  0.016260, -0.001560 
  0.013239 ,  0.014276, -0.006234 
  0.012475 ,  0.012211, -0.010839 
  0.011735 ,  0.010095, -0.015087 
  0.011020 ,  0.007958, -0.018705 
  0.010329 ,  0.005827, -0.021464 
  0.009665 ,  0.003734, -0.023193 
  0.009028 ,  0.001704, -0.023798 
  0.008419 ,  -0.000235, -0.023262 
  0.007838 ,  -0.002057, -0.021646 
  0.007286 ,  -0.003739, -0.019077 
  0.006764 ,  -0.005260, -0.015732 
  0.006271 ,  -0.006602, -0.011826 
  0.005810 ,  -0.007749, -0.007591 
  0.005379 ,  -0.008687, -0.003258 
  0.004980 ,  -0.009407, 0.000954 
  0.004613 ,  -0.009903, 0.004849 
  0.004278 ,  -0.010172, 0.008265 
  0.003976 ,  -0.010214, 0.011075 
  0.003706 ,  -0.010033, 0.013195 
  0.003469 ,  -0.009636, 0.014581 
  0.003264 ,  -0.009033, 0.015232 
  0.003092 ,  -0.008239, 0.015188 
  0.002954 ,  -0.007269, 0.014524 
  0.002847 ,  -0.006142, 0.013349 
  0.002774 ,  -0.004880, 0.011796 
  0.002733 ,  -0.003507, 0.010013 
  0.002724 ,  -0.002047, 0.008149 
  0.002747 ,  -0.000528, 0.006344 
  0.002802 ,  0.001024, 0.004713 
  0.002888 ,  0.002579, 0.003338 
  0.003004 ,  0.004109, 0.002257 
  0.003151 ,  0.005587, 0.001464 
  0.003328 ,  0.006983, 0.000912 
  0.003534 ,  0.008272, 0.000519 
  0.003768 ,  0.009428, 0.000187 
  0.004031 ,  0.010428, -0.000188 
  0.004320 ,  0.011250, -0.000691 
  0.004637 ,  0.011875, -0.001376 
  0.004978 ,  0.012287, -0.002254 
  0.005345 ,  0.012472, -0.003287 
  0.005736 ,  0.012419, -0.004395 
  0.006149 ,  0.012123, -0.005461 
  0.006585 ,  0.011579, -0.006354 
  0.007042 ,  0.010787, -0.006947 
  0.007519 ,  0.009751, -0.007142 
  0.008015 ,  0.008478, -0.006883 
  0.008530 ,  0.006977, -0.006177 
  0.009061 ,  0.005265, -0.005093 
  0.009607 ,  0.003356, -0.003754 
  0.010169 ,  0.001271, -0.002329 
  0.010744 ,  -0.000967, -0.001002 
  0.011331 ,  -0.003332, 0.000049 
  0.011929 ,  -0.005799, 0.000682 
  0.012537 ,  -0.008336, 0.000812 
  0.013154 ,  -0.010915, 0.000426 
  0.013777 ,  -0.013503, -0.000412 
  0.014407 ,  -0.016067, -0.001570 
  0.015041 ,  -0.018576, -0.002868 
  0.015679 ,  -0.020997, -0.004102 
  0.016319 ,  -0.023298, -0.005078 
  0.016960 ,  -0.025449, -0.005638 
  0.017600 ,  -0.027420, -0.005689 
  0.018239 ,  -0.029183, -0.005213 
  0.018874 ,  -0.030715, -0.004273 
  0.019505 ,  -0.031991, -0.002996 
  0.020130 ,  -0.032991, -0.001559 
  0.020748 ,  -0.033700, -0.000151 
  0.021358 ,  -0.034102, 0.001059 
  0.021958 ,  -0.034188, 0.001949 
  0.022547 ,  -0.033952, 0.002472 
  0.023125 ,  -0.033390, 0.002664 
  0.023689 ,  -0.032504, 0.002640 
  0.024238 ,  -0.031299, 0.002579 
  0.024772 ,  -0.029782, 0.002691 
  0.025289 ,  -0.027967, 0.003182 
  0.025788 ,  -0.025868, 0.004211 
  0.026268 ,  -0.023506, 0.005855 
  0.026727 ,  -0.020902, 0.008089 
  0.027166 ,  -0.018082, 0.010772 
  0.027582 ,  -0.015073, 0.013656 
  0.027975 ,  -0.011904, 0.016412 
  0.028343 ,  -0.008609, 0.018670 
  0.028687 ,  -0.005220, 0.020061 
  0.029004 ,  -0.001771, 0.020275 
  0.029295 ,  0.001702, 0.019100 
  0.029558 ,  0.005164, 0.016454 
  0.029793 ,  0.008579, 0.012409 
  0.029998 ,  0.011913, 0.007179 
  0.030173 ,  0.015132, 0.001106 
  0.030318 ,  0.018204, -0.005381 
  0.030432 ,  0.021097, -0.011812 
  0.030514 ,  0.023784, -0.017729 
  0.030564 ,  0.026238, -0.022733 
  0.030581 ,  0.028436, -0.026521 
  0.030565 ,  0.030356, -0.028914 
  0.030516 ,  0.031982, -0.029859 
  0.030433 ,  0.033300, -0.029419 
  0.030316 ,  0.034300, -0.027752 
  0.030165 ,  0.034974, -0.025077 
  0.029979 ,  0.035320, -0.021636 
  0.029759 ,  0.035339, -0.017661 
  0.029504 ,  0.035034, -0.013353 
  0.029215 ,  0.034415, -0.008862 
  0.028891 ,  0.033491, -0.004294 
  0.028532 ,  0.032278, 0.000281 
  0.028140 ,  0.030793, 0.004810 
  0.027712 ,  0.029058, 0.009231 
  0.027251 ,  0.027096, 0.013457 
  0.026757 ,  0.024931, 0.017357 
  0.026229 ,  0.022592, 0.020758 
  0.025667 ,  0.020107, 0.023458 
  0.025074 ,  0.017508, 0.025241 
  0.024448 ,  0.014825, 0.025915 
  0.023791 ,  0.012090, 0.025347 
  0.023102 ,  0.009335, 0.023489 
  0.022383 ,  0.006591, 0.020405 
  0.021635 ,  0.003889, 0.016281 
  0.020857 ,  0.001259, 0.011414 
  0.020051 ,  -0.001269, 0.006189 
  0.019218 ,  -0.003671, 0.001035 
  0.018357 ,  -0.005919, -0.003619 
  0.017471 ,  -0.007993, -0.007402 
  0.016560 ,  -0.009872, -0.010043 
  0.015624 ,  -0.011538, -0.011414 
  0.014666 ,  -0.012977, -0.011538 
  0.013685 ,  -0.014178, -0.010591 
  0.012683 ,  -0.015132, -0.008876 
  0.011661 ,  -0.015833, -0.006775 
  0.010620 ,  -0.016281, -0.004701 
  0.009562 ,  -0.016476, -0.003032 
  0.008486 ,  -0.016423, -0.002060 
  0.007395 ,  -0.016128, -0.001946 
  0.006289 ,  -0.015602, -0.002699 
  0.005170 ,  -0.014858, -0.004177 
  0.004040 ,  -0.013911, -0.006103 
  0.002898 ,  -0.012779, -0.008112 
  0.001747 ,  -0.011482, -0.009804 
  0.000588 ,  -0.010040, -0.010805 
  -0.000579 ,  -0.008477, -0.010820 
  -0.001751 ,  -0.006817, -0.009682 
  -0.002927 ,  -0.005084, -0.007378 
  -0.004107 ,  -0.003305, -0.004052 
  -0.005288 ,  -0.001503, 0.000011 
  -0.006470 ,  0.000294, 0.004420 
  -0.007652 ,  0.002063, 0.008731 
  -0.008831 ,  0.003780, 0.012500 
  -0.010006 ,  0.005420, 0.015339 
  -0.011177 ,  0.006964, 0.016961 
  -0.012343 ,  0.008389, 0.017206 
  -0.013500 ,  0.009679, 0.016060 
  -0.014650 ,  0.010816, 0.013639 
  -0.015789 ,  0.011787, 0.010171 
  -0.016918 ,  0.012580, 0.005961 
  -0.018035 ,  0.013186, 0.001346 
  -0.019138 ,  0.013597, -0.003338 
  -0.020226 ,  0.013809, -0.007790 
  -0.021299 ,  0.013822, -0.011769 
  -0.022355 ,  0.013635, -0.015096 
  -0.023393 ,  0.013252, -0.017655 
  -0.024411 ,  0.012680, -0.019379 
  -0.025410 ,  0.011926, -0.020232 
  -0.026388 ,  0.011000, -0.020194 
  -0.027343 ,  0.009915, -0.019246 
  -0.028275 ,  0.008686, -0.017368 
  -0.029183 ,  0.007327, -0.014545 
  -0.030066 ,  0.005857, -0.010778 
  -0.030923 ,  0.004294, -0.006111 
  -0.031754 ,  0.002657, -0.000648 
  -0.032557 ,  0.000966, 0.005427 
  -0.033332 ,  -0.000758, 0.011842 
  -0.034078 ,  -0.002496, 0.018238 
  -0.034794 ,  -0.004225, 0.024190 
  -0.035480 ,  -0.005927, 0.029239 
  -0.036135 ,  -0.007582, 0.032937 
  -0.036759 ,  -0.009171, 0.034895 
  -0.037350 ,  -0.010677, 0.034833 
  -0.037910 ,  -0.012083, 0.032621 
  -0.038437 ,  -0.013374, 0.028308 
  -0.038930 ,  -0.014537, 0.022122 
  -0.039390 ,  -0.015560, 0.014467 
  -0.039817 ,  -0.016434, 0.005878 
  -0.040209 ,  -0.017150, -0.003022 
  -0.040567 ,  -0.017704, -0.011589 
  -0.040891 ,  -0.018090, -0.019217 
  -0.041181 ,  -0.018307, -0.025400 
  -0.041436 ,  -0.018355, -0.029781 
  -0.041657 ,  -0.018236, -0.032171 
  -0.041843 ,  -0.017955, -0.032568 
  -0.041995 ,  -0.017517, -0.031130 
  -0.042113 ,  -0.016930, -0.028156 
  -0.042198 ,  -0.016202, -0.024029 
  -0.042248 ,  -0.015345, -0.019175 
  -0.042265 ,  -0.014369, -0.014009 
  -0.042249 ,  -0.013290, -0.008892 
  -0.042200 ,  -0.012119, -0.004109 
  -0.042119 ,  -0.010872, 0.000150 
  -0.042006 ,  -0.009564, 0.003787 
  -0.041861 ,  -0.008211, 0.006780 
  -0.041686 ,  -0.006828, 0.009159 
  -0.041480 ,  -0.005432, 0.010979 
  -0.041245 ,  -0.004037, 0.012301 
  -0.040981 ,  -0.002659, 0.013166 
  -0.040688 ,  -0.001312, 0.013590 
  -0.040368 ,  -0.000011, 0.013570 
  -0.040021 ,  0.001231, 0.013087 
  -0.039648 ,  0.002403, 0.012130 
  -0.039250 ,  0.003493, 0.010708 
  -0.038828 ,  0.004493, 0.008871 
  -0.038382 ,  0.005392, 0.006715 
  -0.037913 ,  0.006185, 0.004382 
  -0.037423 ,  0.006865, 0.002049 
  -0.036912 ,  0.007429, -0.000092 
  -0.036381 ,  0.007873, -0.001860 
  -0.035832 ,  0.008196, -0.003111 
  -0.035265 ,  0.008397, -0.003764 
  -0.034681 ,  0.008480, -0.003814 
  -0.034082 ,  0.008445, -0.003338 
  -0.033469 ,  0.008297, -0.002485 
  -0.032842 ,  0.008040, -0.001454 
  -0.032203 ,  0.007682, -0.000465 
  -0.031552 ,  0.007229, 0.000274 
  -0.030892 ,  0.006689, 0.000608 
  -0.030223 ,  0.006070, 0.000453 
  -0.029546 ,  0.005382, -0.000178 
  -0.028862 ,  0.004634, -0.001181 
  -0.028173 ,  0.003837, -0.002373 
  -0.027480 ,  0.003001, -0.003517 
  -0.026783 ,  0.002136, -0.004360 
  -0.026084 ,  0.001252, -0.004678 
  -0.025385 ,  0.000360, -0.004309 
  -0.024686 ,  -0.000531, -0.003189 
  -0.023988 ,  -0.001410, -0.001366 
  -0.023292 ,  -0.002269, 0.000999 
  -0.022600 ,  -0.003098, 0.003649 
  -0.021913 ,  -0.003891, 0.006262 
  -0.021231 ,  -0.004639, 0.008492 
  -0.020557 ,  -0.005336, 0.010017 
  -0.019890 ,  -0.005976, 0.010586 
  -0.019231 ,  -0.006554, 0.010046 
  -0.018583 ,  -0.007065, 0.008375 
  -0.017946 ,  -0.007507, 0.005678 
  -0.017320 ,  -0.007876, 0.002179 
  -0.016707 ,  -0.008170, -0.001807 
  -0.016107 ,  -0.008390, -0.005913 
  -0.015522 ,  -0.008533, -0.009762 
  -0.014952 ,  -0.008601, -0.013012 
  -0.014399 ,  -0.008595, -0.015392 
  -0.013862 ,  -0.008516, -0.016724 
  -0.013343 ,  -0.008368, -0.016940 
  -0.012843 ,  -0.008152, -0.016072 
  -0.012361 ,  -0.007872, -0.014242 
  -0.011899 ,  -0.007532, -0.011638 
  -0.011458 ,  -0.007135, -0.008483 
  -0.011037 ,  -0.006686, -0.005010 
  -0.010638 ,  -0.006190, -0.001438 
  -0.010261 ,  -0.005651, 0.002042 
  -0.009906 ,  -0.005073, 0.005277 
  -0.009574 ,  -0.004462, 0.008147 
  -0.009265 ,  -0.003821, 0.010557 
  -0.008980 ,  -0.003156, 0.012435 
  -0.008719 ,  -0.002471, 0.013715 
  -0.008482 ,  -0.001770, 0.014337 
  -0.008269 ,  -0.001056, 0.014251 
  -0.008081 ,  -0.000335, 0.013422 
  -0.007918 ,  0.000391, 0.011843 
  -0.007779 ,  0.001119, 0.009554 
  -0.007666 ,  0.001846, 0.006657 
  -0.007577 ,  0.002569, 0.003319 
  -0.007513 ,  0.003286, -0.000222 
  -0.007473 ,  0.003994, -0.003674 
  -0.007458 ,  0.004694, -0.006710 
  -0.007468 ,  0.005382, -0.009007 
  -0.007502 ,  0.006059, -0.010283 
  -0.007561 ,  0.006723, -0.010338 
  -0.007642 ,  0.007374, -0.009089 
  -0.007748 ,  0.008012, -0.006595 
  -0.007876 ,  0.008636, -0.003063 
  -0.008028 ,  0.009247, 0.001165 
  -0.008201 ,  0.009845, 0.005638 
  -0.008397 ,  0.010430, 0.009848 
  -0.008613 ,  0.011003, 0.013289 
  -0.008851 ,  0.011564, 0.015513 
  -0.009109 ,  0.012114, 0.016192 
  -0.009386 ,  0.012652, 0.015163 
  -0.009682 ,  0.013180, 0.012451 
  -0.009997 ,  0.013698, 0.008274 
  -0.010329 ,  0.014206, 0.003021 
  -0.010678 ,  0.014704, -0.002794 
  -0.011044 ,  0.015192, -0.008588 
  -0.011424 ,  0.015669, -0.013782 
  -0.011820 ,  0.016136, -0.017867 
  -0.012228 ,  0.016591, -0.020464 
  -0.012650 ,  0.017033, -0.021370 
  -0.013084 ,  0.017462, -0.020574 
  -0.013529 ,  0.017875, -0.018253 
  -0.013984 ,  0.018271, -0.014747 
  -0.014448 ,  0.018648, -0.010507 
  -0.014920 ,  0.019003, -0.006038 
  -0.015400 ,  0.019334, -0.001832 
  -0.015886 ,  0.019637, 0.001693 
  -0.016378 ,  0.019910, 0.004240 
  -0.016873 ,  0.020149, 0.005662 
  -0.017373 ,  0.020349, 0.005974 
  -0.017874 ,  0.020507, 0.005335 
  -0.018377 ,  0.020619, 0.004021 
  -0.018880 ,  0.020679, 0.002376 
  -0.019382 ,  0.020684, 0.000763 
  -0.019882 ,  0.020628, -0.000490 
  -0.020380 ,  0.020506, -0.001130 
  -0.020874 ,  0.020313, -0.001010 
  -0.021363 ,  0.020045, -0.000105 
  -0.021846 ,  0.019695, 0.001496 
  -0.022322 ,  0.019260, 0.003608 
  -0.022790 ,  0.018734, 0.005980 
  -0.023249 ,  0.018113, 0.008332 
  -0.023699 ,  0.017392, 0.010395 
  -0.024137 ,  0.016567, 0.011945 
  -0.024564 ,  0.015634, 0.012828 
  -0.024978 ,  0.014591, 0.012971 
  -0.025378 ,  0.013434, 0.012387 
  -0.025764 ,  0.012162, 0.011161 
  -0.026134 ,  0.010772, 0.009436 
  -0.026488 ,  0.009264, 0.007387 
  -0.026824 ,  0.007639, 0.005194 
  -0.027143 ,  0.005896, 0.003026 
  -0.027443 ,  0.004038, 0.001017 
  -0.027723 ,  0.002068, -0.000739 
  -0.027983 ,  -0.000011, -0.002193 
  -0.028221 ,  -0.002193, -0.003337 
  -0.028438 ,  -0.004474, -0.004196 
  -0.028633 ,  -0.006845, -0.004816 
  -0.028804 ,  -0.009298, -0.005254 
  -0.028952 ,  -0.011825, -0.005566 
  -0.029075 ,  -0.014415, -0.005805 
  -0.029174 ,  -0.017056, -0.006010 
  -0.029247 ,  -0.019735, -0.006212 
  -0.029294 ,  -0.022440, -0.006431 
  -0.029316 ,  -0.025154, -0.006678 
  -0.029310 ,  -0.027863, -0.006960 
  -0.029278 ,  -0.030551, -0.007278 
  -0.029218 ,  -0.033199, -0.007624 
  -0.029131 ,  -0.035791, -0.007984 
  -0.029016 ,  -0.038308, -0.008330 
  -0.028873 ,  -0.040731, -0.008621 
  -0.028701 ,  -0.043042, -0.008804 
  -0.028501 ,  -0.045222, -0.008811 
  -0.028272 ,  -0.047251, -0.008571 
  -0.028015 ,  -0.049112, -0.008016 
  -0.027729 ,  -0.050786, -0.007091 
  -0.027415 ,  -0.052255, -0.005769 
  -0.027072 ,  -0.053503, -0.004054 
  -0.026700 ,  -0.054514, -0.001994 
  -0.026300 ,  -0.055274, 0.000319 
  -0.025871 ,  -0.055769, 0.002759 
  -0.025415 ,  -0.055988, 0.005171 
  -0.024931 ,  -0.055921, 0.007388 
  -0.024419 ,  -0.055559, 0.009253 
  -0.023880 ,  -0.054896, 0.010636 
  -0.023313 ,  -0.053929, 0.011453 
  -0.022721 ,  -0.052654, 0.011676 
  -0.022102 ,  -0.051074, 0.011340 
  -0.021457 ,  -0.049190, 0.010542 
  -0.020787 ,  -0.047007, 0.009422 
  -0.020092 ,  -0.044534, 0.008151 
  -0.019373 ,  -0.041780, 0.006908 
  -0.018630 ,  -0.038758, 0.005849 
  -0.017864 ,  -0.035484, 0.005090 
  -0.017076 ,  -0.031973, 0.004691 
  -0.016265 ,  -0.028246, 0.004643 
  -0.015434 ,  -0.024325, 0.004872 
  -0.014582 ,  -0.020233, 0.005253 
  -0.013711 ,  -0.015995, 0.005622 
  -0.012820 ,  -0.011638, 0.005810 
  -0.011911 ,  -0.007191, 0.005661 
  -0.010985 ,  -0.002683, 0.005063 
  -0.010042 ,  0.001856, 0.003968 
  -0.009083 ,  0.006395, 0.002394 
  -0.008109 ,  0.010901, 0.000436 
  -0.007122 ,  0.015345, -0.001755 
  -0.006121 ,  0.019695, -0.003986 
  -0.005108 ,  0.023919, -0.006053 
  -0.004083 ,  0.027990, -0.007768 
  -0.003048 ,  0.031877, -0.008988 
  -0.002004 ,  0.035554, -0.009639 
  -0.000951 ,  0.038994, -0.009728 
  0.000110 ,  0.042175, -0.009344 
  0.001177 ,  0.045076, -0.008646 
  0.002250 ,  0.047676, -0.007846 
  0.003328 ,  0.049960, -0.007173 
  0.004410 ,  0.051914, -0.006842 
  0.005494 ,  0.053527, -0.007020 
  0.006580 ,  0.054793, -0.007793 
  0.007667 ,  0.055706, -0.009149 
  0.008754 ,  0.056264, -0.010971 
  0.009839 ,  0.056472, -0.013040 
  0.010923 ,  0.056332, -0.015057 
  0.012003 ,  0.055855, -0.016675 
  0.013080 ,  0.055050, -0.017539 
  0.014151 ,  0.053933, -0.017330 
  0.015217 ,  0.052520, -0.015806 
  0.016276 ,  0.050831, -0.012838 
  0.017327 ,  0.048888, -0.008436 
  0.018369 ,  0.046716, -0.002755 
  0.019402 ,  0.044340, 0.003905 
  0.020425 ,  0.041788, 0.011129 
  0.021436 ,  0.039089, 0.018416 
  0.022435 ,  0.036271, 0.025226 
  0.023421 ,  0.033366, 0.031035 
  0.024394 ,  0.030404, 0.035378 
  0.025352 ,  0.027416, 0.037902 
  0.026295 ,  0.024430, 0.038394 
  0.027222 ,  0.021477, 0.036806 
  0.028132 ,  0.018583, 0.033257 
  0.029024 ,  0.015776, 0.028021 
  0.029899 ,  0.013079, 0.021501 
  0.030755 ,  0.010516, 0.014186 
  0.031591 ,  0.008107, 0.006607 
  0.032407 ,  0.005869, -0.000714 
  0.033203 ,  0.003817, -0.007314 
  0.033978 ,  0.001963, -0.012825 
  0.034731 ,  0.000317, -0.017006 
  0.035462 ,  -0.001116, -0.019756 
  0.036170 ,  -0.002334, -0.021112 
  0.036855 ,  -0.003335, -0.021235 
  0.037517 ,  -0.004125, -0.020380 
  0.038155 ,  -0.004708, -0.018859 
  0.038768 ,  -0.005095, -0.017001 
  0.039357 ,  -0.005298, -0.015111 
  0.039922 ,  -0.005331, -0.013436 
  0.040461 ,  -0.005211, -0.012138 
  0.040975 ,  -0.004957, -0.011280 
  0.041463 ,  -0.004590, -0.010828 
  0.041926 ,  -0.004132, -0.010663 
  0.042363 ,  -0.003606, -0.010603 
  0.042774 ,  -0.003037, -0.010433 
  0.043158 ,  -0.002449, -0.009945 
  0.043517 ,  -0.001866, -0.008962 
  0.043849 ,  -0.001313, -0.007374 
  0.044155 ,  -0.000813, -0.005153 
  0.044435 ,  -0.000389, -0.002362 
  0.044689 ,  -0.000062, 0.000851 
  0.044917 ,  0.000149, 0.004266 
  0.045119 ,  0.000226, 0.007619 
  0.045295 ,  0.000154, 0.010628 
  0.045446 ,  -0.000078, 0.013030 
  0.045571 ,  -0.000482, 0.014609 
  0.045671 ,  -0.001063, 0.015225 
  0.045745 ,  -0.001827, 0.014827 
  0.045795 ,  -0.002773, 0.013463 
  0.045820 ,  -0.003898, 0.011274 
  0.045822 ,  -0.005198, 0.008480 
  0.045799 ,  -0.006664, 0.005360 
  0.045752 ,  -0.008282, 0.002222 
  0.045683 ,  -0.010040, -0.000626 
  0.045590 ,  -0.011919, -0.002905 
  0.045476 ,  -0.013898, -0.004393 
  0.045339 ,  -0.015957, -0.004940 
  0.045180 ,  -0.018069, -0.004484 
  0.045001 ,  -0.020210, -0.003058 
  0.044801 ,  -0.022351, -0.000778 
  0.044580 ,  -0.024465, 0.002159 
  0.044340 ,  -0.026522, 0.005495 
  0.044081 ,  -0.028494, 0.008932 
  0.043803 ,  -0.030352, 0.012151 
  0.043507 ,  -0.032067, 0.014842 
  0.043193 ,  -0.033613, 0.016722 
  0.042862 ,  -0.034963, 0.017563 
  0.042514 ,  -0.036095, 0.017202 
  0.042151 ,  -0.036987, 0.015565 
  0.041772 ,  -0.037619, 0.012670 
  0.041379 ,  -0.037976, 0.008631 
  0.040971 ,  -0.038044, 0.003657 
  0.040549 ,  -0.037814, -0.001965 
  0.040115 ,  -0.037280, -0.007884 
  0.039668 ,  -0.036440, -0.013712 
  0.039209 ,  -0.035294, -0.019059 
  0.038739 ,  -0.033849, -0.023557 
  0.038258 ,  -0.032113, -0.026900 
  0.037766 ,  -0.030100, -0.028872 
  0.037266 ,  -0.027825, -0.029364 
  0.036756 ,  -0.025310, -0.028389 
  0.036238 ,  -0.022577, -0.026079 
  0.035712 ,  -0.019654, -0.022674 
  0.035179 ,  -0.016569, -0.018491 
  0.034639 ,  -0.013355, -0.013891 
  0.034093 ,  -0.010045, -0.009237 
  0.033541 ,  -0.006675, -0.004851 
  0.032984 ,  -0.003281, -0.000978 
  0.032423 ,  0.000098, 0.002244 
  0.031858 ,  0.003425, 0.004791 
  0.031289 ,  0.006662, 0.006757 
  0.030718 ,  0.009773, 0.008326 
  0.030143 ,  0.012721, 0.009742 
  0.029567 ,  0.015471, 0.011260 
  0.028989 ,  0.017992, 0.013098 
  0.028410 ,  0.020254, 0.015393 
  0.027831 ,  0.022230, 0.018161 
  0.027251 ,  0.023896, 0.021282 
  0.026671 ,  0.025232, 0.024499 
  0.026092 ,  0.026222, 0.027444 
  0.025514 ,  0.026854, 0.029676 
  0.024937 ,  0.027120, 0.030743 
  0.024362 ,  0.027018, 0.030246 
  0.023789 ,  0.026548, 0.027899 
  0.023218 ,  0.025717, 0.023586 
  0.022650 ,  0.024534, 0.017392 
  0.022085 ,  0.023016, 0.009615 
  0.021523 ,  0.021182, 0.000746 
  0.020965 ,  0.019054, -0.008573 
  0.020411 ,  0.016660, -0.017616 
  0.019860 ,  0.014032, -0.025649 
  0.019314 ,  0.011203, -0.032013 
  0.018772 ,  0.008211, -0.036201 
  0.018234 ,  0.005094, -0.037911 
  0.017702 ,  0.001894, -0.037085 
  0.017174 ,  -0.001346, -0.033906 
  0.016652 ,  -0.004583, -0.028779 
  0.016134 ,  -0.007772, -0.022272 
  0.015622 ,  -0.010871, -0.015050 
  0.015116 ,  -0.013836, -0.007793 
  0.014614 ,  -0.016625, -0.001115 
  0.014119 ,  -0.019198, 0.004500 
  0.013629 ,  -0.021518, 0.008744 
  0.013144 ,  -0.023550, 0.011506 
  0.012665 ,  -0.025262, 0.012864 
  0.012192 ,  -0.026627, 0.013054 
  0.011725 ,  -0.027619, 0.012413 
  0.011263 ,  -0.028220, 0.011321 
  0.010807 ,  -0.028414, 0.010137 
  0.010357 ,  -0.028192, 0.009141 
  0.009912 ,  -0.027549, 0.008503 
  0.009473 ,  -0.026483, 0.008259 
  0.009039 ,  -0.025001, 0.008327 
  0.008610 ,  -0.023111, 0.008528 
  0.008187 ,  -0.020831, 0.008633 
  0.007769 ,  -0.018178, 0.008411 
  0.007356 ,  -0.015179, 0.007682 
  0.006949 ,  -0.011862, 0.006349 
  0.006546 ,  -0.008259, 0.004427 
  0.006148 ,  -0.004409, 0.002041 
  0.005754 ,  -0.000350, -0.000591 
  0.005365 ,  0.003875, -0.003192 
  0.004981 ,  0.008219, -0.005473 
  0.004601 ,  0.012638, -0.007179 
  0.004225 ,  0.017081, -0.008134 
  0.003853 ,  0.021502, -0.008268 
  0.003485 ,  0.025850, -0.007633 
  0.003120 ,  0.030078, -0.006389 
  0.002759 ,  0.034138, -0.004782 
  0.002402 ,  0.037984, -0.003101 
  0.002048 ,  0.041572, -0.001629 
  0.001697 ,  0.044863, -0.000594 
  0.001349 ,  0.047817, -0.000136 
  0.001003 ,  0.050400, -0.000282 
  0.000661 ,  0.052582, -0.000943 
  0.000321 ,  0.054337, -0.001934 
  -0.000017 ,  0.055644, -0.003008 
  -0.000352 ,  0.056485, -0.003901 
  -0.000685 ,  0.056849, -0.004384 
  -0.001017 ,  0.056730, -0.004303 
  -0.001346 ,  0.056125, -0.003613 
  -0.001673 ,  0.055040, -0.002385 
  -0.001999 ,  0.053483, -0.000797 
  -0.002323 ,  0.051468, 0.000899 
  -0.002646 ,  0.049015, 0.002422 
  -0.002968 ,  0.046146, 0.003517 
  -0.003288 ,  0.042889, 0.004009 
  -0.003607 ,  0.039278, 0.003843 
  -0.003925 ,  0.035346, 0.003102 
  -0.004242 ,  0.031132, 0.002008 
  -0.004558 ,  0.026679, 0.000889 
  -0.004873 ,  0.022029, 0.000126 
  -0.005187 ,  0.017228, 0.000091 
  -0.005500 ,  0.012322, 0.001070 
  -0.005812 ,  0.007358, 0.003201 
  -0.006124 ,  0.002385, 0.006426 
  -0.006435 ,  -0.002553, 0.010474 
  -0.006745 ,  -0.007408, 0.014876 
  -0.007054 ,  -0.012135, 0.019007 
  -0.007362 ,  -0.016693, 0.022171 
  -0.007670 ,  -0.021042, 0.023687 
  -0.007976 ,  -0.025143, 0.022994 
  -0.008282 ,  -0.028962, 0.019744 
  -0.008587 ,  -0.032470, 0.013873 
  -0.008891 ,  -0.035638, 0.005634 
  -0.009193 ,  -0.038445, -0.004407 
  -0.009495 ,  -0.040871, -0.015415 
  -0.009795 ,  -0.042902, -0.026371 
  -0.010094 ,  -0.044529, -0.036190 
  -0.010391 ,  -0.045747, -0.043840 
  -0.010687 ,  -0.046554, -0.048471 
  -0.010981 ,  -0.046955, -0.049519 
  -0.011274 ,  -0.046957, -0.046774 
  -0.011564 ,  -0.046573, -0.040415 
  -0.011853 ,  -0.045818, -0.030988 
  -0.012139 ,  -0.044712, -0.019346 
