   4m__8m 
  -0.019381 ,  -0.026211, -0.005623 
  -0.018864 ,  -0.028964, -0.012743 
  -0.018320 ,  -0.031577, -0.018495 
  -0.017750 ,  -0.034029, -0.022432 
  -0.017154 ,  -0.036301, -0.024329 
  -0.016532 ,  -0.038377, -0.024205 
  -0.015884 ,  -0.040241, -0.022307 
  -0.015211 ,  -0.041880, -0.019074 
  -0.014514 ,  -0.043283, -0.015068 
  -0.013793 ,  -0.044441, -0.010894 
  -0.013048 ,  -0.045348, -0.007116 
  -0.012281 ,  -0.045999, -0.004182 
  -0.011491 ,  -0.046392, -0.002366 
  -0.010679 ,  -0.046529, -0.001743 
  -0.009846 ,  -0.046412, -0.002183 
  -0.008993 ,  -0.046046, -0.003388 
  -0.008120 ,  -0.045440, -0.004943 
  -0.007228 ,  -0.044602, -0.006385 
  -0.006318 ,  -0.043545, -0.007279 
  -0.005391 ,  -0.042283, -0.007287 
  -0.004447 ,  -0.040829, -0.006217 
  -0.003487 ,  -0.039202, -0.004053 
  -0.002512 ,  -0.037418, -0.000957 
  -0.001523 ,  -0.035497, 0.002756 
  -0.000520 ,  -0.033458, 0.006669 
  0.000494 ,  -0.031321, 0.010320 
  0.001520 ,  -0.029108, 0.013276 
  0.002557 ,  -0.026837, 0.015186 
  0.003602 ,  -0.024530, 0.015838 
  0.004657 ,  -0.022206, 0.015183 
  0.005719 ,  -0.019883, 0.013336 
  0.006787 ,  -0.017581, 0.010561 
  0.007861 ,  -0.015315, 0.007228 
  0.008939 ,  -0.013102, 0.003762 
  0.010021 ,  -0.010956, 0.000581 
  0.011105 ,  -0.008888, -0.001955 
  0.012190 ,  -0.006909, -0.003591 
  0.013276 ,  -0.005028, -0.004203 
  0.014361 ,  -0.003253, -0.003805 
  0.015444 ,  -0.001587, -0.002540 
  0.016524 ,  -0.000033, -0.000649 
  0.017600 ,  0.001407, 0.001565 
  0.018671 ,  0.002735, 0.003784 
  0.019736 ,  0.003955, 0.005715 
  0.020794 ,  0.005069, 0.007124 
  0.021844 ,  0.006086, 0.007855 
  0.022884 ,  0.007014, 0.007844 
  0.023913 ,  0.007860, 0.007109 
  0.024932 ,  0.008636, 0.005735 
  0.025937 ,  0.009354, 0.003850 
  0.026930 ,  0.010025, 0.001605 
  0.027907 ,  0.010662, -0.000852 
  0.028869 ,  0.011278, -0.003389 
  0.029815 ,  0.011886, -0.005901 
  0.030743 ,  0.012500, -0.008302 
  0.031653 ,  0.013131, -0.010524 
  0.032543 ,  0.013791, -0.012504 
  0.033412 ,  0.014492, -0.014170 
  0.034261 ,  0.015243, -0.015438 
  0.035087 ,  0.016053, -0.016207 
  0.035890 ,  0.016930, -0.016369 
  0.036669 ,  0.017879, -0.015821 
  0.037423 ,  0.018903, -0.014487 
  0.038152 ,  0.020006, -0.012336 
  0.038854 ,  0.021188, -0.009403 
  0.039529 ,  0.022446, -0.005802 
  0.040176 ,  0.023778, -0.001728 
  0.040794 ,  0.025178, 0.002555 
  0.041383 ,  0.026639, 0.006730 
  0.041942 ,  0.028151, 0.010465 
  0.042470 ,  0.029703, 0.013445 
  0.042967 ,  0.031283, 0.015414 
  0.043432 ,  0.032875, 0.016211 
  0.043865 ,  0.034466, 0.015790 
  0.044264 ,  0.036037, 0.014234 
  0.044631 ,  0.037572, 0.011747 
  0.044963 ,  0.039051, 0.008634 
  0.045261 ,  0.040456, 0.005266 
  0.045524 ,  0.041766, 0.002032 
  0.045752 ,  0.042964, -0.000708 
  0.045945 ,  0.044029, -0.002666 
  0.046102 ,  0.044943, -0.003663 
  0.046223 ,  0.045688, -0.003650 
  0.046308 ,  0.046247, -0.002711 
  0.046356 ,  0.046604, -0.001050 
  0.046368 ,  0.046744, 0.001040 
  0.046343 ,  0.046655, 0.003216 
  0.046281 ,  0.046326, 0.005136 
  0.046182 ,  0.045748, 0.006501 
  0.046047 ,  0.044913, 0.007096 
  0.045874 ,  0.043818, 0.006818 
  0.045665 ,  0.042459, 0.005683 
  0.045419 ,  0.040838, 0.003824 
  0.045136 ,  0.038956, 0.001465 
  0.044817 ,  0.036819, -0.001111 
  0.044461 ,  0.034434, -0.003602 
  0.044069 ,  0.031812, -0.005729 
  0.043641 ,  0.028964, -0.007278 
  0.043178 ,  0.025905, -0.008121 
  0.042679 ,  0.022652, -0.008232 
  0.042145 ,  0.019224, -0.007687 
  0.041577 ,  0.015640, -0.006648 
  0.040974 ,  0.011923, -0.005333 
  0.040338 ,  0.008097, -0.003987 
  0.039668 ,  0.004186, -0.002838 
  0.038965 ,  0.000216, -0.002071 
  0.038230 ,  -0.003788, -0.001798 
  0.037463 ,  -0.007798, -0.002043 
  0.036665 ,  -0.011788, -0.002743 
  0.035836 ,  -0.015731, -0.003759 
  0.034978 ,  -0.019601, -0.004896 
  0.034090 ,  -0.023371, -0.005934 
  0.033173 ,  -0.027018, -0.006661 
  0.032228 ,  -0.030517, -0.006901 
  0.031256 ,  -0.033846, -0.006540 
  0.030258 ,  -0.036983, -0.005545 
  0.029233 ,  -0.039911, -0.003959 
  0.028184 ,  -0.042611, -0.001905 
  0.027111 ,  -0.045067, 0.000438 
  0.026014 ,  -0.047268, 0.002860 
  0.024895 ,  -0.049201, 0.005144 
  0.023755 ,  -0.050858, 0.007097 
  0.022593 ,  -0.052233, 0.008574 
  0.021412 ,  -0.053321, 0.009496 
  0.020212 ,  -0.054122, 0.009852 
  0.018994 ,  -0.054635, 0.009702 
  0.017759 ,  -0.054863, 0.009164 
  0.016508 ,  -0.054812, 0.008390 
  0.015242 ,  -0.054489, 0.007545 
  0.013962 ,  -0.053902, 0.006780 
  0.012668 ,  -0.053064, 0.006210 
  0.011363 ,  -0.051985, 0.005895 
  0.010046 ,  -0.050681, 0.005831 
  0.008719 ,  -0.049166, 0.005953 
  0.007384 ,  -0.047458, 0.006139 
  0.006040 ,  -0.045573, 0.006233 
  0.004689 ,  -0.043529, 0.006065 
  0.003332 ,  -0.041346, 0.005478 
  0.001969 ,  -0.039041, 0.004357 
  0.000603 ,  -0.036634, 0.002641 
  -0.000766 ,  -0.034144, 0.000347 
  -0.002136 ,  -0.031589, -0.002433 
  -0.003508 ,  -0.028987, -0.005535 
  -0.004880 ,  -0.026356, -0.008737 
  -0.006250 ,  -0.023712, -0.011783 
  -0.007619 ,  -0.021072, -0.014412 
  -0.008984 ,  -0.018450, -0.016387 
  -0.010344 ,  -0.015859, -0.017523 
  -0.011700 ,  -0.013312, -0.017706 
  -0.013049 ,  -0.010821, -0.016913 
  -0.014392 ,  -0.008395, -0.015210 
  -0.015726 ,  -0.006042, -0.012745 
  -0.017050 ,  -0.003770, -0.009736 
  -0.018365 ,  -0.001585, -0.006441 
  -0.019669 ,  0.000509, -0.003128 
  -0.020960 ,  0.002508, -0.000049 
  -0.022239 ,  0.004411, 0.002590 
  -0.023504 ,  0.006215, 0.004652 
  -0.024754 ,  0.007923, 0.006076 
  -0.025988 ,  0.009533, 0.006886 
  -0.027206 ,  0.011049, 0.007175 
  -0.028407 ,  0.012472, 0.007090 
  -0.029589 ,  0.013806, 0.006811 
  -0.030752 ,  0.015054, 0.006516 
  -0.031896 ,  0.016220, 0.006359 
  -0.033019 ,  0.017309, 0.006448 
  -0.034120 ,  0.018324, 0.006827 
  -0.035200 ,  0.019270, 0.007472 
  -0.036256 ,  0.020151, 0.008295 
  -0.037289 ,  0.020971, 0.009159 
  -0.038298 ,  0.021734, 0.009898 
  -0.039282 ,  0.022443, 0.010341 
  -0.040240 ,  0.023101, 0.010340 
  -0.041172 ,  0.023709, 0.009792 
  -0.042077 ,  0.024271, 0.008652 
  -0.042955 ,  0.024787, 0.006946 
  -0.043805 ,  0.025257, 0.004765 
  -0.044626 ,  0.025682, 0.002255 
  -0.045419 ,  0.026061, -0.000401 
  -0.046182 ,  0.026393, -0.003006 
  -0.046915 ,  0.026676, -0.005373 
  -0.047617 ,  0.026908, -0.007350 
  -0.048289 ,  0.027086, -0.008830 
  -0.048929 ,  0.027207, -0.009771 
  -0.049538 ,  0.027268, -0.010186 
  -0.050115 ,  0.027266, -0.010146 
  -0.050659 ,  0.027195, -0.009756 
  -0.051171 ,  0.027053, -0.009146 
  -0.051650 ,  0.026837, -0.008443 
  -0.052096 ,  0.026541, -0.007758 
  -0.052508 ,  0.026164, -0.007168 
  -0.052887 ,  0.025701, -0.006705 
  -0.053232 ,  0.025150, -0.006361 
  -0.053543 ,  0.024510, -0.006087 
  -0.053819 ,  0.023778, -0.005805 
  -0.054062 ,  0.022954, -0.005424 
  -0.054270 ,  0.022038, -0.004853 
  -0.054444 ,  0.021029, -0.004019 
  -0.054584 ,  0.019930, -0.002875 
  -0.054689 ,  0.018743, -0.001411 
  -0.054760 ,  0.017470, 0.000345 
  -0.054796 ,  0.016116, 0.002333 
  -0.054798 ,  0.014686, 0.004461 
  -0.054765 ,  0.013185, 0.006621 
  -0.054698 ,  0.011619, 0.008694 
  -0.054598 ,  0.009997, 0.010565 
  -0.054463 ,  0.008326, 0.012124 
  -0.054294 ,  0.006615, 0.013280 
  -0.054092 ,  0.004873, 0.013960 
  -0.053857 ,  0.003111, 0.014112 
  -0.053588 ,  0.001338, 0.013705 
  -0.053286 ,  -0.000434, 0.012733 
  -0.052952 ,  -0.002194, 0.011209 
  -0.052585 ,  -0.003932, 0.009175 
  -0.052186 ,  -0.005636, 0.006696 
  -0.051755 ,  -0.007294, 0.003867 
  -0.051293 ,  -0.008896, 0.000808 
  -0.050800 ,  -0.010431, -0.002333 
  -0.050276 ,  -0.011889, -0.005391 
  -0.049722 ,  -0.013258, -0.008187 
  -0.049138 ,  -0.014531, -0.010549 
  -0.048525 ,  -0.015698, -0.012320 
  -0.047882 ,  -0.016751, -0.013380 
  -0.047211 ,  -0.017683, -0.013658 
  -0.046512 ,  -0.018488, -0.013147 
  -0.045786 ,  -0.019160, -0.011907 
  -0.045032 ,  -0.019695, -0.010062 
  -0.044252 ,  -0.020091, -0.007794 
  -0.043446 ,  -0.020343, -0.005324 
  -0.042615 ,  -0.020453, -0.002885 
  -0.041759 ,  -0.020419, -0.000701 
  -0.040878 ,  -0.020242, 0.001046 
  -0.039975 ,  -0.019926, 0.002234 
  -0.039048 ,  -0.019474, 0.002816 
  -0.038098 ,  -0.018889, 0.002828 
  -0.037127 ,  -0.018177, 0.002383 
  -0.036135 ,  -0.017345, 0.001651 
  -0.035123 ,  -0.016399, 0.000837 
  -0.034091 ,  -0.015349, 0.000150 
  -0.033040 ,  -0.014202, -0.000226 
  -0.031970 ,  -0.012969, -0.000166 
  -0.030883 ,  -0.011659, 0.000385 
  -0.029779 ,  -0.010283, 0.001396 
  -0.028659 ,  -0.008852, 0.002757 
  -0.027523 ,  -0.007378, 0.004292 
  -0.026373 ,  -0.005872, 0.005786 
  -0.025208 ,  -0.004345, 0.007014 
  -0.024031 ,  -0.002810, 0.007779 
  -0.022841 ,  -0.001278, 0.007935 
  -0.021639 ,  0.000240, 0.007416 
  -0.020426 ,  0.001731, 0.006240 
  -0.019203 ,  0.003186, 0.004515 
  -0.017971 ,  0.004593, 0.002420 
  -0.016730 ,  0.005943, 0.000180 
  -0.015482 ,  0.007226, -0.001959 
  -0.014226 ,  0.008434, -0.003771 
  -0.012965 ,  0.009557, -0.005073 
  -0.011698 ,  0.010589, -0.005750 
  -0.010426 ,  0.011523, -0.005771 
  -0.009150 ,  0.012353, -0.005182 
  -0.007872 ,  0.013074, -0.004104 
  -0.006591 ,  0.013682, -0.002704 
  -0.005309 ,  0.014173, -0.001173 
  -0.004027 ,  0.014545, 0.000302 
  -0.002744 ,  0.014797, 0.001562 
  -0.001463 ,  0.014927, 0.002501 
  -0.000183 ,  0.014936, 0.003066 
  0.001094 ,  0.014825, 0.003264 
  0.002367 ,  0.014596, 0.003148 
  0.003637 ,  0.014251, 0.002802 
  0.004901 ,  0.013793, 0.002318 
  0.006160 ,  0.013227, 0.001780 
  0.007412 ,  0.012557, 0.001242 
  0.008657 ,  0.011789, 0.000725 
  0.009893 ,  0.010928, 0.000211 
  0.011121 ,  0.009982, -0.000346 
  0.012339 ,  0.008956, -0.001010 
  0.013547 ,  0.007858, -0.001839 
  0.014744 ,  0.006697, -0.002871 
  0.015929 ,  0.005478, -0.004104 
  0.017101 ,  0.004212, -0.005492 
  0.018260 ,  0.002906, -0.006939 
  0.019406 ,  0.001569, -0.008308 
  0.020536 ,  0.000209, -0.009438 
  0.021651 ,  -0.001165, -0.010166 
  0.022751 ,  -0.002545, -0.010346 
  0.023833 ,  -0.003922, -0.009874 
  0.024898 ,  -0.005288, -0.008704 
  0.025946 ,  -0.006635, -0.006857 
  0.026974 ,  -0.007955, -0.004422 
  0.027984 ,  -0.009241, -0.001546 
  0.028974 ,  -0.010485, 0.001585 
  0.029943 ,  -0.011681, 0.004761 
  0.030891 ,  -0.012822, 0.007778 
  0.031818 ,  -0.013902, 0.010450 
  0.032723 ,  -0.014917, 0.012635 
  0.033605 ,  -0.015859, 0.014234 
  0.034464 ,  -0.016726, 0.015200 
  0.035300 ,  -0.017514, 0.015528 
  0.036111 ,  -0.018217, 0.015249 
  0.036898 ,  -0.018835, 0.014414 
  0.037660 ,  -0.019363, 0.013087 
  0.038397 ,  -0.019801, 0.011335 
  0.039108 ,  -0.020148, 0.009223 
  0.039792 ,  -0.020401, 0.006816 
  0.040450 ,  -0.020562, 0.004187 
  0.041081 ,  -0.020630, 0.001418 
  0.041685 ,  -0.020606, -0.001389 
  0.042262 ,  -0.020491, -0.004110 
  0.042810 ,  -0.020288, -0.006605 
  0.043331 ,  -0.019997, -0.008723 
  0.043823 ,  -0.019622, -0.010322 
  0.044286 ,  -0.019166, -0.011285 
  0.044721 ,  -0.018632, -0.011547 
  0.045126 ,  -0.018023, -0.011107 
  0.045503 ,  -0.017343, -0.010042 
  0.045850 ,  -0.016596, -0.008512 
  0.046168 ,  -0.015787, -0.006743 
  0.046456 ,  -0.014919, -0.005005 
  0.046714 ,  -0.013998, -0.003580 
  0.046943 ,  -0.013027, -0.002720 
  0.047142 ,  -0.012012, -0.002608 
  0.047311 ,  -0.010957, -0.003320 
  0.047451 ,  -0.009866, -0.004808 
  0.047561 ,  -0.008744, -0.006889 
  0.047641 ,  -0.007595, -0.009261 
  0.047692 ,  -0.006424, -0.011534 
  0.047713 ,  -0.005235, -0.013281 
  0.047705 ,  -0.004031, -0.014095 
  0.047667 ,  -0.002817, -0.013644 
  0.047600 ,  -0.001595, -0.011732 
  0.047505 ,  -0.000370, -0.008329 
  0.047381 ,  0.000856, -0.003593 
  0.047228 ,  0.002080, 0.002141 
  0.047047 ,  0.003299, 0.008393 
  0.046838 ,  0.004510, 0.014595 
  0.046602 ,  0.005713, 0.020158 
  0.046338 ,  0.006904, 0.024546 
  0.046047 ,  0.008082, 0.027345 
  0.045730 ,  0.009245, 0.028315 
  0.045386 ,  0.010391, 0.027421 
  0.045016 ,  0.011520, 0.024836 
  0.044621 ,  0.012630, 0.020916 
  0.044200 ,  0.013719, 0.016149 
  0.043755 ,  0.014788, 0.011084 
  0.043286 ,  0.015833, 0.006260 
  0.042793 ,  0.016854, 0.002133 
  0.042278 ,  0.017850, -0.000989 
  0.041739 ,  0.018819, -0.002976 
  0.041178 ,  0.019760, -0.003890 
  0.040596 ,  0.020670, -0.003964 
  0.039993 ,  0.021549, -0.003562 
  0.039369 ,  0.022393, -0.003111 
  0.038726 ,  0.023200, -0.003033 
  0.038063 ,  0.023968, -0.003678 
  0.037382 ,  0.024694, -0.005263 
  0.036683 ,  0.025375, -0.007836 
  0.035967 ,  0.026007, -0.011269 
  0.035234 ,  0.026586, -0.015271 
  0.034486 ,  0.027109, -0.019429 
  0.033722 ,  0.027572, -0.023268 
  0.032943 ,  0.027970, -0.026314 
  0.032151 ,  0.028299, -0.028161 
  0.031345 ,  0.028553, -0.028523 
  0.030528 ,  0.028729, -0.027272 
  0.029698 ,  0.028822, -0.024446 
  0.028858 ,  0.028826, -0.020239 
  0.028007 ,  0.028737, -0.014970 
  0.027147 ,  0.028550, -0.009031 
  0.026279 ,  0.028261, -0.002837 
  0.025402 ,  0.027866, 0.003226 
  0.024519 ,  0.027361, 0.008848 
  0.023629 ,  0.026743, 0.013814 
  0.022733 ,  0.026008, 0.018015 
  0.021833 ,  0.025154, 0.021435 
  0.020928 ,  0.024179, 0.024124 
  0.020020 ,  0.023081, 0.026161 
  0.019110 ,  0.021861, 0.027623 
  0.018198 ,  0.020519, 0.028545 
  0.017284 ,  0.019055, 0.028910 
  0.016371 ,  0.017472, 0.028638 
  0.015458 ,  0.015773, 0.027606 
  0.014546 ,  0.013961, 0.025674 
  0.013636 ,  0.012041, 0.022720 
  0.012728 ,  0.010019, 0.018682 
  0.011825 ,  0.007901, 0.013593 
  0.010925 ,  0.005696, 0.007597 
  0.010030 ,  0.003412, 0.000963 
  0.009140 ,  0.001059, -0.005938 
  0.008257 ,  -0.001354, -0.012663 
  0.007380 ,  -0.003814, -0.018740 
  0.006511 ,  -0.006309, -0.023728 
  0.005650 ,  -0.008828, -0.027269 
  0.004798 ,  -0.011355, -0.029129 
  0.003955 ,  -0.013878, -0.029233 
  0.003122 ,  -0.016382, -0.027671 
  0.002300 ,  -0.018853, -0.024685 
  0.001489 ,  -0.021274, -0.020638 
  0.000690 ,  -0.023633, -0.015964 
  -0.000097 ,  -0.025912, -0.011117 
  -0.000871 ,  -0.028098, -0.006509 
  -0.001632 ,  -0.030176, -0.002470 
  -0.002380 ,  -0.032132, 0.000788 
  -0.003113 ,  -0.033953, 0.003180 
  -0.003831 ,  -0.035625, 0.004748 
  -0.004535 ,  -0.037136, 0.005627 
  -0.005222 ,  -0.038475, 0.006016 
  -0.005894 ,  -0.039632, 0.006130 
  -0.006550 ,  -0.040598, 0.006159 
  -0.007189 ,  -0.041365, 0.006236 
  -0.007812 ,  -0.041927, 0.006418 
  -0.008417 ,  -0.042278, 0.006682 
  -0.009005 ,  -0.042416, 0.006937 
  -0.009575 ,  -0.042338, 0.007055 
  -0.010127 ,  -0.042044, 0.006900 
  -0.010661 ,  -0.041534, 0.006367 
  -0.011177 ,  -0.040812, 0.005410 
  -0.011674 ,  -0.039882, 0.004061 
  -0.012153 ,  -0.038750, 0.002435 
  -0.012613 ,  -0.037424, 0.000717 
  -0.013054 ,  -0.035912, -0.000867 
  -0.013477 ,  -0.034226, -0.002081 
  -0.013880 ,  -0.032376, -0.002720 
  -0.014265 ,  -0.030375, -0.002649 
  -0.014631 ,  -0.028239, -0.001828 
  -0.014979 ,  -0.025983, -0.000325 
  -0.015307 ,  -0.023622, 0.001690 
  -0.015617 ,  -0.021173, 0.003962 
  -0.015908 ,  -0.018654, 0.006187 
  -0.016181 ,  -0.016084, 0.008054 
  -0.016436 ,  -0.013480, 0.009291 
  -0.016672 ,  -0.010860, 0.009700 
  -0.016891 ,  -0.008244, 0.009188 
  -0.017092 ,  -0.005650, 0.007778 
  -0.017275 ,  -0.003094, 0.005604 
  -0.017442 ,  -0.000595, 0.002890 
  -0.017591 ,  0.001830, -0.000083 
  -0.017724 ,  0.004167, -0.003018 
  -0.017841 ,  0.006400, -0.005641 
  -0.017942 ,  0.008516, -0.007739 
  -0.018027 ,  0.010502, -0.009184 
  -0.018097 ,  0.012348, -0.009940 
  -0.018153 ,  0.014043, -0.010061 
  -0.018194 ,  0.015580, -0.009671 
  -0.018221 ,  0.016953, -0.008938 
  -0.018235 ,  0.018157, -0.008037 
  -0.018235 ,  0.019188, -0.007122 
  -0.018223 ,  0.020047, -0.006301 
  -0.018199 ,  0.020733, -0.005622 
  -0.018164 ,  0.021248, -0.005071 
  -0.018117 ,  0.021597, -0.004584 
  -0.018060 ,  0.021785, -0.004065 
  -0.017993 ,  0.021819, -0.003414 
  -0.017916 ,  0.021707, -0.002551 
  -0.017831 ,  0.021460, -0.001438 
  -0.017737 ,  0.021089, -0.000093 
  -0.017635 ,  0.020606, 0.001411 
  -0.017527 ,  0.020024, 0.002956 
  -0.017411 ,  0.019358, 0.004397 
  -0.017290 ,  0.018622, 0.005588 
  -0.017163 ,  0.017830, 0.006407 
  -0.017031 ,  0.017000, 0.006786 
  -0.016895 ,  0.016146, 0.006715 
  -0.016756 ,  0.015283, 0.006257 
  -0.016613 ,  0.014428, 0.005531 
  -0.016468 ,  0.013596, 0.004697 
  -0.016320 ,  0.012799, 0.003930 
  -0.016172 ,  0.012053, 0.003385 
  -0.016023 ,  0.011370, 0.003173 
  -0.015873 ,  0.010761, 0.003339 
  -0.015725 ,  0.010237, 0.003848 
  -0.015577 ,  0.009807, 0.004591 
  -0.015430 ,  0.009479, 0.005399 
  -0.015286 ,  0.009259, 0.006069 
  -0.015144 ,  0.009150, 0.006394 
  -0.015006 ,  0.009157, 0.006200 
  -0.014871 ,  0.009281, 0.005374 
  -0.014741 ,  0.009520, 0.003886 
  -0.014615 ,  0.009872, 0.001797 
  -0.014494 ,  0.010334, -0.000749 
  -0.014379 ,  0.010899, -0.003537 
  -0.014271 ,  0.011561, -0.006313 
  -0.014169 ,  0.012310, -0.008820 
  -0.014073 ,  0.013135, -0.010823 
  -0.013986 ,  0.014026, -0.012150 
  -0.013906 ,  0.014969, -0.012700 
  -0.013834 ,  0.015950, -0.012462 
  -0.013771 ,  0.016953, -0.011501 
  -0.013717 ,  0.017964, -0.009948 
  -0.013672 ,  0.018965, -0.007978 
  -0.013636 ,  0.019940, -0.005776 
  -0.013611 ,  0.020872, -0.003519 
  -0.013595 ,  0.021742, -0.001350 
  -0.013590 ,  0.022535, 0.000633 
  -0.013595 ,  0.023234, 0.002378 
  -0.013611 ,  0.023822, 0.003872 
  -0.013638 ,  0.024285, 0.005130 
  -0.013676 ,  0.024606, 0.006172 
  -0.013725 ,  0.024774, 0.007013 
  -0.013785 ,  0.024776, 0.007642 
  -0.013857 ,  0.024601, 0.008023 
  -0.013940 ,  0.024241, 0.008098 
  -0.014035 ,  0.023686, 0.007795 
  -0.014140 ,  0.022932, 0.007051 
  -0.014258 ,  0.021975, 0.005832 
  -0.014386 ,  0.020813, 0.004152 
  -0.014526 ,  0.019446, 0.002086 
  -0.014677 ,  0.017875, -0.000224 
  -0.014839 ,  0.016106, -0.002576 
  -0.015012 ,  0.014143, -0.004731 
  -0.015196 ,  0.011996, -0.006438 
  -0.015391 ,  0.009674, -0.007467 
  -0.015595 ,  0.007190, -0.007650 
  -0.015810 ,  0.004556, -0.006903 
  -0.016035 ,  0.001789, -0.005250 
  -0.016269 ,  -0.001095, -0.002829 
  -0.016512 ,  -0.004078, 0.000118 
  -0.016765 ,  -0.007139, 0.003273 
  -0.017025 ,  -0.010258, 0.006275 
  -0.017294 ,  -0.013414, 0.008766 
  -0.017571 ,  -0.016585, 0.010433 
  -0.017855 ,  -0.019747, 0.011054 
  -0.018146 ,  -0.022878, 0.010520 
  -0.018444 ,  -0.025954, 0.008854 
  -0.018747 ,  -0.028953, 0.006208 
  -0.019056 ,  -0.031853, 0.002841 
  -0.019369 ,  -0.034631, -0.000913 
  -0.019687 ,  -0.037266, -0.004683 
  -0.020009 ,  -0.039738, -0.008108 
  -0.020335 ,  -0.042027, -0.010876 
  -0.020662 ,  -0.044116, -0.012760 
  -0.020992 ,  -0.045989, -0.013633 
  -0.021324 ,  -0.047631, -0.013476 
  -0.021656 ,  -0.049029, -0.012370 
  -0.021988 ,  -0.050171, -0.010477 
  -0.022320 ,  -0.051049, -0.008008 
  -0.022651 ,  -0.051656, -0.005200 
  -0.022980 ,  -0.051987, -0.002283 
  -0.023307 ,  -0.052039, 0.000543 
  -0.023631 ,  -0.051811, 0.003118 
  -0.023950 ,  -0.051305, 0.005330 
  -0.024265 ,  -0.050525, 0.007113 
  -0.024575 ,  -0.049475, 0.008433 
  -0.024879 ,  -0.048165, 0.009280 
  -0.025176 ,  -0.046602, 0.009656 
  -0.025466 ,  -0.044799, 0.009567 
  -0.025748 ,  -0.042769, 0.009019 
  -0.026021 ,  -0.040525, 0.008023 
  -0.026284 ,  -0.038085, 0.006602 
  -0.026537 ,  -0.035465, 0.004803 
  -0.026780 ,  -0.032684, 0.002705 
  -0.027010 ,  -0.029761, 0.000423 
  -0.027228 ,  -0.026715, -0.001886 
  -0.027434 ,  -0.023568, -0.004040 
  -0.027625 ,  -0.020339, -0.005843 
  -0.027802 ,  -0.017050, -0.007107 
  -0.027964 ,  -0.013721, -0.007682 
  -0.028110 ,  -0.010373, -0.007476 
  -0.028240 ,  -0.007026, -0.006477 
  -0.028353 ,  -0.003699, -0.004759 
  -0.028448 ,  -0.000412, -0.002488 
  -0.028525 ,  0.002818, 0.000103 
  -0.028583 ,  0.005973, 0.002729 
  -0.028622 ,  0.009039, 0.005094 
  -0.028641 ,  0.012000, 0.006926 
  -0.028639 ,  0.014843, 0.008012 
  -0.028616 ,  0.017556, 0.008227 
  -0.028571 ,  0.020129, 0.007552 
  -0.028505 ,  0.022554, 0.006074 
  -0.028416 ,  0.024822, 0.003975 
  -0.028304 ,  0.026928, 0.001508 
  -0.028169 ,  0.028867, -0.001041 
  -0.028010 ,  0.030637, -0.003392 
  -0.027827 ,  0.032236, -0.005307 
  -0.027620 ,  0.033663, -0.006622 
  -0.027387 ,  0.034920, -0.007267 
  -0.027130 ,  0.036009, -0.007265 
  -0.026847 ,  0.036934, -0.006727 
  -0.026539 ,  0.037697, -0.005826 
  -0.026205 ,  0.038306, -0.004764 
  -0.025845 ,  0.038764, -0.003737 
  -0.025459 ,  0.039080, -0.002906 
  -0.025047 ,  0.039260, -0.002363 
  -0.024608 ,  0.039310, -0.002128 
  -0.024143 ,  0.039240, -0.002142 
  -0.023651 ,  0.039055, -0.002286 
  -0.023133 ,  0.038764, -0.002404 
  -0.022589 ,  0.038375, -0.002334 
  -0.022018 ,  0.037894, -0.001943 
  -0.021421 ,  0.037328, -0.001153 
  -0.020798 ,  0.036684, 0.000042 
  -0.020148 ,  0.035968, 0.001567 
  -0.019473 ,  0.035185, 0.003280 
  -0.018773 ,  0.034340, 0.004986 
  -0.018046 ,  0.033438, 0.006476 
  -0.017295 ,  0.032482, 0.007551 
  -0.016519 ,  0.031476, 0.008067 
  -0.015719 ,  0.030420, 0.007949 
  -0.014895 ,  0.029319, 0.007215 
  -0.014047 ,  0.028172, 0.005971 
  -0.013175 ,  0.026980, 0.004400 
  -0.012281 ,  0.025743, 0.002732 
  -0.011365 ,  0.024462, 0.001215 
  -0.010427 ,  0.023136, 0.000073 
  -0.009467 ,  0.021765, -0.000528 
  -0.008488 ,  0.020346, -0.000504 
  -0.007488 ,  0.018880, 0.000130 
  -0.006468 ,  0.017366, 0.001261 
  -0.005431 ,  0.015802, 0.002698 
  -0.004375 ,  0.014189, 0.004190 
  -0.003301 ,  0.012527, 0.005468 
  -0.002212 ,  0.010814, 0.006280 
  -0.001106 ,  0.009054, 0.006426 
  0.000014 ,  0.007245, 0.005783 
  0.001149 ,  0.005392, 0.004324 
  0.002297 ,  0.003496, 0.002115 
  0.003458 ,  0.001561, -0.000691 
  0.004630 ,  -0.000409, -0.003877 
  0.005812 ,  -0.002409, -0.007191 
  0.007005 ,  -0.004432, -0.010376 
  0.008206 ,  -0.006473, -0.013196 
  0.009415 ,  -0.008524, -0.015458 
  0.010631 ,  -0.010576, -0.017027 
  0.011853 ,  -0.012621, -0.017831 
  0.013080 ,  -0.014649, -0.017850 
  0.014311 ,  -0.016650, -0.017111 
  0.015545 ,  -0.018613, -0.015672 
  0.016780 ,  -0.020528, -0.013607 
  0.018016 ,  -0.022383, -0.010996 
  0.019252 ,  -0.024167, -0.007921 
  0.020487 ,  -0.025869, -0.004467 
  0.021719 ,  -0.027476, -0.000724 
  0.022948 ,  -0.028978, 0.003199 
  0.024172 ,  -0.030365, 0.007168 
  0.025390 ,  -0.031625, 0.011022 
  0.026602 ,  -0.032750, 0.014570 
  0.027805 ,  -0.033731, 0.017600 
  0.029000 ,  -0.034559, 0.019902 
  0.030185 ,  -0.035227, 0.021282 
  0.031359 ,  -0.035730, 0.021598 
  0.032520 ,  -0.036064, 0.020778 
  0.033669 ,  -0.036223, 0.018846 
  0.034803 ,  -0.036208, 0.015928 
  0.035921 ,  -0.036016, 0.012254 
  0.037023 ,  -0.035649, 0.008135 
  0.038108 ,  -0.035108, 0.003940 
  0.039174 ,  -0.034398, 0.000053 
  0.040220 ,  -0.033524, -0.003175 
  0.041246 ,  -0.032491, -0.005466 
  0.042251 ,  -0.031309, -0.006654 
  0.043232 ,  -0.029986, -0.006711 
  0.044191 ,  -0.028532, -0.005755 
  0.045125 ,  -0.026959, -0.004037 
  0.046033 ,  -0.025280, -0.001912 
  0.046916 ,  -0.023508, 0.000205 
  0.047771 ,  -0.021657, 0.001894 
  0.048598 ,  -0.019742, 0.002784 
  0.049396 ,  -0.017778, 0.002606 
  0.050165 ,  -0.015781, 0.001231 
  0.050903 ,  -0.013765, -0.001307 
  0.051610 ,  -0.011748, -0.004813 
  0.052285 ,  -0.009743, -0.008950 
  0.052927 ,  -0.007765, -0.013277 
  0.053536 ,  -0.005830, -0.017307 
  0.054111 ,  -0.003951, -0.020560 
  0.054651 ,  -0.002140, -0.022625 
  0.055156 ,  -0.000409, -0.023210 
  0.055626 ,  0.001231, -0.022177 
  0.056059 ,  0.002771, -0.019557 
  0.056455 ,  0.004203, -0.015550 
  0.056814 ,  0.005520, -0.010494 
  0.057135 ,  0.006717, -0.004831 
  0.057418 ,  0.007790, 0.000948 
  0.057662 ,  0.008738, 0.006357 
  0.057868 ,  0.009559, 0.010966 
  0.058035 ,  0.010256, 0.014451 
  0.058162 ,  0.010830, 0.016614 
  0.058250 ,  0.011286, 0.017407 
  0.058298 ,  0.011630, 0.016921 
  0.058306 ,  0.011867, 0.015371 
  0.058274 ,  0.012006, 0.013063 
  0.058202 ,  0.012056, 0.010354 
  0.058090 ,  0.012026, 0.007612 
  0.057937 ,  0.011929, 0.005175 
  0.057745 ,  0.011774, 0.003318 
  0.057513 ,  0.011575, 0.002225 
  0.057241 ,  0.011343, 0.001982 
  0.056929 ,  0.011091, 0.002570 
  0.056578 ,  0.010830, 0.003876 
  0.056188 ,  0.010574, 0.005709 
  0.055758 ,  0.010334, 0.007819 
  0.055290 ,  0.010120, 0.009928 
  0.054784 ,  0.009944, 0.011753 
  0.054239 ,  0.009816, 0.013030 
  0.053657 ,  0.009742, 0.013538 
  0.053038 ,  0.009732, 0.013113 
  0.052383 ,  0.009791, 0.011661 
  0.051691 ,  0.009924, 0.009169 
  0.050964 ,  0.010135, 0.005704 
  0.050202 ,  0.010426, 0.001408 
  0.049405 ,  0.010797, -0.003503 
  0.048575 ,  0.011247, -0.008758 
  0.047712 ,  0.011773, -0.014044 
  0.046817 ,  0.012372, -0.019028 
  0.045890 ,  0.013038, -0.023377 
  0.044933 ,  0.013764, -0.026787 
  0.043945 ,  0.014542, -0.029001 
  0.042929 ,  0.015362, -0.029838 
  0.041885 ,  0.016214, -0.029203 
  0.040813 ,  0.017087, -0.027100 
  0.039715 ,  0.017967, -0.023639 
  0.038591 ,  0.018843, -0.019024 
  0.037443 ,  0.019700, -0.013542 
  0.036272 ,  0.020524, -0.007540 
  0.035078 ,  0.021302, -0.001397 
  0.033862 ,  0.022019, 0.004508 
  0.032626 ,  0.022661, 0.009826 
  0.031371 ,  0.023216, 0.014268 
  0.030098 ,  0.023669, 0.017629 
  0.028808 ,  0.024009, 0.019798 
  0.027501 ,  0.024225, 0.020763 
  0.026180 ,  0.024305, 0.020610 
  0.024845 ,  0.024242, 0.019501 
  0.023498 ,  0.024026, 0.017657 
  0.022139 ,  0.023652, 0.015327 
  0.020769 ,  0.023114, 0.012764 
  0.019391 ,  0.022409, 0.010197 
  0.018005 ,  0.021536, 0.007808 
  0.016612 ,  0.020493, 0.005724 
  0.015214 ,  0.019284, 0.004006 
  0.013812 ,  0.017910, 0.002652 
  0.012406 ,  0.016377, 0.001615 
  0.010999 ,  0.014692, 0.000808 
  0.009591 ,  0.012863, 0.000133 
  0.008183 ,  0.010899, -0.000503 
  0.006777 ,  0.008812, -0.001172 
  0.005375 ,  0.006614, -0.001910 
  0.003976 ,  0.004318, -0.002712 
  0.002582 ,  0.001940, -0.003532 
  0.001195 ,  -0.000505, -0.004293 
  -0.000184 ,  -0.003001, -0.004899 
  -0.001555 ,  -0.005530, -0.005250 
  -0.002916 ,  -0.008076, -0.005265 
  -0.004265 ,  -0.010620, -0.004896 
  -0.005603 ,  -0.013144, -0.004138 
  -0.006928 ,  -0.015632, -0.003044 
  -0.008238 ,  -0.018065, -0.001717 
  -0.009533 ,  -0.020426, -0.000306 
  -0.010811 ,  -0.022699, 0.001011 
  -0.012073 ,  -0.024867, 0.002043 
  -0.013315 ,  -0.026917, 0.002616 
  -0.014539 ,  -0.028833, 0.002590 
  -0.015742 ,  -0.030603, 0.001887 
  -0.016924 ,  -0.032215, 0.000500 
  -0.018084 ,  -0.033659, -0.001496 
  -0.019221 ,  -0.034925, -0.003945 
  -0.020335 ,  -0.036005, -0.006624 
  -0.021423 ,  -0.036894, -0.009263 
  -0.022487 ,  -0.037587, -0.011571 
  -0.023524 ,  -0.038080, -0.013272 
  -0.024534 ,  -0.038372, -0.014133 
  -0.025517 ,  -0.038461, -0.013996 
  -0.026472 ,  -0.038350, -0.012803 
  -0.027397 ,  -0.038041, -0.010600 
  -0.028294 ,  -0.037538, -0.007544 
  -0.029160 ,  -0.036846, -0.003887 
  -0.029996 ,  -0.035971, 0.000049 
  -0.030801 ,  -0.034921, 0.003908 
  -0.031574 ,  -0.033704, 0.007335 
  -0.032316 ,  -0.032330, 0.010026 
  -0.033025 ,  -0.030809, 0.011756 
  -0.033702 ,  -0.029152, 0.012412 
  -0.034346 ,  -0.027370, 0.012006 
  -0.034957 ,  -0.025476, 0.010677 
  -0.035534 ,  -0.023482, 0.008673 
  -0.036078 ,  -0.021400, 0.006323 
  -0.036588 ,  -0.019243, 0.003993 
  -0.037064 ,  -0.017024, 0.002043 
  -0.037507 ,  -0.014755, 0.000778 
  -0.037915 ,  -0.012451, 0.000408 
  -0.038290 ,  -0.010122, 0.001018 
  -0.038630 ,  -0.007781, 0.002555 
  -0.038937 ,  -0.005439, 0.004829 
  -0.039210 ,  -0.003109, 0.007539 
  -0.039450 ,  -0.000800, 0.010305 
  -0.039656 ,  0.001477, 0.012716 
  -0.039829 ,  0.003712, 0.014384 
  -0.039969 ,  0.005896, 0.014989 
  -0.040076 ,  0.008020, 0.014324 
  -0.040151 ,  0.010078, 0.012321 
  -0.040195 ,  0.012060, 0.009060 
  -0.040206 ,  0.013962, 0.004762 
  -0.040187 ,  0.015776, -0.000237 
  -0.040137 ,  0.017498, -0.005525 
  -0.040057 ,  0.019123, -0.010662 
  -0.039948 ,  0.020646, -0.015230 
  -0.039809 ,  0.022064, -0.018881 
  -0.039643 ,  0.023374, -0.021368 
  -0.039448 ,  0.024573, -0.022568 
  -0.039226 ,  0.025659, -0.022488 
  -0.038978 ,  0.026631, -0.021252 
  -0.038704 ,  0.027487, -0.019076 
  -0.038406 ,  0.028226, -0.016233 
  -0.038083 ,  0.028849, -0.013013 
  -0.037736 ,  0.029355, -0.009690 
  -0.037367 ,  0.029744, -0.006488 
  -0.036977 ,  0.030018, -0.003561 
  -0.036565 ,  0.030176, -0.000990 
  -0.036134 ,  0.030221, 0.001214 
  -0.035683 ,  0.030153, 0.003093 
  -0.035214 ,  0.029976, 0.004718 
  -0.034728 ,  0.029690, 0.006164 
  -0.034225 ,  0.029299, 0.007488 
  -0.033707 ,  0.028804, 0.008709 
  -0.033175 ,  0.028210, 0.009806 
  -0.032629 ,  0.027518, 0.010713 
  -0.032070 ,  0.026734, 0.011343 
  -0.031501 ,  0.025860, 0.011596 
  -0.030921 ,  0.024900, 0.011393 
  -0.030331 ,  0.023860, 0.010690 
  -0.029733 ,  0.022743, 0.009500 
  -0.029128 ,  0.021555, 0.007900 
  -0.028516 ,  0.020301, 0.006025 
  -0.027899 ,  0.018985, 0.004061 
  -0.027278 ,  0.017615, 0.002215 
  -0.026653 ,  0.016196, 0.000691 
  -0.026026 ,  0.014734, -0.000342 
  -0.025398 ,  0.013235, -0.000777 
  -0.024770 ,  0.011705, -0.000588 
  -0.024143 ,  0.010153, 0.000159 
  -0.023517 ,  0.008583, 0.001317 
  -0.022895 ,  0.007004, 0.002666 
  -0.022276 ,  0.005422, 0.003950 
  -0.021661 ,  0.003843, 0.004905 
  -0.021053 ,  0.002276, 0.005299 
  -0.020451 ,  0.000725, 0.004964 
  -0.019856 ,  -0.000801, 0.003822 
  -0.019270 ,  -0.002297, 0.001902 
  -0.018694 ,  -0.003756, -0.000666 
  -0.018127 ,  -0.005172, -0.003659 
  -0.017572 ,  -0.006540, -0.006790 
  -0.017029 ,  -0.007855, -0.009740 
  -0.016498 ,  -0.009111, -0.012198 
  -0.015980 ,  -0.010303, -0.013900 
  -0.015477 ,  -0.011429, -0.014656 
  -0.014989 ,  -0.012483, -0.014377 
  -0.014516 ,  -0.013464, -0.013083 
  -0.014060 ,  -0.014368, -0.010897 
  -0.013620 ,  -0.015194, -0.008034 
  -0.013198 ,  -0.015940, -0.004771 
  -0.012794 ,  -0.016604, -0.001417 
  -0.012409 ,  -0.017187, 0.001720 
  -0.012043 ,  -0.017688, 0.004370 
  -0.011696 ,  -0.018109, 0.006322 
  -0.011370 ,  -0.018450, 0.007448 
  -0.011064 ,  -0.018712, 0.007709 
  -0.010779 ,  -0.018898, 0.007153 
  -0.010515 ,  -0.019010, 0.005909 
  -0.010273 ,  -0.019051, 0.004163 
  -0.010052 ,  -0.019024, 0.002143 
  -0.009854 ,  -0.018932, 0.000087 
  -0.009677 ,  -0.018779, -0.001774 
  -0.009523 ,  -0.018569, -0.003243 
  -0.009392 ,  -0.018305, -0.004169 
  -0.009283 ,  -0.017992, -0.004462 
  -0.009197 ,  -0.017634, -0.004096 
  -0.009133 ,  -0.017235, -0.003107 
  -0.009091 ,  -0.016799, -0.001592 
  -0.009073 ,  -0.016329, 0.000304 
  -0.009076 ,  -0.015831, 0.002406 
  -0.009102 ,  -0.015307, 0.004517 
  -0.009149 ,  -0.014762, 0.006444 
  -0.009219 ,  -0.014199, 0.008009 
  -0.009310 ,  -0.013620, 0.009068 
  -0.009422 ,  -0.013029, 0.009524 
  -0.009555 ,  -0.012429, 0.009336 
  -0.009708 ,  -0.011822, 0.008522 
  -0.009882 ,  -0.011210, 0.007159 
  -0.010075 ,  -0.010595, 0.005375 
  -0.010287 ,  -0.009979, 0.003333 
  -0.010517 ,  -0.009363, 0.001219 
  -0.010766 ,  -0.008749, -0.000783 
  -0.011032 ,  -0.008137, -0.002509 
  -0.011315 ,  -0.007529, -0.003832 
  -0.011613 ,  -0.006925, -0.004682 
  -0.011928 ,  -0.006325, -0.005046 
  -0.012257 ,  -0.005731, -0.004974 
  -0.012599 ,  -0.005143, -0.004566 
  -0.012955 ,  -0.004560, -0.003960 
  -0.013324 ,  -0.003984, -0.003309 
  -0.013704 ,  -0.003414, -0.002761 
  -0.014094 ,  -0.002851, -0.002432 
  -0.014494 ,  -0.002295, -0.002391 
  -0.014903 ,  -0.001746, -0.002649 
  -0.015320 ,  -0.001205, -0.003154 
  -0.015744 ,  -0.000673, -0.003802 
  -0.016174 ,  -0.000149, -0.004448 
  -0.016609 ,  0.000365, -0.004934 
  -0.017048 ,  0.000869, -0.005111 
  -0.017490 ,  0.001362, -0.004866 
  -0.017934 ,  0.001844, -0.004141 
  -0.018378 ,  0.002313, -0.002948 
  -0.018823 ,  0.002768, -0.001368 
  -0.019266 ,  0.003209, 0.000453 
  -0.019707 ,  0.003634, 0.002328 
  -0.020144 ,  0.004043, 0.004050 
  -0.020577 ,  0.004436, 0.005424 
  -0.021005 ,  0.004810, 0.006293 
  -0.021425 ,  0.005166, 0.006563 
  -0.021838 ,  0.005504, 0.006216 
  -0.022242 ,  0.005822, 0.005314 
  -0.022635 ,  0.006121, 0.003986 
  -0.023018 ,  0.006401, 0.002414 
  -0.023389 ,  0.006661, 0.000802 
  -0.023746 ,  0.006903, -0.000655 
  -0.024089 ,  0.007127, -0.001794 
  -0.024416 ,  0.007334, -0.002515 
  -0.024727 ,  0.007525, -0.002787 
  -0.025020 ,  0.007701, -0.002652 
  -0.025295 ,  0.007863, -0.002213 
  -0.025551 ,  0.008015, -0.001618 
  -0.025786 ,  0.008156, -0.001026 
  -0.025999 ,  0.008290, -0.000581 
  -0.026190 ,  0.008417, -0.000387 
  -0.026357 ,  0.008542, -0.000487 
  -0.026501 ,  0.008664, -0.000855 
  -0.026619 ,  0.008787, -0.001402 
  -0.026711 ,  0.008913, -0.001989 
  -0.026776 ,  0.009043, -0.002454 
  -0.026814 ,  0.009179, -0.002638 
  -0.026823 ,  0.009322, -0.002420 
  -0.026803 ,  0.009474, -0.001734 
  -0.026753 ,  0.009635, -0.000591 
  -0.026673 ,  0.009807, 0.000923 
  -0.026562 ,  0.009988, 0.002657 
  -0.026419 ,  0.010179, 0.004412 
  -0.026243 ,  0.010379, 0.005978 
  -0.026035 ,  0.010586, 0.007159 
  -0.025794 ,  0.010798, 0.007807 
  -0.025519 ,  0.011014, 0.007847 
  -0.025210 ,  0.011231, 0.007283 
  -0.024866 ,  0.011444, 0.006202 
  -0.024488 ,  0.011651, 0.004758 
  -0.024074 ,  0.011847, 0.003143 
  -0.023625 ,  0.012027, 0.001559 
  -0.023141 ,  0.012187, 0.000183 
  -0.022621 ,  0.012321, -0.000860 
  -0.022066 ,  0.012423, -0.001520 
  -0.021475 ,  0.012489, -0.001825 
  -0.020848 ,  0.012511, -0.001873 
  -0.020185 ,  0.012486, -0.001815 
  -0.019487 ,  0.012406, -0.001821 
  -0.018754 ,  0.012267, -0.002049 
  -0.017985 ,  0.012063, -0.002612 
  -0.017181 ,  0.011791, -0.003550 
  -0.016343 ,  0.011445, -0.004824 
  -0.015470 ,  0.011022, -0.006310 
  -0.014564 ,  0.010520, -0.007820 
  -0.013624 ,  0.009936, -0.009132 
  -0.012650 ,  0.009269, -0.010023 
  -0.011645 ,  0.008519, -0.010311 
  -0.010607 ,  0.007687, -0.009887 
  -0.009538 ,  0.006774, -0.008735 
  -0.008438 ,  0.005783, -0.006946 
  -0.007309 ,  0.004718, -0.004701 
  -0.006150 ,  0.003585, -0.002250 
  -0.004963 ,  0.002388, 0.000125 
  -0.003748 ,  0.001137, 0.002157 
  -0.002507 ,  -0.000162, 0.003633 
  -0.001240 ,  -0.001500, 0.004433 
  0.000052 ,  -0.002865, 0.004544 
  0.001367 ,  -0.004247, 0.004071 
  0.002706 ,  -0.005634, 0.003214 
  0.004066 ,  -0.007014, 0.002238 
  0.005446 ,  -0.008374, 0.001430 
  0.006846 ,  -0.009702, 0.001049 
  0.008264 ,  -0.010983, 0.001279 
  0.009698 ,  -0.012205, 0.002197 
  0.011149 ,  -0.013354, 0.003756 
  0.012614 ,  -0.014418, 0.005787 
  0.014092 ,  -0.015383, 0.008026 
  0.015582 ,  -0.016240, 0.010147 
  0.017082 ,  -0.016976, 0.011823 
  0.018591 ,  -0.017582, 0.012772 
  0.020107 ,  -0.018049, 0.012810 
  0.021630 ,  -0.018369, 0.011879 
  0.023158 ,  -0.018538, 0.010064 
  0.024688 ,  -0.018549, 0.007581 
  0.026221 ,  -0.018401, 0.004744 
  0.027753 ,  -0.018092, 0.001920 
  0.029285 ,  -0.017623, -0.000533 
  0.030813 ,  -0.016997, -0.002324 
  0.032337 ,  -0.016219, -0.003277 
  0.033856 ,  -0.015294, -0.003366 
  0.035367 ,  -0.014231, -0.002716 
  0.036869 ,  -0.013040, -0.001597 
  0.038360 ,  -0.011732, -0.000372 
  0.039840 ,  -0.010322, 0.000553 
  0.041306 ,  -0.008823, 0.000797 
  0.042756 ,  -0.007253, 0.000073 
  0.044190 ,  -0.005628, -0.001763 
  0.045606 ,  -0.003968, -0.004681 
  0.047002 ,  -0.002291, -0.008466 
  0.048377 ,  -0.000617, -0.012747 
  0.049730 ,  0.001033, -0.017039 
  0.051058 ,  0.002640, -0.020813 
  0.052360 ,  0.004182, -0.023569 
  0.053636 ,  0.005640, -0.024907 
  0.054883 ,  0.006994, -0.024586 
  0.056100 ,  0.008227, -0.022562 
  0.057286 ,  0.009321, -0.018991 
  0.058440 ,  0.010259, -0.014211 
  0.059559 ,  0.011028, -0.008689 
  0.060644 ,  0.011615, -0.002960 
  0.061692 ,  0.012010, 0.002454 
  0.062703 ,  0.012203, 0.007112 
  0.063674 ,  0.012189, 0.010718 
  0.064606 ,  0.011964, 0.013149 
  0.065497 ,  0.011526, 0.014468 
  0.066346 ,  0.010876, 0.014898 
  0.067152 ,  0.010020, 0.014777 
  0.067914 ,  0.008962, 0.014491 
  0.068631 ,  0.007712, 0.014403 
  0.069302 ,  0.006282, 0.014784 
  0.069926 ,  0.004685, 0.015768 
  0.070503 ,  0.002937, 0.017317 
  0.071031 ,  0.001057, 0.019227 
  0.071511 ,  -0.000935, 0.021159 
  0.071941 ,  -0.003017, 0.022688 
  0.072321 ,  -0.005166, 0.023381 
  0.072650 ,  -0.007356, 0.022861 
  0.072928 ,  -0.009563, 0.020879 
  0.073155 ,  -0.011760, 0.017364 
  0.073329 ,  -0.013920, 0.012437 
  0.073451 ,  -0.016016, 0.006412 
  0.073521 ,  -0.018023, -0.000250 
  0.073537 ,  -0.019914, -0.006995 
  0.073501 ,  -0.021664, -0.013254 
  0.073412 ,  -0.023249, -0.018523 
  0.073270 ,  -0.024647, -0.022429 
  0.073074 ,  -0.025837, -0.024779 
  0.072826 ,  -0.026802, -0.025582 
  0.072525 ,  -0.027523, -0.025040 
  0.072171 ,  -0.027989, -0.023507 
  0.071765 ,  -0.028187, -0.021428 
  0.071307 ,  -0.028109, -0.019262 
  0.070797 ,  -0.027751, -0.017405 
  0.070236 ,  -0.027109, -0.016124 
  0.069624 ,  -0.026185, -0.015513 
  0.068962 ,  -0.024982, -0.015476 
  0.068250 ,  -0.023509, -0.015740 
  0.067489 ,  -0.021774, -0.015908 
  0.066680 ,  -0.019790, -0.015521 
  0.065823 ,  -0.017575, -0.014141 
  0.064920 ,  -0.015146, -0.011434 
  0.063971 ,  -0.012524, -0.007235 
  0.062976 ,  -0.009733, -0.001596 
  0.061938 ,  -0.006799, 0.005204 
  0.060856 ,  -0.003747, 0.012677 
  0.059733 ,  -0.000607, 0.020181 
  0.058568 ,  0.002592, 0.027000 
  0.057364 ,  0.005820, 0.032433 
  0.056122 ,  0.009045, 0.035888 
  0.054842 ,  0.012237, 0.036966 
  0.053525 ,  0.015365, 0.035519 
  0.052175 ,  0.018399, 0.031670 
  0.050790 ,  0.021310, 0.025809 
  0.049374 ,  0.024070, 0.018542 
  0.047927 ,  0.026653, 0.010619 
  0.046451 ,  0.029033, 0.002837 
  0.044947 ,  0.031190, -0.004053 
  0.043417 ,  0.033102, -0.009442 
  0.041862 ,  0.034752, -0.012933 
  0.040284 ,  0.036127, -0.014386 
  0.038684 ,  0.037213, -0.013918 
  0.037064 ,  0.038003, -0.011884 
  0.035427 ,  0.038490, -0.008817 
  0.033772 ,  0.038673, -0.005346 
  0.032102 ,  0.038552, -0.002109 
  0.030419 ,  0.038132, 0.000333 
  0.028724 ,  0.037419, 0.001575 
  0.027019 ,  0.036423, 0.001414 
  0.025305 ,  0.035158, -0.000130 
  0.023585 ,  0.033638, -0.002821 
  0.021860 ,  0.031883, -0.006253 
  0.020132 ,  0.029911, -0.009907 
  0.018401 ,  0.027747, -0.013231 
  0.016671 ,  0.025413, -0.015712 
  0.014943 ,  0.022936, -0.016953 
  0.013218 ,  0.020342, -0.016720 
  0.011498 ,  0.017658, -0.014970 
  0.009785 ,  0.014913, -0.011858 
  0.008080 ,  0.012135, -0.007706 
  0.006385 ,  0.009352, -0.002962 
  0.004701 ,  0.006592, 0.001863 
  0.003031 ,  0.003882, 0.006263 
  0.001375 ,  0.001248, 0.009796 
  -0.000265 ,  -0.001286, 0.012141 
  -0.001887 ,  -0.003697, 0.013127 
  -0.003489 ,  -0.005963, 0.012751 
  -0.005071 ,  -0.008064, 0.011166 
  -0.006631 ,  -0.009985, 0.008651 
  -0.008168 ,  -0.011711, 0.005574 
  -0.009680 ,  -0.013228, 0.002336 
  -0.011166 ,  -0.014528, -0.000681 
  -0.012625 ,  -0.015604, -0.003153 
  -0.014055 ,  -0.016450, -0.004858 
  -0.015455 ,  -0.017067, -0.005684 
  -0.016825 ,  -0.017454, -0.005640 
  -0.018162 ,  -0.017615, -0.004838 
  -0.019467 ,  -0.017556, -0.003468 
  -0.020737 ,  -0.017285, -0.001764 
  -0.021973 ,  -0.016814, 0.000029 
  -0.023172 ,  -0.016153, 0.001695 
  -0.024335 ,  -0.015319, 0.003068 
  -0.025461 ,  -0.014327, 0.004051 
  -0.026548 ,  -0.013194, 0.004622 
  -0.027596 ,  -0.011939, 0.004822 
  -0.028605 ,  -0.010581, 0.004744 
  -0.029573 ,  -0.009141, 0.004509 
  -0.030500 ,  -0.007640, 0.004238 
  -0.031387 ,  -0.006097, 0.004035 
  -0.032231 ,  -0.004535, 0.003963 
  -0.033034 ,  -0.002972, 0.004035 
  -0.033794 ,  -0.001430, 0.004214 
  -0.034512 ,  0.000073, 0.004422 
  -0.035187 ,  0.001518, 0.004548 
  -0.035819 ,  0.002888, 0.004478 
  -0.036408 ,  0.004169, 0.004105 
  -0.036954 ,  0.005344, 0.003358 
  -0.037457 ,  0.006402, 0.002211 
  -0.037917 ,  0.007331, 0.000694 
  -0.038334 ,  0.008123, -0.001109 
  -0.038708 ,  0.008769, -0.003068 
  -0.039041 ,  0.009263, -0.005021 
  -0.039331 ,  0.009603, -0.006798 
  -0.039580 ,  0.009785, -0.008239 
  -0.039787 ,  0.009810, -0.009217 
  -0.039954 ,  0.009678, -0.009654 
  -0.040081 ,  0.009393, -0.009531 
  -0.040168 ,  0.008960, -0.008891 
  -0.040215 ,  0.008384, -0.007828 
  -0.040225 ,  0.007672, -0.006481 
  -0.040197 ,  0.006834, -0.005008 
  -0.040132 ,  0.005878, -0.003569 
  -0.040031 ,  0.004816, -0.002299 
  -0.039895 ,  0.003657, -0.001297 
  -0.039725 ,  0.002415, -0.000609 
  -0.039521 ,  0.001100, -0.000226 
  -0.039285 ,  -0.000274, -0.000085 
  -0.039018 ,  -0.001695, -0.000084 
  -0.038720 ,  -0.003150, -0.000101 
  -0.038393 ,  -0.004628, -0.000009 
  -0.038039 ,  -0.006115, 0.000299 
  -0.037657 ,  -0.007601, 0.000889 
  -0.037250 ,  -0.009074, 0.001779 
  -0.036818 ,  -0.010524, 0.002929 
  -0.036362 ,  -0.011941, 0.004245 
  -0.035885 ,  -0.013315, 0.005594 
  -0.035387 ,  -0.014638, 0.006819 
  -0.034870 ,  -0.015902, 0.007759 
  -0.034335 ,  -0.017102, 0.008277 
  -0.033783 ,  -0.018230, 0.008278 
  -0.033215 ,  -0.019281, 0.007724 
  -0.032634 ,  -0.020253, 0.006643 
  -0.032040 ,  -0.021140, 0.005125 
  -0.031434 ,  -0.021940, 0.003318 
  -0.030819 ,  -0.022652, 0.001400 
  -0.030195 ,  -0.023273, -0.000434 
  -0.029564 ,  -0.023804, -0.002001 
  -0.028928 ,  -0.024244, -0.003152 
  -0.028287 ,  -0.024592, -0.003793 
  -0.027643 ,  -0.024851, -0.003893 
  -0.026998 ,  -0.025021, -0.003484 
  -0.026352 ,  -0.025102, -0.002661 
  -0.025708 ,  -0.025097, -0.001563 
  -0.025066 ,  -0.025008, -0.000353 
  -0.024428 ,  -0.024835, 0.000805 
  -0.023796 ,  -0.024581, 0.001766 
  -0.023169 ,  -0.024247, 0.002423 
  -0.022551 ,  -0.023836, 0.002717 
  -0.021941 ,  -0.023348, 0.002644 
  -0.021342 ,  -0.022786, 0.002248 
  -0.020754 ,  -0.022150, 0.001607 
  -0.020178 ,  -0.021442, 0.000820 
  -0.019617 ,  -0.020664, -0.000014 
  -0.019070 ,  -0.019816, -0.000813 
  -0.018539 ,  -0.018899, -0.001527 
  -0.018025 ,  -0.017915, -0.002141 
  -0.017529 ,  -0.016864, -0.002681 
  -0.017052 ,  -0.015747, -0.003199 
  -0.016595 ,  -0.014566, -0.003766 
  -0.016159 ,  -0.013320, -0.004446 
  -0.015744 ,  -0.012012, -0.005284 
  -0.015352 ,  -0.010643, -0.006287 
  -0.014982 ,  -0.009214, -0.007414 
  -0.014637 ,  -0.007727, -0.008572 
  -0.014316 ,  -0.006185, -0.009627 
  -0.014021 ,  -0.004588, -0.010409 
  -0.013751 ,  -0.002941, -0.010744 
  -0.013507 ,  -0.001245, -0.010472 
  -0.013290 ,  0.000494, -0.009473 
  -0.013100 ,  0.002274, -0.007691 
  -0.012938 ,  0.004090, -0.005150 
  -0.012804 ,  0.005937, -0.001952 
  -0.012698 ,  0.007810, 0.001716 
  -0.012620 ,  0.009703, 0.005610 
  -0.012570 ,  0.011610, 0.009443 
  -0.012550 ,  0.013525, 0.012920 
  -0.012558 ,  0.015440, 0.015770 
  -0.012594 ,  0.017348, 0.017773 
  -0.012659 ,  0.019242, 0.018787 
  -0.012753 ,  0.021114, 0.018760 
  -0.012875 ,  0.022956, 0.017738 
  -0.013026 ,  0.024759, 0.015852 
  -0.013204 ,  0.026515, 0.013307 
  -0.013410 ,  0.028216, 0.010351 
  -0.013643 ,  0.029853, 0.007249 
  -0.013903 ,  0.031419, 0.004249 
  -0.014190 ,  0.032904, 0.001559 
  -0.014502 ,  0.034300, -0.000679 
  -0.014840 ,  0.035601, -0.002398 
  -0.015202 ,  0.036798, -0.003606 
  -0.015589 ,  0.037885, -0.004382 
  -0.015999 ,  0.038853, -0.004858 
  -0.016432 ,  0.039699, -0.005192 
  -0.016886 ,  0.040414, -0.005550 
  -0.017362 ,  0.040994, -0.006073 
  -0.017858 ,  0.041435, -0.006861 
  -0.018374 ,  0.041732, -0.007955 
  -0.018907 ,  0.041881, -0.009331 
  -0.019458 ,  0.041880, -0.010901 
  -0.020026 ,  0.041727, -0.012522 
  -0.020609 ,  0.041419, -0.014016 
  -0.021206 ,  0.040956, -0.015186 
  -0.021817 ,  0.040338, -0.015846 
  -0.022440 ,  0.039565, -0.015839 
  -0.023073 ,  0.038638, -0.015060 
  -0.023717 ,  0.037559, -0.013466 
  -0.024369 ,  0.036330, -0.011089 
  -0.025028 ,  0.034955, -0.008030 
  -0.025693 ,  0.033437, -0.004454 
  -0.026364 ,  0.031781, -0.000577 
  -0.027038 ,  0.029990, 0.003360 
  -0.027714 ,  0.028072, 0.007106 
  -0.028391 ,  0.026032, 0.010428 
  -0.029068 ,  0.023877, 0.013131 
  -0.029744 ,  0.021614, 0.015076 
  -0.030416 ,  0.019251, 0.016192 
  -0.031084 ,  0.016796, 0.016480 
  -0.031747 ,  0.014259, 0.016012 
  -0.032403 ,  0.011647, 0.014920 
  -0.033051 ,  0.008972, 0.013378 
  -0.033689 ,  0.006243, 0.011588 
  -0.034316 ,  0.003472, 0.009749 
  -0.034932 ,  0.000669, 0.008039 
  -0.035534 ,  -0.002155, 0.006594 
  -0.036121 ,  -0.004987, 0.005494 
  -0.036693 ,  -0.007816, 0.004754 
  -0.037247 ,  -0.010628, 0.004324 
  -0.037784 ,  -0.013413, 0.004098 
  -0.038300 ,  -0.016155, 0.003930 
  -0.038797 ,  -0.018844, 0.003655 
  -0.039271 ,  -0.021465, 0.003112 
  -0.039722 ,  -0.024006, 0.002169 
  -0.040150 ,  -0.026454, 0.000744 
  -0.040552 ,  -0.028796, -0.001178 
  -0.040928 ,  -0.031020, -0.003545 
  -0.041277 ,  -0.033112, -0.006233 
  -0.041598 ,  -0.035062, -0.009063 
  -0.041890 ,  -0.036858, -0.011816 
  -0.042152 ,  -0.038489, -0.014264 
  -0.042384 ,  -0.039946, -0.016193 
  -0.042584 ,  -0.041217, -0.017430 
  -0.042751 ,  -0.042297, -0.017864 
  -0.042886 ,  -0.043176, -0.017461 
  -0.042987 ,  -0.043849, -0.016265 
  -0.043053 ,  -0.044309, -0.014391 
  -0.043085 ,  -0.044555, -0.012014 
  -0.043081 ,  -0.044582, -0.009341 
  -0.043042 ,  -0.044390, -0.006587 
  -0.042966 ,  -0.043979, -0.003947 
  -0.042853 ,  -0.043351, -0.001574 
  -0.042703 ,  -0.042509, 0.000436 
  -0.042515 ,  -0.041460, 0.002052 
  -0.042290 ,  -0.040208, 0.003307 
  -0.042027 ,  -0.038763, 0.004281 
  -0.041726 ,  -0.037135, 0.005086 
  -0.041387 ,  -0.035336, 0.005843 
  -0.041010 ,  -0.033378, 0.006656 
  -0.040594 ,  -0.031275, 0.007594 
  -0.040141 ,  -0.029045, 0.008679 
  -0.039650 ,  -0.026704, 0.009881 
  -0.039121 ,  -0.024270, 0.011124 
  -0.038554 ,  -0.021762, 0.012296 
  -0.037950 ,  -0.019201, 0.013272 
  -0.037309 ,  -0.016608, 0.013931 
  -0.036632 ,  -0.014003, 0.014181 
  -0.035919 ,  -0.011408, 0.013970 
  -0.035169 ,  -0.008844, 0.013297 
  -0.034385 ,  -0.006334, 0.012210 
  -0.033566 ,  -0.003896, 0.010797 
  -0.032714 ,  -0.001553, 0.009168 
  -0.031828 ,  0.000677, 0.007437 
  -0.030909 ,  0.002775, 0.005699 
  -0.029959 ,  0.004724, 0.004016 
  -0.028978 ,  0.006509, 0.002401 
  -0.027966 ,  0.008116, 0.000823 
  -0.026925 ,  0.009532, -0.000785 
  -0.025856 ,  0.010748, -0.002514 
  -0.024760 ,  0.011755, -0.004449 
  -0.023637 ,  0.012548, -0.006648 
  -0.022489 ,  0.013125, -0.009118 
  -0.021317 ,  0.013483, -0.011798 
  -0.020122 ,  0.013625, -0.014560 
  -0.018904 ,  0.013556, -0.017209 
  -0.017666 ,  0.013282, -0.019509 
  -0.016408 ,  0.012813, -0.021209 
  -0.015132 ,  0.012160, -0.022081 
  -0.013838 ,  0.011337, -0.021954 
  -0.012529 ,  0.010361, -0.020745 
  -0.011204 ,  0.009249, -0.018482 
  -0.009867 ,  0.008022, -0.015303 
  -0.008518 ,  0.006701, -0.011453 
  -0.007157 ,  0.005309, -0.007249 
  -0.005788 ,  0.003871, -0.003045 
  -0.004410 ,  0.002410, 0.000813 
  -0.003026 ,  0.000952, 0.004040 
  -0.001637 ,  -0.000477, 0.006447 
  -0.000244 ,  -0.001853, 0.007968 
  0.001152 ,  -0.003150, 0.008675 
  0.002548 ,  -0.004344, 0.008759 
  0.003945 ,  -0.005412, 0.008503 
  0.005339 ,  -0.006332, 0.008238 
  0.006731 ,  -0.007086, 0.008285 
  0.008118 ,  -0.007653, 0.008902 
  0.009499 ,  -0.008020, 0.010233 
  0.010873 ,  -0.008171, 0.012279 
  0.012239 ,  -0.008098, 0.014885 
  0.013595 ,  -0.007792, 0.017753 
  0.014939 ,  -0.007247, 0.020474 
  0.016272 ,  -0.006463, 0.022591 
  0.017590 ,  -0.005441, 0.023656 
  0.018894 ,  -0.004185, 0.023303 
  0.020181 ,  -0.002703, 0.021306 
  0.021451 ,  -0.001005, 0.017627 
  0.022702 ,  0.000893, 0.012430 
  0.023934 ,  0.002975, 0.006077 
  0.025145 ,  0.005223, -0.000907 
  0.026334 ,  0.007613, -0.007896 
  0.027500 ,  0.010121, -0.014236 
  0.028642 ,  0.012721, -0.019328 
  0.029759 ,  0.015385, -0.022701 
  0.030850 ,  0.018083, -0.024077 
  0.031914 ,  0.020785, -0.023407 
  0.032950 ,  0.023460, -0.020880 
  0.033958 ,  0.026076, -0.016896 
  0.034937 ,  0.028602, -0.012019 
  0.035886 ,  0.031007, -0.006908 
  0.036804 ,  0.033262, -0.002227 
  0.037690 ,  0.035337, 0.001436 
  0.038545 ,  0.037206, 0.003640 
  0.039366 ,  0.038844, 0.004148 
  0.040155 ,  0.040228, 0.002951 
  0.040910 ,  0.041338, 0.000267 
  0.041632 ,  0.042157, -0.003494 
  0.042318 ,  0.042672, -0.007784 
  0.042970 ,  0.042871, -0.011992 
  0.043588 ,  0.042749, -0.015519 
  0.044169 ,  0.042301, -0.017855 
  0.044716 ,  0.041527, -0.018636 
  0.045227 ,  0.040433, -0.017687 
  0.045702 ,  0.039026, -0.015036 
  0.046142 ,  0.037316, -0.010899 
  0.046546 ,  0.035320, -0.005649 
  0.046915 ,  0.033056, 0.000238 
  0.047248 ,  0.030544, 0.006240 
  0.047546 ,  0.027809, 0.011856 
  0.047809 ,  0.024879, 0.016656 
  0.048037 ,  0.021782, 0.020325 
  0.048230 ,  0.018549, 0.022685 
  0.048389 ,  0.015214, 0.023700 
  0.048515 ,  0.011809, 0.023460 
  0.048607 ,  0.008370, 0.022158 
  0.048666 ,  0.004931, 0.020050 
  0.048693 ,  0.001527, 0.017419 
  0.048688 ,  -0.001808, 0.014537 
  0.048652 ,  -0.005041, 0.011640 
  0.048585 ,  -0.008141, 0.008903 
  0.048488 ,  -0.011078, 0.006441 
  0.048362 ,  -0.013824, 0.004307 
  0.048208 ,  -0.016356, 0.002505 
  0.048026 ,  -0.018650, 0.001003 
  0.047817 ,  -0.020687, -0.000251 
  0.047583 ,  -0.022453, -0.001312 
  0.047323 ,  -0.023936, -0.002235 
  0.047039 ,  -0.025128, -0.003068 
  0.046731 ,  -0.026024, -0.003854 
  0.046402 ,  -0.026624, -0.004633 
  0.046051 ,  -0.026932, -0.005448 
  0.045679 ,  -0.026955, -0.006348 
  0.045288 ,  -0.026705, -0.007384 
  0.044879 ,  -0.026195, -0.008605 
  0.044453 ,  -0.025445, -0.010047 
  0.044010 ,  -0.024475, -0.011717 
  0.043552 ,  -0.023308, -0.013584 
  0.043080 ,  -0.021972, -0.015561 
  0.042595 ,  -0.020495, -0.017508 
  0.042098 ,  -0.018907, -0.019230 
  0.041590 ,  -0.017240, -0.020492 
  0.041073 ,  -0.015525, -0.021046 
  0.040547 ,  -0.013795, -0.020656 
  0.040013 ,  -0.012083, -0.019134 
  0.039474 ,  -0.010421, -0.016377 
  0.038928 ,  -0.008840, -0.012388 
  0.038379 ,  -0.007370, -0.007298 
  0.037827 ,  -0.006037, -0.001362 
  0.037272 ,  -0.004868, 0.005048 
  0.036717 ,  -0.003886, 0.011482 
  0.036161 ,  -0.003110, 0.017447 
  0.035607 ,  -0.002557, 0.022464 
  0.035054 ,  -0.002240, 0.026118 
  0.034505 ,  -0.002170, 0.028107 
  0.033960 ,  -0.002351, 0.028278 
  0.033420 ,  -0.002785, 0.026647 
  0.032885 ,  -0.003470, 0.023402 
  0.032358 ,  -0.004400, 0.018880 
  0.031838 ,  -0.005564, 0.013530 
  0.031327 ,  -0.006949, 0.007865 
  0.030825 ,  -0.008538, 0.002397 
  0.030333 ,  -0.010308, -0.002412 
  0.029852 ,  -0.012237, -0.006205 
  0.029383 ,  -0.014296, -0.008765 
  0.028926 ,  -0.016458, -0.010028 
  0.028482 ,  -0.018690, -0.010086 
  0.028051 ,  -0.020958, -0.009157 
  0.027635 ,  -0.023230, -0.007552 
  0.027233 ,  -0.025468, -0.005626 
  0.026846 ,  -0.027639, -0.003723 
  0.026475 ,  -0.029706, -0.002136 
  0.026120 ,  -0.031635, -0.001060 
  0.025781 ,  -0.033393, -0.000583 
  0.025459 ,  -0.034947, -0.000672 
  0.025154 ,  -0.036267, -0.001194 
  0.024866 ,  -0.037326, -0.001942 
  0.024595 ,  -0.038098, -0.002674 
  0.024342 ,  -0.038564, -0.003159 
  0.024107 ,  -0.038704, -0.003214 
  0.023889 ,  -0.038503, -0.002737 
  0.023689 ,  -0.037953, -0.001727 
  0.023507 ,  -0.037045, -0.000283 
  0.023342 ,  -0.035779, 0.001407 
  0.023195 ,  -0.034156, 0.003096 
  0.023065 ,  -0.032183, 0.004512 
  0.022952 ,  -0.029870, 0.005403 
  0.022857 ,  -0.027232, 0.005574 
  0.022777 ,  -0.024288, 0.004917 
  0.022715 ,  -0.021061, 0.003436 
  0.022668 ,  -0.017576, 0.001240 
  0.022636 ,  -0.013863, -0.001458 
  0.022619 ,  -0.009953, -0.004375 
  0.022617 ,  -0.005881, -0.007193 
  0.022629 ,  -0.001684, -0.009598 
  0.022655 ,  0.002600, -0.011323 
  0.022693 ,  0.006933, -0.012180 
  0.022743 ,  0.011274, -0.012086 
  0.022805 ,  0.015584, -0.011068 
  0.022877 ,  0.019821, -0.009261 
  0.022960 ,  0.023948, -0.006882 
  0.023051 ,  0.027926, -0.004203 
  0.023151 ,  0.031719, -0.001514 
  0.023259 ,  0.035293, 0.000920 
  0.023373 ,  0.038616, 0.002890 
  0.023494 ,  0.041659, 0.004269 
  0.023619 ,  0.044397, 0.005023 
  0.023748 ,  0.046807, 0.005214 
  0.023880 ,  0.048870, 0.004982 
  0.024014 ,  0.050572, 0.004520 
  0.024149 ,  0.051902, 0.004045 
  0.024284 ,  0.052852, 0.003759 
  0.024419 ,  0.053421, 0.003820 
  0.024551 ,  0.053609, 0.004318 
  0.024681 ,  0.053421, 0.005256 
  0.024806 ,  0.052868, 0.006557 
  0.024926 ,  0.051961, 0.008067 
  0.025040 ,  0.050718, 0.009581 
  0.025147 ,  0.049158, 0.010871 
  0.025245 ,  0.047303, 0.011719 
  0.025335 ,  0.045179, 0.011948 
  0.025413 ,  0.042813, 0.011449 
  0.025481 ,  0.040235, 0.010193 
  0.025536 ,  0.037476, 0.008242 
  0.025577 ,  0.034567, 0.005736 
  0.025604 ,  0.031541, 0.002880 
  0.025616 ,  0.028431, -0.000086 
  0.025611 ,  0.025270, -0.002915 
  0.025588 ,  0.022090, -0.005384 
  0.025548 ,  0.018922, -0.007326 
  0.025487 ,  0.015795, -0.008641 
  0.025407 ,  0.012740, -0.009312 
  0.025305 ,  0.009780, -0.009401 
  0.025182 ,  0.006941, -0.009032 
  0.025036 ,  0.004244, -0.008378 
  0.024866 ,  0.001707, -0.007624 
  0.024672 ,  -0.000654, -0.006945 
  0.024452 ,  -0.002825, -0.006479 
  0.024207 ,  -0.004797, -0.006301 
  0.023935 ,  -0.006564, -0.006418 
  0.023637 ,  -0.008122, -0.006768 
  0.023310 ,  -0.009470, -0.007228 
  0.022956 ,  -0.010612, -0.007634 
  0.022573 ,  -0.011551, -0.007810 
  0.022160 ,  -0.012297, -0.007594 
  0.021718 ,  -0.012860, -0.006869 
  0.021246 ,  -0.013252, -0.005582 
  0.020744 ,  -0.013489, -0.003763 
  0.020211 ,  -0.013585, -0.001522 
  0.019647 ,  -0.013559, 0.000959 
  0.019053 ,  -0.013430, 0.003441 
  0.018427 ,  -0.013217, 0.005665 
  0.017770 ,  -0.012939, 0.007378 
  0.017081 ,  -0.012616, 0.008373 
  0.016362 ,  -0.012268, 0.008517 
  0.015611 ,  -0.011914, 0.007775 
  0.014829 ,  -0.011572, 0.006220 
  0.014016 ,  -0.011258, 0.004030 
  0.013173 ,  -0.010988, 0.001475 
  0.012299 ,  -0.010776, -0.001117 
  0.011395 ,  -0.010634, -0.003391 
  0.010461 ,  -0.010572, -0.005010 
  0.009498 ,  -0.010597, -0.005697 
  0.008507 ,  -0.010716, -0.005272 
  0.007487 ,  -0.010932, -0.003675 
  0.006439 ,  -0.011245, -0.000981 
  0.005364 ,  -0.011654, 0.002602 
  0.004263 ,  -0.012157, 0.006755 
  0.003137 ,  -0.012746, 0.011080 
  0.001985 ,  -0.013415, 0.015139 
  0.000810 ,  -0.014154, 0.018507 
  -0.000389 ,  -0.014950, 0.020813 
  -0.001610 ,  -0.015792, 0.021789 
  -0.002852 ,  -0.016665, 0.021294 
  -0.004114 ,  -0.017554, 0.019332 
  -0.005396 ,  -0.018442, 0.016050 
  -0.006695 ,  -0.019314, 0.011720 
  -0.008012 ,  -0.020151, 0.006705 
  -0.009344 ,  -0.020937, 0.001420 
  -0.010691 ,  -0.021656, -0.003721 
  -0.012051 ,  -0.022291, -0.008348 
  -0.013423 ,  -0.022827, -0.012179 
  -0.014806 ,  -0.023249, -0.015043 
  -0.016198 ,  -0.023546, -0.016899 
  -0.017598 ,  -0.023705, -0.017827 
  -0.019005 ,  -0.023716, -0.018011 
  -0.020417 ,  -0.023571, -0.017700 
  -0.021832 ,  -0.023265, -0.017170 
  -0.023250 ,  -0.022793, -0.016676 
  -0.024668 ,  -0.022154, -0.016407 
  -0.026086 ,  -0.021347, -0.016459 
  -0.027501 ,  -0.020375, -0.016810 
  -0.028912 ,  -0.019243, -0.017322 
  -0.030318 ,  -0.017958, -0.017758 
  -0.031716 ,  -0.016527, -0.017816 
  -0.033106 ,  -0.014962, -0.017170 
  -0.034486 ,  -0.013275, -0.015527 
  -0.035854 ,  -0.011480, -0.012675 
  -0.037209 ,  -0.009593, -0.008527 
  -0.038548 ,  -0.007629, -0.003150 
  -0.039872 ,  -0.005606, 0.003225 
  -0.041177 ,  -0.003543, 0.010214 
  -0.042462 ,  -0.001458, 0.017310 
  -0.043726 ,  0.000629, 0.023938 
  -0.044968 ,  0.002700, 0.029509 
  -0.046185 ,  0.004735, 0.033496 
  -0.047376 ,  0.006716, 0.035489 
  -0.048540 ,  0.008626, 0.035253 
  -0.049675 ,  0.010447, 0.032759 
  -0.050780 ,  0.012164, 0.028195 
  -0.051853 ,  0.013761, 0.021954 
  -0.052893 ,  0.015227, 0.014592 
  -0.053899 ,  0.016550, 0.006775 
  -0.054869 ,  0.017720, -0.000797 
  -0.055802 ,  0.018729, -0.007461 
  -0.056696 ,  0.019570, -0.012666 
  -0.057551 ,  0.020241, -0.016028 
  -0.058365 ,  0.020739, -0.017372 
  -0.059138 ,  0.021064, -0.016745 
  -0.059867 ,  0.021217, -0.014405 
  -0.060553 ,  0.021202, -0.010783 
  -0.061193 ,  0.021024, -0.006432 
  -0.061788 ,  0.020691, -0.001957 
  -0.062335 ,  0.020211, 0.002058 
  -0.062835 ,  0.019594, 0.005114 
  -0.063286 ,  0.018851, 0.006854 
  -0.063688 ,  0.017995, 0.007097 
  -0.064040 ,  0.017038, 0.005854 
  -0.064342 ,  0.015995, 0.003312 
  -0.064592 ,  0.014879, -0.000190 
  -0.064791 ,  0.013707, -0.004215 
  -0.064937 ,  0.012492, -0.008280 
  -0.065031 ,  0.011249, -0.011919 
  -0.065071 ,  0.009993, -0.014736 
  -0.065059 ,  0.008739, -0.016443 
  -0.064993 ,  0.007499, -0.016891 
  -0.064874 ,  0.006287, -0.016076 
  -0.064701 ,  0.005114, -0.014127 
  -0.064475 ,  0.003992, -0.011280 
  -0.064195 ,  0.002930, -0.007843 
  -0.063862 ,  0.001937, -0.004157 
  -0.063475 ,  0.001021, -0.000550 
  -0.063035 ,  0.000187, 0.002693 
  -0.062543 ,  -0.000559, 0.005357 
  -0.061998 ,  -0.001214, 0.007308 
  -0.061402 ,  -0.001776, 0.008496 
  -0.060754 ,  -0.002244, 0.008944 
  -0.060056 ,  -0.002619, 0.008730 
  -0.059307 ,  -0.002901, 0.007971 
  -0.058509 ,  -0.003093, 0.006800 
  -0.057662 ,  -0.003200, 0.005350 
  -0.056768 ,  -0.003225, 0.003747 
  -0.055826 ,  -0.003175, 0.002100 
  -0.054839 ,  -0.003055, 0.000509 
  -0.053806 ,  -0.002872, -0.000935 
  -0.052730 ,  -0.002634, -0.002141 
  -0.051611 ,  -0.002348, -0.003015 
  -0.050450 ,  -0.002021, -0.003462 
  -0.049250 ,  -0.001662, -0.003390 
  -0.048010 ,  -0.001279, -0.002724 
  -0.046732 ,  -0.000879, -0.001421 
  -0.045418 ,  -0.000470, 0.000511 
  -0.044069 ,  -0.000059, 0.002999 
  -0.042687 ,  0.000346, 0.005892 
  -0.041273 ,  0.000739, 0.008966 
  -0.039829 ,  0.001114, 0.011932 
  -0.038356 ,  0.001466, 0.014459 
  -0.036856 ,  0.001790, 0.016213 
  -0.035331 ,  0.002081, 0.016892 
  -0.033782 ,  0.002337, 0.016275 
  -0.032212 ,  0.002553, 0.014256 
  -0.030621 ,  0.002728, 0.010874 
  -0.029012 ,  0.002860, 0.006328 
  -0.027387 ,  0.002947, 0.000964 
  -0.025748 ,  0.002990, -0.004747 
  -0.024096 ,  0.002988, -0.010255 
  -0.022433 ,  0.002941, -0.014996 
  -0.020762 ,  0.002851, -0.018454 
  -0.019084 ,  0.002718, -0.020228 
  -0.017401 ,  0.002545, -0.020092 
  -0.015715 ,  0.002332, -0.018028 
  -0.014028 ,  0.002082, -0.014241 
  -0.012342 ,  0.001797, -0.009149 
  -0.010660 ,  0.001480, -0.003337 
  -0.008982 ,  0.001132, 0.002504 
  -0.007312 ,  0.000757, 0.007655 
  -0.005650 ,  0.000357, 0.011461 
  -0.004000 ,  -0.000066, 0.013406 
  -0.002362 ,  -0.000509, 0.013187 
  -0.000739 ,  -0.000969, 0.010753 
  0.000867 ,  -0.001445, 0.006321 
  0.002455 ,  -0.001934, 0.000357 
  0.004022 ,  -0.002432, -0.006474 
  0.005566 ,  -0.002939, -0.013386 
  0.007087 ,  -0.003451, -0.019557 
  0.008581 ,  -0.003967, -0.024232 
  0.010048 ,  -0.004483, -0.026807 
  0.011485 ,  -0.004998, -0.026908 
  0.012892 ,  -0.005508, -0.024432 
  0.014265 ,  -0.006012, -0.019560 
  0.015604 ,  -0.006505, -0.012738 
  0.016907 ,  -0.006986, -0.004625 
  0.018172 ,  -0.007451, 0.003987 
  0.019398 ,  -0.007897, 0.012266 
  0.020584 ,  -0.008321, 0.019429 
  0.021728 ,  -0.008718, 0.024838 
  0.022829 ,  -0.009085, 0.028067 
  0.023885 ,  -0.009418, 0.028939 
  0.024896 ,  -0.009713, 0.027545 
  0.025860 ,  -0.009966, 0.024215 
  0.026775 ,  -0.010172, 0.019476 
  0.027642 ,  -0.010328, 0.013973 
  0.028459 ,  -0.010428, 0.008388 
  0.029225 ,  -0.010469, 0.003360 
  0.029940 ,  -0.010447, -0.000599 
  0.030602 ,  -0.010357, -0.003154 
  0.031210 ,  -0.010197, -0.004181 
  0.031765 ,  -0.009963, -0.003773 
  0.032266 ,  -0.009653, -0.002211 
  0.032711 ,  -0.009265, 0.000078 
  0.033101 ,  -0.008796, 0.002591 
  0.033435 ,  -0.008246, 0.004815 
  0.033713 ,  -0.007615, 0.006303 
  0.033935 ,  -0.006904, 0.006728 
  0.034101 ,  -0.006114, 0.005927 
  0.034210 ,  -0.005248, 0.003916 
  0.034263 ,  -0.004309, 0.000886 
  0.034259 ,  -0.003302, -0.002830 
  0.034199 ,  -0.002231, -0.006804 
  0.034083 ,  -0.001104, -0.010571 
  0.033911 ,  0.000072, -0.013697 
  0.033684 ,  0.001290, -0.015831 
  0.033402 ,  0.002539, -0.016753 
  0.033065 ,  0.003810, -0.016405 
  0.032675 ,  0.005091, -0.014887 
  0.032231 ,  0.006372, -0.012450 
  0.031735 ,  0.007640, -0.009456 
  0.031188 ,  0.008883, -0.006329 
  0.030589 ,  0.010087, -0.003498 
  0.029941 ,  0.011240, -0.001338 
  0.029244 ,  0.012328, -0.000125 
  0.028499 ,  0.013338, 0.000004 
  0.027707 ,  0.014258, -0.000931 
  0.026871 ,  0.015075, -0.002758 
  0.025989 ,  0.015778, -0.005174 
  0.025065 ,  0.016354, -0.007784 
  0.024100 ,  0.016795, -0.010149 
  0.023094 ,  0.017091, -0.011842 
  0.022050 ,  0.017235, -0.012504 
  0.020968 ,  0.017219, -0.011885 
  0.019851 ,  0.017039, -0.009875 
  0.018700 ,  0.016691, -0.006520 
  0.017517 ,  0.016174, -0.002016 
  0.016304 ,  0.015488, 0.003315 
  0.015062 ,  0.014634, 0.009058 
  0.013792 ,  0.013616, 0.014756 
  0.012498 ,  0.012439, 0.019955 
  0.011181 ,  0.011111, 0.024254 
  0.009842 ,  0.009641, 0.027343 
  0.008484 ,  0.008041, 0.029029 
  0.007108 ,  0.006321, 0.029250 
  0.005717 ,  0.004498, 0.028069 
  0.004313 ,  0.002585, 0.025658 
  0.002897 ,  0.000601, 0.022269 
  0.001472 ,  -0.001437, 0.018200 
  0.000039 ,  -0.003509, 0.013757 
  -0.001398 ,  -0.005596, 0.009224 
  -0.002839 ,  -0.007677, 0.004832 
  -0.004281 ,  -0.009732, 0.000748 
  -0.005721 ,  -0.011739, -0.002932 
  -0.007159 ,  -0.013678, -0.006177 
  -0.008591 ,  -0.015528, -0.009006 
  -0.010015 ,  -0.017270, -0.011469 
  -0.011431 ,  -0.018883, -0.013622 
  -0.012834 ,  -0.020350, -0.015511 
  -0.014225 ,  -0.021654, -0.017154 
  -0.015599 ,  -0.022779, -0.018536 
  -0.016956 ,  -0.023712, -0.019608 
  -0.018293 ,  -0.024440, -0.020298 
  -0.019609 ,  -0.024954, -0.020526 
  -0.020901 ,  -0.025244, -0.020219 
  -0.022167 ,  -0.025306, -0.019329 
  -0.023406 ,  -0.025135, -0.017851 
  -0.024615 ,  -0.024730, -0.015828 
  -0.025794 ,  -0.024092, -0.013352 
  -0.026939 ,  -0.023224, -0.010556 
  -0.028050 ,  -0.022133, -0.007603 
  -0.029124 ,  -0.020825, -0.004661 
  -0.030160 ,  -0.019311, -0.001889 
  -0.031157 ,  -0.017603, 0.000588 
  -0.032112 ,  -0.015716, 0.002690 
  -0.033024 ,  -0.013665, 0.004394 
  -0.033892 ,  -0.011468, 0.005727 
  -0.034715 ,  -0.009144, 0.006765 
  -0.035490 ,  -0.006713, 0.007608 
  -0.036217 ,  -0.004198, 0.008369 
  -0.036895 ,  -0.001620, 0.009143 
  -0.037522 ,  0.000998, 0.009996 
  -0.038097 ,  0.003632, 0.010945 
  -0.038619 ,  0.006260, 0.011954 
  -0.039087 ,  0.008859, 0.012940 
  -0.039500 ,  0.011404, 0.013779 
  -0.039858 ,  0.013875, 0.014329 
  -0.040160 ,  0.016250, 0.014450 
  -0.040404 ,  0.018509, 0.014030 
  -0.040591 ,  0.020633, 0.013004 
  -0.040719 ,  0.022603, 0.011370 
  -0.040789 ,  0.024405, 0.009192 
  -0.040799 ,  0.026024, 0.006598 
  -0.040750 ,  0.027448, 0.003767 
  -0.040642 ,  0.028666, 0.000907 
  -0.040473 ,  0.029669, -0.001771 
  -0.040245 ,  0.030452, -0.004076 
  -0.039956 ,  0.031011, -0.005864 
  -0.039608 ,  0.031343, -0.007049 
  -0.039199 ,  0.031448, -0.007619 
  -0.038731 ,  0.031329, -0.007625 
  -0.038204 ,  0.030989, -0.007178 
  -0.037618 ,  0.030434, -0.006426 
  -0.036973 ,  0.029673, -0.005533 
  -0.036270 ,  0.028714, -0.004654 
  -0.035509 ,  0.027569, -0.003916 
  -0.034692 ,  0.026249, -0.003399 
  -0.033818 ,  0.024768, -0.003135 
  -0.032890 ,  0.023142, -0.003101 
  -0.031906 ,  0.021384, -0.003235 
  -0.030870 ,  0.019512, -0.003450 
  -0.029781 ,  0.017541, -0.003648 
  -0.028640 ,  0.015489, -0.003745 
  -0.027449 ,  0.013373, -0.003683 
  -0.026210 ,  0.011209, -0.003442 
  -0.024922 ,  0.009015, -0.003038 
  -0.023588 ,  0.006807, -0.002526 
  -0.022209 ,  0.004601, -0.001979 
  -0.020786 ,  0.002411, -0.001484 
  -0.019321 ,  0.000254, -0.001114 
  -0.017816 ,  -0.001859, -0.000922 
  -0.016271 ,  -0.003913, -0.000925 
  -0.014690 ,  -0.005897, -0.001103 
  -0.013073 ,  -0.007801, -0.001398 
  -0.011422 ,  -0.009614, -0.001727 
  -0.009739 ,  -0.011329, -0.001998 
  -0.008026 ,  -0.012938, -0.002120 
  -0.006285 ,  -0.014435, -0.002027 
  -0.004517 ,  -0.015815, -0.001685 
  -0.002725 ,  -0.017074, -0.001101 
  -0.000911 ,  -0.018210, -0.000325 
  0.000924 ,  -0.019219, 0.000564 
  0.002776 ,  -0.020103, 0.001466 
  0.004646 ,  -0.020859, 0.002278 
  0.006529 ,  -0.021490, 0.002918 
  0.008424 ,  -0.021997, 0.003332 
  0.010329 ,  -0.022383, 0.003511 
  0.012242 ,  -0.022649, 0.003489 
  0.014161 ,  -0.022799, 0.003339 
  0.016082 ,  -0.022838, 0.003163 
  0.018005 ,  -0.022769, 0.003068 
  0.019927 ,  -0.022597, 0.003149 
  0.021846 ,  -0.022327, 0.003468 
  0.023760 ,  -0.021963, 0.004039 
  0.025666 ,  -0.021512, 0.004823 
  0.027562 ,  -0.020978, 0.005727 
  0.029447 ,  -0.020366, 0.006616 
  0.031317 ,  -0.019683, 0.007332 
  0.033172 ,  -0.018934, 0.007722 
  0.035008 ,  -0.018124, 0.007656 
  0.036824 ,  -0.017260, 0.007059 
  0.038617 ,  -0.016346, 0.005920 
  0.040386 ,  -0.015389, 0.004304 
  0.042128 ,  -0.014395, 0.002344 
  0.043842 ,  -0.013369, 0.000225 
  0.045526 ,  -0.012317, -0.001837 
  0.047177 ,  -0.011246, -0.003626 
  0.048794 ,  -0.010162, -0.004960 
  0.050374 ,  -0.009070, -0.005715 
  0.051917 ,  -0.007978, -0.005843 
  0.053420 ,  -0.006892, -0.005388 
  0.054882 ,  -0.005817, -0.004472 
  0.056300 ,  -0.004762, -0.003287 
  0.057674 ,  -0.003732, -0.002064 
  0.059002 ,  -0.002735, -0.001040 
  0.060282 ,  -0.001776, -0.000429 
  0.061513 ,  -0.000863, -0.000386 
  0.062692 ,  -0.000002, -0.000986 
  0.063820 ,  0.000800, -0.002214 
  0.064895 ,  0.001538, -0.003963 
  0.065915 ,  0.002205, -0.006051 
  0.066880 ,  0.002796, -0.008244 
  0.067787 ,  0.003307, -0.010287 
  0.068637 ,  0.003732, -0.011935 
  0.069428 ,  0.004068, -0.012989 
  0.070160 ,  0.004313, -0.013314 
  0.070831 ,  0.004463, -0.012856 
  0.071441 ,  0.004517, -0.011644 
  0.071988 ,  0.004476, -0.009781 
  0.072474 ,  0.004339, -0.007425 
  0.072896 ,  0.004110, -0.004766 
  0.073254 ,  0.003789, -0.001998 
  0.073549 ,  0.003383, 0.000702 
  0.073779 ,  0.002896, 0.003199 
  0.073945 ,  0.002335, 0.005404 
  0.074046 ,  0.001707, 0.007280 
  0.074082 ,  0.001022, 0.008835 
  0.074053 ,  0.000290, 0.010108 
  0.073959 ,  -0.000477, 0.011153 
  0.073801 ,  -0.001268, 0.012021 
  0.073578 ,  -0.002068, 0.012748 
  0.073290 ,  -0.002865, 0.013345 
  0.072939 ,  -0.003643, 0.013797 
  0.072524 ,  -0.004386, 0.014064 
  0.072046 ,  -0.005080, 0.014097 
  0.071506 ,  -0.005708, 0.013847 
  0.070904 ,  -0.006254, 0.013278 
  0.070240 ,  -0.006703, 0.012380 
  0.069516 ,  -0.007039, 0.011175 
  0.068732 ,  -0.007247, 0.009714 
  0.067889 ,  -0.007315, 0.008072 
  0.066989 ,  -0.007228, 0.006335 
  0.066031 ,  -0.006977, 0.004587 
  0.065018 ,  -0.006549, 0.002889 
  0.063950 ,  -0.005938, 0.001274 
  0.062828 ,  -0.005137, -0.000265 
  0.061654 ,  -0.004141, -0.001774 
  0.060430 ,  -0.002947, -0.003327 
  0.059155 ,  -0.001556, -0.005009 
  0.057833 ,  0.000029, -0.006901 
  0.056463 ,  0.001805, -0.009056 
  0.055049 ,  0.003764, -0.011476 
  0.053590 ,  0.005896, -0.014106 
  0.052090 ,  0.008188, -0.016825 
  0.050549 ,  0.010626, -0.019451 
  0.048969 ,  0.013192, -0.021761 
  0.047352 ,  0.015867, -0.023516 
  0.045699 ,  0.018628, -0.024487 
  0.044013 ,  0.021453, -0.024487 
  0.042295 ,  0.024315, -0.023404 
  0.040548 ,  0.027188, -0.021211 
  0.038772 ,  0.030042, -0.017983 
  0.036969 ,  0.032848, -0.013891 
  0.035143 ,  0.035575, -0.009183 
  0.033294 ,  0.038194, -0.004159 
  0.031424 ,  0.040672, 0.000862 
  0.029536 ,  0.042980, 0.005577 
  0.027632 ,  0.045087, 0.009734 
  0.025713 ,  0.046963, 0.013155 
  0.023781 ,  0.048581, 0.015754 
  0.021839 ,  0.049916, 0.017533 
  0.019888 ,  0.050941, 0.018577 
  0.017930 ,  0.051635, 0.019031 
  0.015968 ,  0.051979, 0.019069 
  0.014004 ,  0.051956, 0.018864 
  0.012038 ,  0.051552, 0.018560 
  0.010074 ,  0.050757, 0.018246 
  0.008114 ,  0.049564, 0.017949 
  0.006159 ,  0.047971, 0.017626 
  0.004210 ,  0.045977, 0.017178 
  0.002271 ,  0.043586, 0.016470 
  0.000343 ,  0.040809, 0.015355 
  -0.001572 ,  0.037656, 0.013708 
  -0.003472 ,  0.034143, 0.011445 
  -0.005356 ,  0.030291, 0.008551 
  -0.007222 ,  0.026123, 0.005083 
  -0.009068 ,  0.021664, 0.001175 
  -0.010891 ,  0.016946, -0.002975 
  -0.012692 ,  0.012000, -0.007126 
  -0.014467 ,  0.006863, -0.011019 
  -0.016215 ,  0.001571, -0.014409 
  -0.017935 ,  -0.003835, -0.017087 
  -0.019625 ,  -0.009315, -0.018910 
  -0.021284 ,  -0.014826, -0.019806 
  -0.022910 ,  -0.020325, -0.019786 
  -0.024502 ,  -0.025769, -0.018934 
  -0.026058 ,  -0.031114, -0.017395 
  -0.027577 ,  -0.036318, -0.015355 
  -0.029058 ,  -0.041339, -0.013018 
  -0.030500 ,  -0.046136, -0.010584 
  -0.031901 ,  -0.050671, -0.008230 
  -0.033261 ,  -0.054908, -0.006093 
  -0.034578 ,  -0.058812, -0.004262 
  -0.035851 ,  -0.062353, -0.002780 
  -0.037080 ,  -0.065502, -0.001642 
  -0.038264 ,  -0.068236, -0.000810 
  -0.039401 ,  -0.070534, -0.000219 
  -0.040491 ,  -0.072379, 0.000209 
  -0.041534 ,  -0.073759, 0.000554 
  -0.042528 ,  -0.074664, 0.000891 
  -0.043474 ,  -0.075091, 0.001281 
  -0.044370 ,  -0.075039, 0.001771 
  -0.045216 ,  -0.074513, 0.002390 
  -0.046012 ,  -0.073520, 0.003149 
  -0.046757 ,  -0.072074, 0.004042 
  -0.047451 ,  -0.070190, 0.005048 
  -0.048095 ,  -0.067888, 0.006130 
  -0.048687 ,  -0.065191, 0.007238 
  -0.049228 ,  -0.062125, 0.008309 
  -0.049717 ,  -0.058720, 0.009267 
  -0.050155 ,  -0.055008, 0.010035 
  -0.050542 ,  -0.051021, 0.010535 
  -0.050877 ,  -0.046796, 0.010696 
  -0.051162 ,  -0.042369, 0.010466 
  -0.051396 ,  -0.037779, 0.009820 
  -0.051580 ,  -0.033064, 0.008764 
  -0.051713 ,  -0.028263, 0.007345 
  -0.051798 ,  -0.023414, 0.005645 
  -0.051833 ,  -0.018555, 0.003779 
  -0.051819 ,  -0.013723, 0.001883 
  -0.051758 ,  -0.008953, 0.000102 
  -0.051649 ,  -0.004280, -0.001430 
  -0.051493 ,  0.000265, -0.002606 
  -0.051292 ,  0.004652, -0.003360 
  -0.051045 ,  0.008853, -0.003680 
  -0.050755 ,  0.012844, -0.003608 
  -0.050420 ,  0.016605, -0.003241 
  -0.050043 ,  0.020115, -0.002713 
  -0.049625 ,  0.023359, -0.002181 
  -0.049166 ,  0.026326, -0.001802 
  -0.048667 ,  0.029006, -0.001708 
  -0.048130 ,  0.031392, -0.001986 
  -0.047555 ,  0.033483, -0.002662 
  -0.046944 ,  0.035279, -0.003698 
  -0.046298 ,  0.036782, -0.004989 
  -0.045618 ,  0.037998, -0.006379 
  -0.044905 ,  0.038936, -0.007681 
  -0.044160 ,  0.039607, -0.008702 
  -0.043386 ,  0.040023, -0.009274 
  -0.042582 ,  0.040199, -0.009274 
  -0.041751 ,  0.040151, -0.008651 
  -0.040894 ,  0.039898, -0.007426 
  -0.040012 ,  0.039458, -0.005699 
  -0.039106 ,  0.038850, -0.003636 
  -0.038178 ,  0.038095, -0.001442 
  -0.037229 ,  0.037212, 0.000658 
