   28m__32m 
  0.048968 ,  0.011788, 0.017122 
  0.050315 ,  0.013159, 0.034105 
  0.051611 ,  0.014279, 0.048792 
  0.052852 ,  0.015131, 0.059871 
  0.054034 ,  0.015703, 0.066428 
  0.055156 ,  0.015983, 0.068060 
  0.056214 ,  0.015965, 0.064903 
  0.057205 ,  0.015643, 0.057607 
  0.058128 ,  0.015017, 0.047226 
  0.058978 ,  0.014088, 0.035071 
  0.059754 ,  0.012860, 0.022526 
  0.060453 ,  0.011341, 0.010866 
  0.061073 ,  0.009541, 0.001096 
  0.061612 ,  0.007474, -0.006160 
  0.062068 ,  0.005156, -0.010711 
  0.062437 ,  0.002606, -0.012785 
  0.062720 ,  -0.000155, -0.012952 
  0.062913 ,  -0.003103, -0.012002 
  0.063015 ,  -0.006213, -0.010793 
  0.063025 ,  -0.009457, -0.010101 
  0.062941 ,  -0.012806, -0.010490 
  0.062761 ,  -0.016229, -0.012220 
  0.062486 ,  -0.019696, -0.015220 
  0.062112 ,  -0.023174, -0.019106 
  0.061641 ,  -0.026631, -0.023261 
  0.061071 ,  -0.030034, -0.026951 
  0.060400 ,  -0.033350, -0.029455 
  0.059630 ,  -0.036548, -0.030197 
  0.058760 ,  -0.039595, -0.028849 
  0.057788 ,  -0.042461, -0.025395 
  0.056717 ,  -0.045116, -0.020136 
  0.055544 ,  -0.047534, -0.013650 
  0.054272 ,  -0.049688, -0.006702 
  0.052900 ,  -0.051553, -0.000124 
  0.051429 ,  -0.053108, 0.005314 
  0.049859 ,  -0.054333, 0.009028 
  0.048192 ,  -0.055210, 0.010703 
  0.046428 ,  -0.055725, 0.010346 
  0.044570 ,  -0.055866, 0.008275 
  0.042617 ,  -0.055623, 0.005065 
  0.040572 ,  -0.054991, 0.001452 
  0.038437 ,  -0.053964, -0.001786 
  0.036212 ,  -0.052543, -0.003957 
  0.033901 ,  -0.050729, -0.004565 
  0.031505 ,  -0.048528, -0.003382 
  0.029026 ,  -0.045946, -0.000489 
  0.026467 ,  -0.042995, 0.003748 
  0.023831 ,  -0.039686, 0.008737 
  0.021119 ,  -0.036035, 0.013762 
  0.018336 ,  -0.032060, 0.018095 
  0.015483 ,  -0.027779, 0.021114 
  0.012563 ,  -0.023214, 0.022405 
  0.009581 ,  -0.018389, 0.021816 
  0.006539 ,  -0.013329, 0.019484 
  0.003440 ,  -0.008059, 0.015803 
  0.000289 ,  -0.002608, 0.011353 
  -0.002912 ,  0.002996, 0.006809 
  -0.006159 ,  0.008723, 0.002820 
  -0.009447 ,  0.014544, -0.000087 
  -0.012773 ,  0.020428, -0.001595 
  -0.016134 ,  0.026345, -0.001646 
  -0.019524 ,  0.032262, -0.000438 
  -0.022940 ,  0.038151, 0.001606 
  -0.026378 ,  0.043981, 0.003916 
  -0.029833 ,  0.049721, 0.005872 
  -0.033302 ,  0.055343, 0.006910 
  -0.036780 ,  0.060819, 0.006613 
  -0.040261 ,  0.066120, 0.004785 
  -0.043743 ,  0.071221, 0.001478 
  -0.047221 ,  0.076096, -0.003010 
  -0.050690 ,  0.080721, -0.008189 
  -0.054145 ,  0.085073, -0.013446 
  -0.057583 ,  0.089133, -0.018151 
  -0.060998 ,  0.092879, -0.021745 
  -0.064386 ,  0.096294, -0.023827 
  -0.067744 ,  0.099362, -0.024212 
  -0.071065 ,  0.102067, -0.022950 
  -0.074346 ,  0.104398, -0.020309 
  -0.077583 ,  0.106342, -0.016725 
  -0.080770 ,  0.107890, -0.012724 
  -0.083905 ,  0.109035, -0.008835 
  -0.086981 ,  0.109771, -0.005507 
  -0.089996 ,  0.110092, -0.003038 
  -0.092945 ,  0.109998, -0.001536 
  -0.095824 ,  0.109486, -0.000910 
  -0.098629 ,  0.108559, -0.000902 
  -0.101355 ,  0.107218, -0.001135 
  -0.104000 ,  0.105468, -0.001194 
  -0.106559 ,  0.103315, -0.000700 
  -0.109029 ,  0.100766, 0.000613 
  -0.111405 ,  0.097830, 0.002852 
  -0.113686 ,  0.094518, 0.005937 
  -0.115867 ,  0.090840, 0.009613 
  -0.117945 ,  0.086812, 0.013488 
  -0.119917 ,  0.082446, 0.017090 
  -0.121780 ,  0.077759, 0.019952 
  -0.123532 ,  0.072767, 0.021677 
  -0.125169 ,  0.067489, 0.022008 
  -0.126689 ,  0.061944, 0.020865 
  -0.128090 ,  0.056152, 0.018361 
  -0.129369 ,  0.050133, 0.014781 
  -0.130525 ,  0.043911, 0.010541 
  -0.131555 ,  0.037507, 0.006121 
  -0.132458 ,  0.030945, 0.001998 
  -0.133233 ,  0.024249, -0.001427 
  -0.133877 ,  0.017443, -0.003880 
  -0.134389 ,  0.010553, -0.005250 
  -0.134769 ,  0.003603, -0.005592 
  -0.135015 ,  -0.003382, -0.005106 
  -0.135127 ,  -0.010374, -0.004096 
  -0.135105 ,  -0.017350, -0.002914 
  -0.134947 ,  -0.024282, -0.001895 
  -0.134654 ,  -0.031147, -0.001305 
  -0.134226 ,  -0.037918, -0.001300 
  -0.133662 ,  -0.044570, -0.001905 
  -0.132964 ,  -0.051080, -0.003023 
  -0.132131 ,  -0.057424, -0.004453 
  -0.131165 ,  -0.063578, -0.005940 
  -0.130067 ,  -0.069521, -0.007219 
  -0.128837 ,  -0.075230, -0.008069 
  -0.127476 ,  -0.080686, -0.008350 
  -0.125987 ,  -0.085868, -0.008029 
  -0.124371 ,  -0.090760, -0.007184 
  -0.122629 ,  -0.095343, -0.005991 
  -0.120763 ,  -0.099603, -0.004684 
  -0.118777 ,  -0.103524, -0.003520 
  -0.116671 ,  -0.107095, -0.002727 
  -0.114448 ,  -0.110304, -0.002463 
  -0.112111 ,  -0.113140, -0.002789 
  -0.109663 ,  -0.115597, -0.003654 
  -0.107107 ,  -0.117667, -0.004901 
  -0.104445 ,  -0.119346, -0.006293 
  -0.101681 ,  -0.120630, -0.007549 
  -0.098818 ,  -0.121519, -0.008389 
  -0.095859 ,  -0.122012, -0.008576 
  -0.092809 ,  -0.122111, -0.007957 
  -0.089671 ,  -0.121820, -0.006480 
  -0.086448 ,  -0.121144, -0.004207 
  -0.083145 ,  -0.120089, -0.001303 
  -0.079765 ,  -0.118665, 0.001991 
  -0.076314 ,  -0.116880, 0.005390 
  -0.072794 ,  -0.114745, 0.008603 
  -0.069211 ,  -0.112274, 0.011373 
  -0.065568 ,  -0.109480, 0.013503 
  -0.061871 ,  -0.106378, 0.014876 
  -0.058123 ,  -0.102983, 0.015458 
  -0.054330 ,  -0.099313, 0.015293 
  -0.050496 ,  -0.095385, 0.014484 
  -0.046626 ,  -0.091218, 0.013168 
  -0.042724 ,  -0.086830, 0.011497 
  -0.038795 ,  -0.082243, 0.009609 
  -0.034845 ,  -0.077475, 0.007620 
  -0.030877 ,  -0.072547, 0.005615 
  -0.026898 ,  -0.067479, 0.003648 
  -0.022911 ,  -0.062294, 0.001752 
  -0.018921 ,  -0.057010, -0.000049 
  -0.014934 ,  -0.051649, -0.001732 
  -0.010954 ,  -0.046230, -0.003263 
  -0.006986 ,  -0.040775, -0.004594 
  -0.003034 ,  -0.035302, -0.005672 
  0.000895 ,  -0.029830, -0.006439 
  0.004799 ,  -0.024378, -0.006851 
  0.008672 ,  -0.018963, -0.006885 
  0.012509 ,  -0.013602, -0.006555 
  0.016306 ,  -0.008312, -0.005910 
  0.020059 ,  -0.003107, -0.005035 
  0.023763 ,  0.001998, -0.004041 
  0.027413 ,  0.006990, -0.003049 
  0.031007 ,  0.011857, -0.002171 
  0.034539 ,  0.016589, -0.001493 
  0.038005 ,  0.021174, -0.001065 
  0.041402 ,  0.025604, -0.000890 
  0.044725 ,  0.029872, -0.000932 
  0.047972 ,  0.033970, -0.001124 
  0.051138 ,  0.037893, -0.001389 
  0.054220 ,  0.041637, -0.001661 
  0.057215 ,  0.045198, -0.001905 
  0.060119 ,  0.048574, -0.002126 
  0.062930 ,  0.051763, -0.002379 
  0.065644 ,  0.054765, -0.002753 
  0.068260 ,  0.057581, -0.003356 
  0.070773 ,  0.060211, -0.004284 
  0.073183 ,  0.062659, -0.005586 
  0.075486 ,  0.064926, -0.007236 
  0.077680 ,  0.067017, -0.009113 
  0.079764 ,  0.068935, -0.010994 
  0.081735 ,  0.070685, -0.012569 
  0.083593 ,  0.072273, -0.013473 
  0.085335 ,  0.073703, -0.013335 
  0.086961 ,  0.074982, -0.011840 
  0.088468 ,  0.076115, -0.008786 
  0.089857 ,  0.077108, -0.004141 
  0.091127 ,  0.077968, 0.001924 
  0.092277 ,  0.078700, 0.009026 
  0.093306 ,  0.079311, 0.016595 
  0.094214 ,  0.079807, 0.023921 
  0.095002 ,  0.080193, 0.030234 
  0.095669 ,  0.080474, 0.034795 
  0.096216 ,  0.080655, 0.036996 
  0.096643 ,  0.080741, 0.036444 
  0.096951 ,  0.080735, 0.033027 
  0.097141 ,  0.080643, 0.026943 
  0.097213 ,  0.080465, 0.018691 
  0.097168 ,  0.080206, 0.009021 
  0.097009 ,  0.079866, -0.001151 
  0.096737 ,  0.079447, -0.010849 
  0.096352 ,  0.078950, -0.019159 
  0.095857 ,  0.078375, -0.025337 
  0.095255 ,  0.077721, -0.028904 
  0.094546 ,  0.076987, -0.029693 
  0.093733 ,  0.076172, -0.027869 
  0.092818 ,  0.075273, -0.023892 
  0.091805 ,  0.074288, -0.018446 
  0.090695 ,  0.073214, -0.012339 
  0.089492 ,  0.072048, -0.006388 
  0.088197 ,  0.070786, -0.001305 
  0.086815 ,  0.069424, 0.002391 
  0.085348 ,  0.067958, 0.004441 
  0.083800 ,  0.066385, 0.004862 
  0.082173 ,  0.064700, 0.003924 
  0.080471 ,  0.062900, 0.002094 
  0.078698 ,  0.060980, -0.000057 
  0.076858 ,  0.058938, -0.001952 
  0.074953 ,  0.056770, -0.003107 
  0.072987 ,  0.054474, -0.003211 
  0.070965 ,  0.052047, -0.002171 
  0.068890 ,  0.049489, -0.000128 
  0.066766 ,  0.046798, 0.002577 
  0.064597 ,  0.043975, 0.005465 
  0.062387 ,  0.041020, 0.008002 
  0.060139 ,  0.037935, 0.009695 
  0.057859 ,  0.034723, 0.010179 
  0.055549 ,  0.031386, 0.009282 
  0.053215 ,  0.027930, 0.007058 
  0.050859 ,  0.024360, 0.003783 
  0.048487 ,  0.020683, -0.000087 
  0.046102 ,  0.016905, -0.003990 
  0.043708 ,  0.013035, -0.007343 
  0.041309 ,  0.009082, -0.009644 
  0.038910 ,  0.005057, -0.010546 
  0.036513 ,  0.000971, -0.009917 
  0.034124 ,  -0.003165, -0.007865 
  0.031745 ,  -0.007339, -0.004717 
  0.029382 ,  -0.011537, -0.000971 
  0.027037 ,  -0.015746, 0.002788 
  0.024714 ,  -0.019951, 0.005977 
  0.022417 ,  -0.024139, 0.008115 
  0.020149 ,  -0.028295, 0.008896 
  0.017915 ,  -0.032405, 0.008240 
  0.015716 ,  -0.036454, 0.006307 
  0.013558 ,  -0.040429, 0.003471 
  0.011442 ,  -0.044314, 0.000261 
  0.009372 ,  -0.048096, -0.002730 
  0.007351 ,  -0.051763, -0.004934 
  0.005382 ,  -0.055302, -0.005908 
  0.003468 ,  -0.058702, -0.005404 
  0.001611 ,  -0.061951, -0.003415 
  -0.000186 ,  -0.065040, -0.000176 
  -0.001920 ,  -0.067959, 0.003863 
  -0.003590 ,  -0.070702, 0.008113 
  -0.005193 ,  -0.073262, 0.011927 
  -0.006727 ,  -0.075633, 0.014705 
  -0.008190 ,  -0.077810, 0.015986 
  -0.009580 ,  -0.079792, 0.015516 
  -0.010896 ,  -0.081575, 0.013289 
  -0.012137 ,  -0.083160, 0.009550 
  -0.013300 ,  -0.084547, 0.004752 
  -0.014384 ,  -0.085737, -0.000506 
  -0.015390 ,  -0.086733, -0.005578 
  -0.016314 ,  -0.087539, -0.009860 
  -0.017158 ,  -0.088160, -0.012883 
  -0.017920 ,  -0.088600, -0.014382 
  -0.018599 ,  -0.088865, -0.014326 
  -0.019196 ,  -0.088963, -0.012916 
  -0.019709 ,  -0.088900, -0.010551 
  -0.020140 ,  -0.088682, -0.007752 
  -0.020488 ,  -0.088319, -0.005083 
  -0.020753 ,  -0.087816, -0.003053 
  -0.020935 ,  -0.087181, -0.002038 
  -0.021036 ,  -0.086421, -0.002220 
  -0.021056 ,  -0.085543, -0.003561 
  -0.020996 ,  -0.084553, -0.005809 
  -0.020855 ,  -0.083456, -0.008537 
  -0.020637 ,  -0.082257, -0.011218 
  -0.020341 ,  -0.080960, -0.013302 
  -0.019969 ,  -0.079568, -0.014307 
  -0.019523 ,  -0.078083, -0.013891 
  -0.019003 ,  -0.076506, -0.011910 
  -0.018412 ,  -0.074837, -0.008438 
  -0.017752 ,  -0.073075, -0.003756 
  -0.017023 ,  -0.071219, 0.001685 
  -0.016229 ,  -0.069264, 0.007333 
  -0.015371 ,  -0.067209, 0.012611 
  -0.014452 ,  -0.065046, 0.017000 
  -0.013473 ,  -0.062772, 0.020104 
  -0.012437 ,  -0.060380, 0.021704 
  -0.011347 ,  -0.057864, 0.021775 
  -0.010205 ,  -0.055215, 0.020477 
  -0.009013 ,  -0.052428, 0.018125 
  -0.007774 ,  -0.049495, 0.015125 
  -0.006492 ,  -0.046409, 0.011912 
  -0.005167 ,  -0.043163, 0.008882 
  -0.003805 ,  -0.039750, 0.006334 
  -0.002406 ,  -0.036166, 0.004433 
  -0.000975 ,  -0.032406, 0.003196 
  0.000486 ,  -0.028466, 0.002505 
  0.001974 ,  -0.024344, 0.002137 
  0.003486 ,  -0.020039, 0.001816 
  0.005019 ,  -0.015553, 0.001271 
  0.006570 ,  -0.010889, 0.000284 
  0.008136 ,  -0.006050, -0.001261 
  0.009714 ,  -0.001044, -0.003359 
  0.011301 ,  0.004119, -0.005879 
  0.012894 ,  0.009430, -0.008584 
  0.014489 ,  0.014874, -0.011167 
  0.016085 ,  0.020435, -0.013305 
  0.017677 ,  0.026096, -0.014707 
  0.019264 ,  0.031836, -0.015167 
  0.020841 ,  0.037633, -0.014596 
  0.022407 ,  0.043462, -0.013042 
  0.023959 ,  0.049297, -0.010688 
  0.025493 ,  0.055109, -0.007825 
  0.027007 ,  0.060869, -0.004812 
  0.028499 ,  0.066546, -0.002030 
  0.029966 ,  0.072107, 0.000176 
  0.031404 ,  0.077520, 0.001544 
  0.032813 ,  0.082751, 0.001931 
  0.034189 ,  0.087766, 0.001332 
  0.035531 ,  0.092531, -0.000117 
  0.036835 ,  0.097014, -0.002160 
  0.038101 ,  0.101181, -0.004459 
  0.039325 ,  0.105002, -0.006632 
  0.040506 ,  0.108446, -0.008310 
  0.041642 ,  0.111486, -0.009183 
  0.042732 ,  0.114094, -0.009034 
  0.043773 ,  0.116248, -0.007772 
  0.044765 ,  0.117927, -0.005434 
  0.045705 ,  0.119111, -0.002184 
  0.046592 ,  0.119788, 0.001711 
  0.047425 ,  0.119945, 0.005916 
  0.048204 ,  0.119575, 0.010063 
  0.048926 ,  0.118675, 0.013797 
  0.049592 ,  0.117244, 0.016808 
  0.050199 ,  0.115286, 0.018864 
  0.050749 ,  0.112810, 0.019831 
  0.051239 ,  0.109829, 0.019678 
  0.051670 ,  0.106358, 0.018476 
  0.052041 ,  0.102418, 0.016382 
  0.052352 ,  0.098034, 0.013621 
  0.052603 ,  0.093232, 0.010455 
  0.052794 ,  0.088045, 0.007156 
  0.052924 ,  0.082507, 0.003982 
  0.052995 ,  0.076655, 0.001148 
  0.053007 ,  0.070529, -0.001187 
  0.052959 ,  0.064172, -0.002933 
  0.052852 ,  0.057628, -0.004071 
  0.052688 ,  0.050943, -0.004654 
  0.052467 ,  0.044163, -0.004790 
  0.052189 ,  0.037335, -0.004631 
  0.051856 ,  0.030509, -0.004350 
  0.051468 ,  0.023730, -0.004123 
  0.051027 ,  0.017046, -0.004102 
  0.050533 ,  0.010503, -0.004399 
  0.049989 ,  0.004144, -0.005073 
  0.049395 ,  -0.001989, -0.006116 
  0.048754 ,  -0.007855, -0.007459 
  0.048065 ,  -0.013418, -0.008971 
  0.047332 ,  -0.018644, -0.010482 
  0.046555 ,  -0.023502, -0.011798 
  0.045736 ,  -0.027965, -0.012727 
  0.044878 ,  -0.032010, -0.013107 
  0.043981 ,  -0.035619, -0.012830 
  0.043049 ,  -0.038777, -0.011854 
  0.042082 ,  -0.041473, -0.010221 
  0.041082 ,  -0.043703, -0.008050 
  0.040052 ,  -0.045464, -0.005527 
  0.038994 ,  -0.046760, -0.002883 
  0.037909 ,  -0.047598, -0.000367 
  0.036801 ,  -0.047989, 0.001789 
  0.035670 ,  -0.047951, 0.003402 
  0.034519 ,  -0.047502, 0.004362 
  0.033350 ,  -0.046665, 0.004652 
  0.032165 ,  -0.045467, 0.004352 
  0.030967 ,  -0.043938, 0.003628 
  0.029757 ,  -0.042109, 0.002713 
  0.028538 ,  -0.040016, 0.001873 
  0.027311 ,  -0.037693, 0.001369 
  0.026079 ,  -0.035179, 0.001417 
  0.024844 ,  -0.032513, 0.002154 
  0.023608 ,  -0.029734, 0.003615 
  0.022372 ,  -0.026882, 0.005723 
  0.021140 ,  -0.023995, 0.008293 
  0.019912 ,  -0.021113, 0.011055 
  0.018691 ,  -0.018273, 0.013688 
  0.017478 ,  -0.015511, 0.015862 
  0.016276 ,  -0.012862, 0.017283 
  0.015086 ,  -0.010357, 0.017734 
  0.013909 ,  -0.008026, 0.017106 
  0.012748 ,  -0.005896, 0.015410 
  0.011604 ,  -0.003991, 0.012781 
  0.010478 ,  -0.002333, 0.009458 
  0.009373 ,  -0.000937, 0.005750 
  0.008288 ,  0.000181, 0.001995 
  0.007226 ,  0.001012, -0.001484 
  0.006188 ,  0.001547, -0.004422 
  0.005175 ,  0.001785, -0.006648 
  0.004188 ,  0.001724, -0.008097 
  0.003228 ,  0.001369, -0.008818 
  0.002296 ,  0.000726, -0.008959 
  0.001392 ,  -0.000194, -0.008734 
  0.000518 ,  -0.001381, -0.008392 
  -0.000326 ,  -0.002817, -0.008171 
  -0.001140 ,  -0.004485, -0.008261 
  -0.001923 ,  -0.006365, -0.008775 
  -0.002674 ,  -0.008436, -0.009732 
  -0.003393 ,  -0.010674, -0.011057 
  -0.004081 ,  -0.013054, -0.012593 
  -0.004737 ,  -0.015553, -0.014127 
  -0.005361 ,  -0.018143, -0.015426 
  -0.005953 ,  -0.020799, -0.016269 
  -0.006513 ,  -0.023495, -0.016483 
  -0.007042 ,  -0.026205, -0.015961 
  -0.007540 ,  -0.028906, -0.014680 
  -0.008007 ,  -0.031573, -0.012692 
  -0.008444 ,  -0.034184, -0.010115 
  -0.008852 ,  -0.036718, -0.007106 
  -0.009231 ,  -0.039157, -0.003834 
  -0.009582 ,  -0.041482, -0.000456 
  -0.009905 ,  -0.043680, 0.002908 
  -0.010203 ,  -0.045736, 0.006181 
  -0.010475 ,  -0.047639, 0.009331 
  -0.010723 ,  -0.049382, 0.012358 
  -0.010948 ,  -0.050958, 0.015273 
  -0.011151 ,  -0.052363, 0.018070 
  -0.011334 ,  -0.053595, 0.020706 
  -0.011497 ,  -0.054653, 0.023082 
  -0.011643 ,  -0.055540, 0.025038 
  -0.011772 ,  -0.056260, 0.026360 
  -0.011886 ,  -0.056817, 0.026806 
  -0.011987 ,  -0.057220, 0.026140 
  -0.012076 ,  -0.057475, 0.024173 
  -0.012154 ,  -0.057592, 0.020810 
  -0.012224 ,  -0.057581, 0.016082 
  -0.012287 ,  -0.057452, 0.010169 
  -0.012345 ,  -0.057215, 0.003406 
  -0.012399 ,  -0.056882, -0.003742 
  -0.012452 ,  -0.056462, -0.010715 
  -0.012504 ,  -0.055965, -0.016920 
  -0.012558 ,  -0.055400, -0.021800 
  -0.012616 ,  -0.054776, -0.024902 
  -0.012679 ,  -0.054101, -0.025941 
  -0.012748 ,  -0.053379, -0.024844 
  -0.012827 ,  -0.052616, -0.021771 
  -0.012916 ,  -0.051816, -0.017104 
  -0.013017 ,  -0.050978, -0.011407 
  -0.013133 ,  -0.050104, -0.005367 
  -0.013264 ,  -0.049192, 0.000294 
  -0.013412 ,  -0.048238, 0.004903 
  -0.013579 ,  -0.047238, 0.007922 
  -0.013766 ,  -0.046184, 0.009016 
  -0.013975 ,  -0.045070, 0.008099 
  -0.014208 ,  -0.043884, 0.005340 
  -0.014466 ,  -0.042617, 0.001147 
  -0.014750 ,  -0.041257, -0.003890 
  -0.015062 ,  -0.039791, -0.009073 
  -0.015403 ,  -0.038206, -0.013689 
  -0.015774 ,  -0.036488, -0.017100 
  -0.016176 ,  -0.034624, -0.018826 
  -0.016611 ,  -0.032599, -0.018603 
  -0.017079 ,  -0.030401, -0.016415 
  -0.017581 ,  -0.028015, -0.012492 
  -0.018118 ,  -0.025430, -0.007270 
  -0.018692 ,  -0.022634, -0.001333 
  -0.019302 ,  -0.019618, 0.004668 
  -0.019949 ,  -0.016373, 0.010104 
  -0.020634 ,  -0.012893, 0.014449 
  -0.021357 ,  -0.009172, 0.017342 
  -0.022119 ,  -0.005209, 0.018632 
  -0.022919 ,  -0.001003, 0.018380 
  -0.023758 ,  0.003445, 0.016847 
  -0.024636 ,  0.008128, 0.014438 
  -0.025553 ,  0.013042, 0.011639 
  -0.026508 ,  0.018175, 0.008941 
  -0.027503 ,  0.023515, 0.006766 
  -0.028535 ,  0.029048, 0.005404 
  -0.029605 ,  0.034756, 0.004979 
  -0.030712 ,  0.040619, 0.005432 
  -0.031855 ,  0.046615, 0.006536 
  -0.033034 ,  0.052719, 0.007940 
  -0.034248 ,  0.058905, 0.009222 
  -0.035496 ,  0.065144, 0.009962 
  -0.036777 ,  0.071406, 0.009805 
  -0.038090 ,  0.077660, 0.008520 
  -0.039433 ,  0.083872, 0.006037 
  -0.040806 ,  0.090009, 0.002458 
  -0.042206 ,  0.096037, -0.001950 
  -0.043633 ,  0.101922, -0.006797 
  -0.045085 ,  0.107627, -0.011616 
  -0.046559 ,  0.113119, -0.015932 
  -0.048055 ,  0.118363, -0.019319 
  -0.049571 ,  0.123327, -0.021463 
  -0.051104 ,  0.127978, -0.022191 
  -0.052653 ,  0.132284, -0.021496 
  -0.054215 ,  0.136217, -0.019527 
  -0.055789 ,  0.139748, -0.016564 
  -0.057372 ,  0.142853, -0.012973 
  -0.058962 ,  0.145508, -0.009155 
  -0.060557 ,  0.147691, -0.005486 
  -0.062154 ,  0.149385, -0.002277 
  -0.063751 ,  0.150574, 0.000270 
  -0.065345 ,  0.151243, 0.002072 
  -0.066935 ,  0.151385, 0.003171 
  -0.068517 ,  0.150990, 0.003706 
  -0.070089 ,  0.150054, 0.003886 
  -0.071649 ,  0.148577, 0.003944 
  -0.073193 ,  0.146559, 0.004098 
  -0.074719 ,  0.144005, 0.004511 
  -0.076225 ,  0.140921, 0.005267 
  -0.077708 ,  0.137318, 0.006359 
  -0.079165 ,  0.133208, 0.007695 
  -0.080593 ,  0.128604, 0.009116 
  -0.081990 ,  0.123525, 0.010424 
  -0.083354 ,  0.117989, 0.011423 
  -0.084681 ,  0.112018, 0.011943 
  -0.085969 ,  0.105634, 0.011876 
  -0.087216 ,  0.098861, 0.011188 
  -0.088418 ,  0.091725, 0.009925 
  -0.089574 ,  0.084254, 0.008201 
  -0.090681 ,  0.076476, 0.006181 
  -0.091736 ,  0.068420, 0.004049 
  -0.092738 ,  0.060114, 0.001981 
  -0.093683 ,  0.051590, 0.000120 
  -0.094569 ,  0.042879, -0.001449 
  -0.095395 ,  0.034010, -0.002700 
  -0.096158 ,  0.025014, -0.003670 
  -0.096856 ,  0.015923, -0.004436 
  -0.097488 ,  0.006766, -0.005099 
  -0.098050 ,  -0.002425, -0.005754 
  -0.098542 ,  -0.011623, -0.006466 
  -0.098961 ,  -0.020796, -0.007252 
  -0.099306 ,  -0.029918, -0.008072 
  -0.099575 ,  -0.038959, -0.008830 
  -0.099768 ,  -0.047892, -0.009389 
  -0.099881 ,  -0.056692, -0.009596 
  -0.099916 ,  -0.065332, -0.009312 
  -0.099869 ,  -0.073788, -0.008440 
  -0.099740 ,  -0.082035, -0.006950 
  -0.099528 ,  -0.090051, -0.004894 
  -0.099232 ,  -0.097812, -0.002409 
  -0.098853 ,  -0.105298, 0.000295 
  -0.098388 ,  -0.112488, 0.002961 
  -0.097837 ,  -0.119362, 0.005318 
  -0.097201 ,  -0.125901, 0.007120 
  -0.096478 ,  -0.132088, 0.008179 
  -0.095670 ,  -0.137905, 0.008400 
  -0.094775 ,  -0.143336, 0.007791 
  -0.093794 ,  -0.148367, 0.006466 
  -0.092727 ,  -0.152982, 0.004630 
  -0.091575 ,  -0.157169, 0.002550 
  -0.090338 ,  -0.160915, 0.000515 
  -0.089017 ,  -0.164209, -0.001208 
  -0.087613 ,  -0.167042, -0.002409 
  -0.086126 ,  -0.169404, -0.002971 
  -0.084558 ,  -0.171287, -0.002885 
  -0.082909 ,  -0.172685, -0.002245 
  -0.081181 ,  -0.173594, -0.001237 
  -0.079376 ,  -0.174009, -0.000100 
  -0.077495 ,  -0.173928, 0.000907 
  -0.075539 ,  -0.173351, 0.001557 
  -0.073510 ,  -0.172277, 0.001691 
  -0.071410 ,  -0.170711, 0.001246 
  -0.069241 ,  -0.168656, 0.000268 
  -0.067006 ,  -0.166117, -0.001091 
  -0.064706 ,  -0.163104, -0.002595 
  -0.062343 ,  -0.159624, -0.003966 
  -0.059920 ,  -0.155691, -0.004924 
  -0.057440 ,  -0.151316, -0.005233 
  -0.054905 ,  -0.146514, -0.004748 
  -0.052318 ,  -0.141304, -0.003436 
  -0.049681 ,  -0.135702, -0.001389 
  -0.046997 ,  -0.129730, 0.001185 
  -0.044269 ,  -0.123410, 0.003987 
  -0.041501 ,  -0.116765, 0.006673 
  -0.038694 ,  -0.109820, 0.008897 
  -0.035853 ,  -0.102602, 0.010364 
  -0.032981 ,  -0.095138, 0.010873 
  -0.030080 ,  -0.087457, 0.010343 
  -0.027154 ,  -0.079590, 0.008825 
  -0.024206 ,  -0.071566, 0.006495 
  -0.021239 ,  -0.063416, 0.003623 
  -0.018258 ,  -0.055173, 0.000539 
  -0.015265 ,  -0.046867, -0.002419 
  -0.012263 ,  -0.038532, -0.004952 
  -0.009257 ,  -0.030197, -0.006835 
  -0.006249 ,  -0.021896, -0.007945 
  -0.003244 ,  -0.013657, -0.008272 
  -0.000244 ,  -0.005512, -0.007908 
  0.002747 ,  0.002511, -0.007022 
  0.005726 ,  0.010385, -0.005829 
  0.008688 ,  0.018084, -0.004544 
  0.011632 ,  0.025581, -0.003355 
  0.014552 ,  0.032856, -0.002388 
  0.017447 ,  0.039887, -0.001696 
  0.020312 ,  0.046654, -0.001259 
  0.023144 ,  0.053140, -0.001003 
  0.025941 ,  0.059332, -0.000821 
  0.028699 ,  0.065215, -0.000610 
  0.031414 ,  0.070781, -0.000297 
  0.034084 ,  0.076021, 0.000133 
  0.036706 ,  0.080930, 0.000634 
  0.039277 ,  0.085503, 0.001099 
  0.041794 ,  0.089741, 0.001383 
  0.044254 ,  0.093645, 0.001336 
  0.046654 ,  0.097217, 0.000840 
  0.048992 ,  0.100462, -0.000153 
  0.051266 ,  0.103389, -0.001594 
  0.053473 ,  0.106005, -0.003324 
  0.055611 ,  0.108320, -0.005081 
  0.057677 ,  0.110347, -0.006531 
  0.059669 ,  0.112098, -0.007309 
  0.061586 ,  0.113587, -0.007082 
  0.063426 ,  0.114829, -0.005608 
  0.065186 ,  0.115838, -0.002786 
  0.066866 ,  0.116629, 0.001301 
  0.068463 ,  0.117218, 0.006376 
  0.069976 ,  0.117621, 0.011982 
  0.071405 ,  0.117852, 0.017528 
  0.072747 ,  0.117926, 0.022353 
  0.074002 ,  0.117857, 0.025812 
  0.075169 ,  0.117657, 0.027362 
  0.076247 ,  0.117339, 0.026640 
  0.077236 ,  0.116913, 0.023527 
  0.078135 ,  0.116388, 0.018169 
  0.078944 ,  0.115773, 0.010978 
  0.079662 ,  0.115074, 0.002585 
  0.080290 ,  0.114296, -0.006230 
  0.080828 ,  0.113443, -0.014630 
  0.081275 ,  0.112515, -0.021826 
  0.081632 ,  0.111515, -0.027173 
  0.081900 ,  0.110439, -0.030245 
  0.082078 ,  0.109286, -0.030886 
  0.082169 ,  0.108051, -0.029215 
  0.082172 ,  0.106729, -0.025607 
  0.082089 ,  0.105313, -0.020626 
  0.081920 ,  0.103796, -0.014943 
  0.081667 ,  0.102168, -0.009241 
  0.081332 ,  0.100420, -0.004121 
  0.080915 ,  0.098543, -0.000026 
  0.080419 ,  0.096526, 0.002809 
  0.079844 ,  0.094359, 0.004373 
  0.079193 ,  0.092031, 0.004861 
  0.078468 ,  0.089532, 0.004622 
  0.077671 ,  0.086852, 0.004088 
  0.076803 ,  0.083983, 0.003694 
  0.075867 ,  0.080915, 0.003800 
  0.074865 ,  0.077642, 0.004627 
  0.073800 ,  0.074158, 0.006223 
  0.072674 ,  0.070457, 0.008457 
  0.071489 ,  0.066536, 0.011045 
  0.070248 ,  0.062393, 0.013600 
  0.068955 ,  0.058029, 0.015704 
  0.067610 ,  0.053445, 0.016979 
  0.066219 ,  0.048644, 0.017156 
  0.064782 ,  0.043633, 0.016119 
  0.063304 ,  0.038417, 0.013932 
  0.061786 ,  0.033008, 0.010825 
  0.060233 ,  0.027414, 0.007162 
  0.058646 ,  0.021651, 0.003380 
  0.057030 ,  0.015732, -0.000083 
  0.055387 ,  0.009674, -0.002857 
  0.053721 ,  0.003495, -0.004699 
  0.052033 ,  -0.002786, -0.005534 
  0.050329 ,  -0.009147, -0.005459 
  0.048610 ,  -0.015568, -0.004727 
  0.046880 ,  -0.022024, -0.003697 
  0.045141 ,  -0.028493, -0.002771 
  0.043398 ,  -0.034950, -0.002322 
  0.041653 ,  -0.041370, -0.002623 
  0.039909 ,  -0.047729, -0.003798 
  0.038169 ,  -0.054002, -0.005795 
  0.036437 ,  -0.060163, -0.008389 
  0.034715 ,  -0.066189, -0.011216 
  0.033006 ,  -0.072056, -0.013832 
  0.031313 ,  -0.077742, -0.015781 
  0.029639 ,  -0.083223, -0.016680 
  0.027986 ,  -0.088480, -0.016277 
  0.026358 ,  -0.093493, -0.014504 
  0.024757 ,  -0.098244, -0.011490 
  0.023186 ,  -0.102716, -0.007551 
  0.021646 ,  -0.106894, -0.003140 
  0.020142 ,  -0.110765, 0.001215 
  0.018674 ,  -0.114318, 0.004994 
  0.017245 ,  -0.117542, 0.007767 
  0.015858 ,  -0.120431, 0.009259 
  0.014514 ,  -0.122978, 0.009395 
  0.013215 ,  -0.125179, 0.008310 
  0.011964 ,  -0.127032, 0.006333 
  0.010762 ,  -0.128535, 0.003930 
  0.009611 ,  -0.129692, 0.001630 
  0.008512 ,  -0.130503, -0.000054 
  0.007468 ,  -0.130973, -0.000714 
  0.006478 ,  -0.131108, -0.000112 
  0.005545 ,  -0.130915, 0.001780 
  0.004670 ,  -0.130401, 0.004773 
  0.003854 ,  -0.129576, 0.008481 
  0.003097 ,  -0.128450, 0.012382 
  0.002401 ,  -0.127033, 0.015893 
  0.001766 ,  -0.125336, 0.018458 
  0.001193 ,  -0.123372, 0.019629 
  0.000682 ,  -0.121151, 0.019136 
  0.000234 ,  -0.118687, 0.016924 
  -0.000151 ,  -0.115990, 0.013162 
  -0.000473 ,  -0.113075, 0.008221 
  -0.000733 ,  -0.109951, 0.002616 
  -0.000930 ,  -0.106631, -0.003064 
  -0.001064 ,  -0.103127, -0.008243 
  -0.001135 ,  -0.099449, -0.012431 
  -0.001145 ,  -0.095608, -0.015291 
  -0.001094 ,  -0.091613, -0.016677 
  -0.000982 ,  -0.087474, -0.016640 
  -0.000811 ,  -0.083200, -0.015409 
  -0.000581 ,  -0.078799, -0.013346 
  -0.000293 ,  -0.074278, -0.010879 
  0.000052 ,  -0.069646, -0.008439 
  0.000453 ,  -0.064909, -0.006389 
  0.000907 ,  -0.060074, -0.004976 
  0.001415 ,  -0.055146, -0.004306 
  0.001974 ,  -0.050132, -0.004333 
  0.002583 ,  -0.045038, -0.004888 
  0.003240 ,  -0.039869, -0.005712 
  0.003943 ,  -0.034631, -0.006513 
  0.004691 ,  -0.029330, -0.007014 
  0.005482 ,  -0.023973, -0.007006 
  0.006314 ,  -0.018565, -0.006376 
  0.007185 ,  -0.013115, -0.005124 
  0.008093 ,  -0.007628, -0.003349 
  0.009035 ,  -0.002114, -0.001230 
  0.010010 ,  0.003419, 0.001016 
  0.011015 ,  0.008961, 0.003176 
  0.012048 ,  0.014503, 0.005080 
  0.013107 ,  0.020034, 0.006630 
  0.014189 ,  0.025540, 0.007816 
  0.015292 ,  0.031010, 0.008707 
  0.016414 ,  0.036431, 0.009429 
  0.017553 ,  0.041788, 0.010134 
  0.018705 ,  0.047065, 0.010955 
  0.019869 ,  0.052248, 0.011971 
  0.021041 ,  0.057319, 0.013173 
  0.022220 ,  0.062262, 0.014458 
  0.023404 ,  0.067060, 0.015628 
  0.024589 ,  0.071694, 0.016418 
  0.025773 ,  0.076147, 0.016537 
  0.026954 ,  0.080401, 0.015719 
  0.028129 ,  0.084439, 0.013771 
  0.029297 ,  0.088242, 0.010618 
  0.030454 ,  0.091794, 0.006333 
  0.031599 ,  0.095078, 0.001143 
  0.032729 ,  0.098079, -0.004583 
  0.033842 ,  0.100781, -0.010377 
  0.034935 ,  0.103171, -0.015720 
  0.036008 ,  0.105236, -0.020109 
  0.037057 ,  0.106966, -0.023123 
  0.038080 ,  0.108352, -0.024473 
  0.039076 ,  0.109385, -0.024047 
  0.040043 ,  0.110059, -0.021922 
  0.040979 ,  0.110372, -0.018359 
  0.041882 ,  0.110321, -0.013767 
  0.042750 ,  0.109905, -0.008654 
  0.043583 ,  0.109129, -0.003566 
  0.044377 ,  0.107996, 0.000984 
  0.045132 ,  0.106514, 0.004572 
  0.045847 ,  0.104691, 0.006913 
  0.046520 ,  0.102538, 0.007885 
  0.047150 ,  0.100070, 0.007536 
  0.047735 ,  0.097302, 0.006069 
  0.048275 ,  0.094250, 0.003806 
  0.048770 ,  0.090936, 0.001142 
  0.049217 ,  0.087378, -0.001507 
  0.049616 ,  0.083601, -0.003757 
  0.049967 ,  0.079628, -0.005294 
  0.050269 ,  0.075483, -0.005911 
  0.050521 ,  0.071194, -0.005516 
  0.050724 ,  0.066787, -0.004139 
  0.050876 ,  0.062290, -0.001911 
  0.050978 ,  0.057730, 0.000953 
  0.051030 ,  0.053134, 0.004188 
  0.051031 ,  0.048532, 0.007508 
  0.050981 ,  0.043949, 0.010636 
  0.050881 ,  0.039414, 0.013326 
  0.050732 ,  0.034950, 0.015380 
  0.050532 ,  0.030583, 0.016660 
  0.050284 ,  0.026336, 0.017089 
  0.049987 ,  0.022232, 0.016653 
  0.049642 ,  0.018289, 0.015392 
  0.049249 ,  0.014527, 0.013398 
  0.048810 ,  0.010961, 0.010804 
  0.048326 ,  0.007606, 0.007774 
  0.047796 ,  0.004473, 0.004493 
  0.047223 ,  0.001572, 0.001157 
  0.046607 ,  -0.001090, -0.002045 
  0.045949 ,  -0.003509, -0.004943 
  0.045251 ,  -0.005683, -0.007400 
  0.044515 ,  -0.007611, -0.009327 
  0.043740 ,  -0.009296, -0.010695 
  0.042929 ,  -0.010744, -0.011532 
  0.042083 ,  -0.011961, -0.011926 
  0.041204 ,  -0.012958, -0.012011 
  0.040292 ,  -0.013745, -0.011949 
  0.039351 ,  -0.014335, -0.011902 
  0.038381 ,  -0.014744, -0.012006 
  0.037384 ,  -0.014988, -0.012341 
  0.036361 ,  -0.015085, -0.012915 
  0.035315 ,  -0.015053, -0.013646 
  0.034247 ,  -0.014913, -0.014369 
  0.033158 ,  -0.014683, -0.014851 
  0.032052 ,  -0.014386, -0.014816 
  0.030928 ,  -0.014041, -0.013994 
  0.029790 ,  -0.013670, -0.012158 
  0.028639 ,  -0.013293, -0.009171 
  0.027477 ,  -0.012930, -0.005023 
  0.026305 ,  -0.012600, 0.000152 
  0.025125 ,  -0.012321, 0.006069 
  0.023940 ,  -0.012111, 0.012316 
  0.022751 ,  -0.011984, 0.018390 
  0.021559 ,  -0.011956, 0.023752 
  0.020366 ,  -0.012039, 0.027891 
  0.019174 ,  -0.012245, 0.030389 
  0.017985 ,  -0.012581, 0.030972 
  0.016801 ,  -0.013056, 0.029557 
  0.015622 ,  -0.013675, 0.026259 
  0.014450 ,  -0.014442, 0.021385 
  0.013287 ,  -0.015357, 0.015402 
  0.012135 ,  -0.016420, 0.008878 
  0.010995 ,  -0.017629, 0.002413 
  0.009867 ,  -0.018980, -0.003431 
  0.008754 ,  -0.020466, -0.008194 
  0.007657 ,  -0.022080, -0.011577 
  0.006576 ,  -0.023812, -0.013464 
  0.005513 ,  -0.025653, -0.013926 
  0.004470 ,  -0.027590, -0.013205 
  0.003446 ,  -0.029610, -0.011662 
  0.002443 ,  -0.031699, -0.009726 
  0.001462 ,  -0.033844, -0.007825 
  0.000504 ,  -0.036028, -0.006327 
  -0.000432 ,  -0.038237, -0.005493 
  -0.001343 ,  -0.040455, -0.005447 
  -0.002230 ,  -0.042667, -0.006166 
  -0.003092 ,  -0.044857, -0.007498 
  -0.003929 ,  -0.047011, -0.009190 
  -0.004741 ,  -0.049114, -0.010938 
  -0.005526 ,  -0.051152, -0.012429 
  -0.006286 ,  -0.053114, -0.013393 
  -0.007019 ,  -0.054986, -0.013634 
  -0.007727 ,  -0.056759, -0.013050 
  -0.008408 ,  -0.058423, -0.011640 
  -0.009064 ,  -0.059970, -0.009490 
  -0.009694 ,  -0.061392, -0.006746 
  -0.010298 ,  -0.062685, -0.003592 
  -0.010878 ,  -0.063843, -0.000211 
  -0.011433 ,  -0.064865, 0.003232 
  -0.011964 ,  -0.065747, 0.006607 
  -0.012472 ,  -0.066490, 0.009822 
  -0.012957 ,  -0.067095, 0.012813 
  -0.013420 ,  -0.067562, 0.015529 
  -0.013862 ,  -0.067896, 0.017911 
  -0.014283 ,  -0.068100, 0.019878 
  -0.014685 ,  -0.068178, 0.021316 
  -0.015069 ,  -0.068135, 0.022083 
  -0.015435 ,  -0.067978, 0.022022 
  -0.015785 ,  -0.067711, 0.020984 
  -0.016120 ,  -0.067340, 0.018869 
  -0.016441 ,  -0.066873, 0.015650 
  -0.016749 ,  -0.066314, 0.011404 
  -0.017046 ,  -0.065669, 0.006329 
  -0.017332 ,  -0.064944, 0.000736 
  -0.017610 ,  -0.064143, -0.004969 
  -0.017880 ,  -0.063270, -0.010326 
  -0.018145 ,  -0.062327, -0.014875 
  -0.018404 ,  -0.061318, -0.018214 
  -0.018661 ,  -0.060243, -0.020058 
  -0.018916 ,  -0.059103, -0.020279 
  -0.019170 ,  -0.057896, -0.018934 
  -0.019426 ,  -0.056621, -0.016262 
  -0.019685 ,  -0.055273, -0.012657 
  -0.019949 ,  -0.053850, -0.008619 
  -0.020218 ,  -0.052346, -0.004686 
  -0.020494 ,  -0.050753, -0.001357 
  -0.020779 ,  -0.049066, 0.000974 
  -0.021074 ,  -0.047276, 0.002077 
  -0.021381 ,  -0.045374, 0.001914 
  -0.021702 ,  -0.043351, 0.000648 
  -0.022036 ,  -0.041197, -0.001390 
  -0.022387 ,  -0.038902, -0.003752 
  -0.022755 ,  -0.036456, -0.005943 
  -0.023141 ,  -0.033849, -0.007499 
  -0.023548 ,  -0.031072, -0.008062 
  -0.023975 ,  -0.028115, -0.007435 
  -0.024425 ,  -0.024970, -0.005610 
  -0.024898 ,  -0.021629, -0.002772 
  -0.025395 ,  -0.018087, 0.000732 
  -0.025918 ,  -0.014337, 0.004455 
  -0.026467 ,  -0.010377, 0.007913 
  -0.027044 ,  -0.006205, 0.010671 
  -0.027649 ,  -0.001819, 0.012407 
  -0.028282 ,  0.002777, 0.012963 
  -0.028945 ,  0.007581, 0.012368 
  -0.029638 ,  0.012586, 0.010830 
  -0.030362 ,  0.017784, 0.008696 
  -0.031117 ,  0.023165, 0.006389 
  -0.031904 ,  0.028716, 0.004336 
  -0.032722 ,  0.034421, 0.002892 
  -0.033573 ,  0.040264, 0.002274 
  -0.034456 ,  0.046225, 0.002525 
  -0.035370 ,  0.052282, 0.003504 
  -0.036317 ,  0.058412, 0.004906 
  -0.037296 ,  0.064588, 0.006317 
  -0.038307 ,  0.070783, 0.007284 
  -0.039349 ,  0.076969, 0.007399 
  -0.040422 ,  0.083115, 0.006373 
  -0.041525 ,  0.089189, 0.004097 
  -0.042659 ,  0.095160, 0.000671 
  -0.043822 ,  0.100993, -0.003595 
  -0.045013 ,  0.106656, -0.008225 
  -0.046231 ,  0.112115, -0.012633 
  -0.047477 ,  0.117336, -0.016220 
  -0.048748 ,  0.122287, -0.018460 
  -0.050043 ,  0.126936, -0.018983 
  -0.051361 ,  0.131251, -0.017640 
  -0.052701 ,  0.135203, -0.014535 
  -0.054062 ,  0.138763, -0.010011 
  -0.055442 ,  0.141904, -0.004617 
  -0.056839 ,  0.144604, 0.000976 
  -0.058252 ,  0.146838, 0.006059 
  -0.059679 ,  0.148589, 0.009991 
  -0.061118 ,  0.149839, 0.012282 
  -0.062568 ,  0.150574, 0.012668 
  -0.064026 ,  0.150784, 0.011138 
  -0.065490 ,  0.150461, 0.007938 
  -0.066959 ,  0.149599, 0.003531 
  -0.068430 ,  0.148198, -0.001471 
  -0.069902 ,  0.146260, -0.006393 
  -0.071371 ,  0.143790, -0.010590 
  -0.072836 ,  0.140795, -0.013533 
  -0.074294 ,  0.137289, -0.014872 
  -0.075743 ,  0.133284, -0.014471 
  -0.077181 ,  0.128799, -0.012416 
  -0.078604 ,  0.123855, -0.008983 
  -0.080012 ,  0.118473, -0.004586 
  -0.081400 ,  0.112679, 0.000285 
  -0.082767 ,  0.106500, 0.005145 
  -0.084111 ,  0.099967, 0.009569 
  -0.085428 ,  0.093110, 0.013244 
  -0.086716 ,  0.085961, 0.015990 
  -0.087972 ,  0.078555, 0.017759 
  -0.089195 ,  0.070926, 0.018613 
  -0.090381 ,  0.063109, 0.018681 
  -0.091527 ,  0.055139, 0.018118 
  -0.092633 ,  0.047053, 0.017058 
  -0.093694 ,  0.038886, 0.015585 
  -0.094709 ,  0.030673, 0.013717 
  -0.095675 ,  0.022447, 0.011414 
  -0.096589 ,  0.014243, 0.008599 
  -0.097450 ,  0.006092, 0.005198 
  -0.098255 ,  -0.001975, 0.001181 
  -0.099002 ,  -0.009929, -0.003404 
  -0.099688 ,  -0.017743, -0.008398 
  -0.100312 ,  -0.025391, -0.013534 
  -0.100871 ,  -0.032849, -0.018445 
  -0.101363 ,  -0.040096, -0.022708 
  -0.101787 ,  -0.047114, -0.025892 
  -0.102141 ,  -0.053884, -0.027622 
  -0.102422 ,  -0.060392, -0.027637 
  -0.102630 ,  -0.066625, -0.025835 
  -0.102761 ,  -0.072573, -0.022304 
  -0.102816 ,  -0.078227, -0.017316 
  -0.102792 ,  -0.083582, -0.011306 
  -0.102689 ,  -0.088632, -0.004819 
  -0.102504 ,  -0.093376, 0.001559 
  -0.102237 ,  -0.097812, 0.007271 
  -0.101887 ,  -0.101942, 0.011862 
  -0.101453 ,  -0.105767, 0.015035 
  -0.100934 ,  -0.109292, 0.016678 
  -0.100329 ,  -0.112521, 0.016872 
  -0.099639 ,  -0.115460, 0.015865 
  -0.098861 ,  -0.118116, 0.014027 
  -0.097997 ,  -0.120496, 0.011782 
  -0.097045 ,  -0.122607, 0.009544 
  -0.096006 ,  -0.124457, 0.007651 
  -0.094880 ,  -0.126055, 0.006320 
  -0.093667 ,  -0.127408, 0.005621 
  -0.092367 ,  -0.128526, 0.005478 
  -0.090981 ,  -0.129415, 0.005694 
  -0.089508 ,  -0.130083, 0.005998 
  -0.087951 ,  -0.130537, 0.006099 
  -0.086309 ,  -0.130783, 0.005746 
  -0.084584 ,  -0.130829, 0.004773 
  -0.082777 ,  -0.130678, 0.003130 
  -0.080888 ,  -0.130335, 0.000899 
  -0.078920 ,  -0.129805, -0.001731 
  -0.076873 ,  -0.129090, -0.004487 
  -0.074749 ,  -0.128194, -0.007066 
  -0.072550 ,  -0.127117, -0.009186 
  -0.070277 ,  -0.125863, -0.010630 
  -0.067933 ,  -0.124430, -0.011288 
  -0.065519 ,  -0.122821, -0.011164 
  -0.063038 ,  -0.121034, -0.010377 
  -0.060492 ,  -0.119069, -0.009133 
  -0.057882 ,  -0.116925, -0.007680 
  -0.055213 ,  -0.114603, -0.006266 
  -0.052485 ,  -0.112100, -0.005088 
  -0.049702 ,  -0.109416, -0.004258 
  -0.046867 ,  -0.106551, -0.003782 
  -0.043982 ,  -0.103504, -0.003566 
  -0.041051 ,  -0.100274, -0.003434 
  -0.038075 ,  -0.096863, -0.003172 
  -0.035059 ,  -0.093271, -0.002572 
  -0.032006 ,  -0.089499, -0.001481 
  -0.028918 ,  -0.085549, 0.000156 
  -0.025799 ,  -0.081424, 0.002280 
  -0.022652 ,  -0.077127, 0.004713 
  -0.019482 ,  -0.072662, 0.007185 
  -0.016290 ,  -0.068035, 0.009378 
  -0.013081 ,  -0.063250, 0.010976 
  -0.009858 ,  -0.058314, 0.011730 
  -0.006625 ,  -0.053235, 0.011506 
  -0.003385 ,  -0.048020, 0.010319 
  -0.000142 ,  -0.042677, 0.008343 
  0.003101 ,  -0.037217, 0.005892 
  0.006339 ,  -0.031650, 0.003371 
  0.009570 ,  -0.025985, 0.001217 
  0.012788 ,  -0.020234, -0.000180 
  0.015992 ,  -0.014409, -0.000547 
  0.019177 ,  -0.008521, 0.000212 
  0.022340 ,  -0.002584, 0.001986 
  0.025477 ,  0.003392, 0.004456 
  0.028584 ,  0.009393, 0.007135 
  0.031658 ,  0.015405, 0.009426 
  0.034695 ,  0.021417, 0.010720 
  0.037692 ,  0.027416, 0.010486 
  0.040646 ,  0.033388, 0.008367 
  0.043553 ,  0.039321, 0.004251 
  0.046410 ,  0.045203, -0.001691 
  0.049213 ,  0.051022, -0.009001 
  0.051960 ,  0.056765, -0.016980 
  0.054647 ,  0.062422, -0.024763 
  0.057272 ,  0.067980, -0.031428 
  0.059831 ,  0.073430, -0.036114 
  0.062321 ,  0.078760, -0.038132 
  0.064740 ,  0.083961, -0.037067 
  0.067086 ,  0.089022, -0.032830 
  0.069355 ,  0.093935, -0.025684 
  0.071545 ,  0.098689, -0.016215 
  0.073653 ,  0.103277, -0.005263 
  0.075679 ,  0.107689, 0.006178 
  0.077619 ,  0.111917, 0.017078 
  0.079471 ,  0.115953, 0.026489 
  0.081234 ,  0.119790, 0.033655 
  0.082905 ,  0.123418, 0.038087 
  0.084484 ,  0.126831, 0.039605 
  0.085969 ,  0.130021, 0.038338 
  0.087358 ,  0.132981, 0.034682 
  0.088650 ,  0.135702, 0.029233 
  0.089844 ,  0.138178, 0.022691 
  0.090939 ,  0.140400, 0.015771 
  0.091935 ,  0.142363, 0.009106 
  0.092830 ,  0.144057, 0.003186 
  0.093624 ,  0.145476, -0.001690 
  0.094317 ,  0.146613, -0.005416 
  0.094908 ,  0.147460, -0.008065 
  0.095398 ,  0.148011, -0.009840 
  0.095787 ,  0.148259, -0.011017 
  0.096073 ,  0.148196, -0.011881 
  0.096259 ,  0.147818, -0.012671 
  0.096345 ,  0.147117, -0.013537 
  0.096330 ,  0.146090, -0.014518 
  0.096216 ,  0.144730, -0.015550 
  0.096004 ,  0.143034, -0.016479 
  0.095695 ,  0.140998, -0.017107 
  0.095289 ,  0.138620, -0.017228 
  0.094789 ,  0.135897, -0.016674 
  0.094195 ,  0.132830, -0.015353 
  0.093510 ,  0.129418, -0.013262 
  0.092735 ,  0.125663, -0.010494 
  0.091871 ,  0.121568, -0.007227 
  0.090921 ,  0.117136, -0.003691 
  0.089887 ,  0.112374, -0.000142 
  0.088771 ,  0.107287, 0.003184 
  0.087575 ,  0.101885, 0.006093 
  0.086301 ,  0.096176, 0.008460 
  0.084953 ,  0.090173, 0.010236 
  0.083532 ,  0.083887, 0.011443 
  0.082042 ,  0.077333, 0.012157 
  0.080484 ,  0.070528, 0.012484 
  0.078863 ,  0.063486, 0.012532 
  0.077180 ,  0.056229, 0.012389 
  0.075440 ,  0.048774, 0.012104 
  0.073644 ,  0.041143, 0.011681 
  0.071797 ,  0.033358, 0.011081 
  0.069901 ,  0.025443, 0.010237 
  0.067960 ,  0.017420, 0.009076 
  0.065976 ,  0.009316, 0.007536 
  0.063954 ,  0.001154, 0.005592 
  0.061897 ,  -0.007038, 0.003268 
  0.059808 ,  -0.015235, 0.000643 
  0.057690 ,  -0.023411, -0.002153 
  0.055548 ,  -0.031538, -0.004953 
  0.053384 ,  -0.039592, -0.007571 
  0.051203 ,  -0.047546, -0.009827 
  0.049007 ,  -0.055374, -0.011569 
  0.046801 ,  -0.063052, -0.012688 
  0.044587 ,  -0.070557, -0.013132 
  0.042369 ,  -0.077863, -0.012900 
  0.040152 ,  -0.084951, -0.012046 
  0.037937 ,  -0.091798, -0.010655 
  0.035730 ,  -0.098385, -0.008836 
  0.033532 ,  -0.104693, -0.006703 
  0.031348 ,  -0.110706, -0.004364 
  0.029181 ,  -0.116407, -0.001910 
  0.027034 ,  -0.121784, 0.000578 
  0.024910 ,  -0.126823, 0.003030 
  0.022813 ,  -0.131513, 0.005376 
  0.020745 ,  -0.135845, 0.007540 
  0.018711 ,  -0.139811, 0.009429 
  0.016712 ,  -0.143405, 0.010939 
  0.014751 ,  -0.146622, 0.011955 
  0.012833 ,  -0.149458, 0.012366 
  0.010958 ,  -0.151912, 0.012082 
  0.009130 ,  -0.153982, 0.011056 
  0.007351 ,  -0.155669, 0.009298 
  0.005625 ,  -0.156975, 0.006886 
  0.003952 ,  -0.157901, 0.003974 
  0.002336 ,  -0.158451, 0.000776 
  0.000779 ,  -0.158629, -0.002451 
  -0.000718 ,  -0.158441, -0.005434 
  -0.002152 ,  -0.157890, -0.007921 
  -0.003521 ,  -0.156984, -0.009714 
  -0.004825 ,  -0.155728, -0.010695 
  -0.006061 ,  -0.154129, -0.010843 
  -0.007228 ,  -0.152194, -0.010238 
  -0.008324 ,  -0.149930, -0.009046 
  -0.009349 ,  -0.147343, -0.007491 
  -0.010301 ,  -0.144441, -0.005823 
  -0.011179 ,  -0.141232, -0.004269 
  -0.011983 ,  -0.137721, -0.003004 
  -0.012711 ,  -0.133917, -0.002117 
  -0.013364 ,  -0.129827, -0.001597 
  -0.013940 ,  -0.125458, -0.001343 
  -0.014440 ,  -0.120817, -0.001181 
  -0.014863 ,  -0.115912, -0.000901 
  -0.015209 ,  -0.110750, -0.000303 
  -0.015479 ,  -0.105340, 0.000759 
  -0.015672 ,  -0.099688, 0.002340 
  -0.015789 ,  -0.093805, 0.004381 
  -0.015831 ,  -0.087699, 0.006706 
  -0.015797 ,  -0.081379, 0.009042 
  -0.015688 ,  -0.074856, 0.011056 
  -0.015506 ,  -0.068141, 0.012408 
  -0.015252 ,  -0.061245, 0.012808 
  -0.014925 ,  -0.054183, 0.012072 
  -0.014529 ,  -0.046966, 0.010161 
  -0.014063 ,  -0.039611, 0.007196 
  -0.013529 ,  -0.032133, 0.003462 
  -0.012929 ,  -0.024549, -0.000638 
  -0.012264 ,  -0.016877, -0.004624 
  -0.011536 ,  -0.009138, -0.008016 
  -0.010747 ,  -0.001352, -0.010404 
  -0.009898 ,  0.006459, -0.011508 
  -0.008992 ,  0.014273, -0.011225 
  -0.008031 ,  0.022064, -0.009648 
  -0.007016 ,  0.029808, -0.007051 
  -0.005951 ,  0.037479, -0.003850 
  -0.004836 ,  0.045050, -0.000537 
  -0.003675 ,  0.052492, 0.002399 
  -0.002470 ,  0.059779, 0.004545 
  -0.001224 ,  0.066882, 0.005634 
  0.000062 ,  0.073773, 0.005589 
  0.001384 ,  0.080422, 0.004525 
  0.002740 ,  0.086803, 0.002738 
  0.004127 ,  0.092887, 0.000643 
  0.005543 ,  0.098647, -0.001297 
  0.006985 ,  0.104059, -0.002657 
  0.008449 ,  0.109096, -0.003129 
  0.009935 ,  0.113737, -0.002581 
  0.011437 ,  0.117959, -0.001094 
  0.012955 ,  0.121743, 0.001050 
  0.014484 ,  0.125073, 0.003406 
  0.016023 ,  0.127931, 0.005442 
  0.017568 ,  0.130307, 0.006631 
  0.019117 ,  0.132190, 0.006550 
  0.020667 ,  0.133574, 0.004963 
  0.022214 ,  0.134454, 0.001886 
  0.023758 ,  0.134829, -0.002402 
  0.025293 ,  0.134702, -0.007376 
  0.026819 ,  0.134078, -0.012334 
  0.028332 ,  0.132966, -0.016499 
  0.029830 ,  0.131377, -0.019138 
  0.031311 ,  0.129326, -0.019680 
  0.032770 ,  0.126832, -0.017822 
  0.034207 ,  0.123916, -0.013590 
  0.035619 ,  0.120600, -0.007356 
  0.037004 ,  0.116912, 0.000192 
  0.038358 ,  0.112880, 0.008142 
  0.039681 ,  0.108535, 0.015480 
  0.040970 ,  0.103911, 0.021230 
  0.042222 ,  0.099042, 0.024607 
  0.043436 ,  0.093964, 0.025129 
  0.044610 ,  0.088715, 0.022700 
  0.045742 ,  0.083331, 0.017635 
  0.046830 ,  0.077853, 0.010621 
  0.047873 ,  0.072317, 0.002621 
  0.048869 ,  0.066762, -0.005254 
  0.049816 ,  0.061226, -0.011915 
  0.050714 ,  0.055746, -0.016447 
  0.051560 ,  0.050356, -0.018245 
  0.052354 ,  0.045090, -0.017109 
  0.053095 ,  0.039981, -0.013267 
  0.053781 ,  0.035058, -0.007347 
  0.054411 ,  0.030348, -0.000277 
  0.054985 ,  0.025875, 0.006849 
  0.055502 ,  0.021662, 0.012941 
  0.055961 ,  0.017727, 0.017079 
  0.056363 ,  0.014085, 0.018647 
  0.056705 ,  0.010748, 0.017431 
  0.056989 ,  0.007725, 0.013649 
  0.057213 ,  0.005020, 0.007913 
  0.057378 ,  0.002636, 0.001135 
  0.057483 ,  0.000571, -0.005615 
  0.057530 ,  -0.001182, -0.011284 
  0.057516 ,  -0.002629, -0.014994 
  0.057444 ,  -0.003784, -0.016189 
  0.057314 ,  -0.004660, -0.014721 
  0.057125 ,  -0.005276, -0.010879 
  0.056878 ,  -0.005650, -0.005348 
  0.056574 ,  -0.005807, 0.000897 
  0.056214 ,  -0.005769, 0.006737 
  0.055798 ,  -0.005564, 0.011088 
  0.055328 ,  -0.005218, 0.013071 
  0.054803 ,  -0.004761, 0.012154 
  0.054225 ,  -0.004222, 0.008247 
  0.053596 ,  -0.003630, 0.001725 
  0.052915 ,  -0.003017, -0.006611 
  0.052185 ,  -0.002412, -0.015648 
  0.051407 ,  -0.001843, -0.024111 
  0.050582 ,  -0.001340, -0.030746 
  0.049711 ,  -0.000929, -0.034505 
  0.048796 ,  -0.000635, -0.034690 
  0.047838 ,  -0.000484, -0.031062 
  0.046839 ,  -0.000496, -0.023875 
  0.045801 ,  -0.000691, -0.013841 
  0.044724 ,  -0.001086, -0.002039 
  0.043611 ,  -0.001695, 0.010241 
  0.042463 ,  -0.002531, 0.021668 
  0.041282 ,  -0.003601, 0.031045 
  0.040070 ,  -0.004913, 0.037471 
  0.038829 ,  -0.006467, 0.040441 
  0.037559 ,  -0.008265, 0.039902 
  0.036263 ,  -0.010304, 0.036231 
  0.034944 ,  -0.012576, 0.030166 
  0.033601 ,  -0.015074, 0.022674 
  0.032238 ,  -0.017786, 0.014808 
  0.030856 ,  -0.020697, 0.007548 
  0.029457 ,  -0.023791, 0.001666 
  0.028043 ,  -0.027050, -0.002368 
  0.026615 ,  -0.030453, -0.004434 
  0.025175 ,  -0.033977, -0.004752 
  0.023725 ,  -0.037599, -0.003815 
  0.022267 ,  -0.041294, -0.002289 
  0.020802 ,  -0.045036, -0.000888 
  0.019332 ,  -0.048798, -0.000250 
  0.017859 ,  -0.052553, -0.000826 
  0.016383 ,  -0.056275, -0.002811 
  0.014907 ,  -0.059937, -0.006117 
  0.013433 ,  -0.063512, -0.010394 
  0.011961 ,  -0.066976, -0.015096 
  0.010493 ,  -0.070302, -0.019572 
  0.009031 ,  -0.073469, -0.023185 
  0.007575 ,  -0.076455, -0.025408 
  0.006128 ,  -0.079238, -0.025917 
  0.004689 ,  -0.081801, -0.024634 
  0.003262 ,  -0.084127, -0.021741 
  0.001845 ,  -0.086202, -0.017640 
  0.000442 ,  -0.088014, -0.012885 
  -0.000948 ,  -0.089552, -0.008085 
  -0.002324 ,  -0.090809, -0.003803 
  -0.003684 ,  -0.091779, -0.000466 
  -0.005028 ,  -0.092460, 0.001707 
  -0.006355 ,  -0.092850, 0.002736 
  -0.007665 ,  -0.092951, 0.002865 
  -0.008956 ,  -0.092767, 0.002522 
  -0.010229 ,  -0.092302, 0.002230 
  -0.011482 ,  -0.091564, 0.002517 
  -0.012715 ,  -0.090562, 0.003810 
  -0.013929 ,  -0.089308, 0.006352 
  -0.015122 ,  -0.087812, 0.010150 
  -0.016294 ,  -0.086088, 0.014950 
  -0.017446 ,  -0.084151, 0.020269 
  -0.018577 ,  -0.082016, 0.025455 
  -0.019687 ,  -0.079698, 0.029778 
  -0.020777 ,  -0.077215, 0.032543 
  -0.021845 ,  -0.074581, 0.033193 
  -0.022893 ,  -0.071814, 0.031404 
  -0.023921 ,  -0.068931, 0.027135 
  -0.024928 ,  -0.065947, 0.020656 
  -0.025915 ,  -0.062877, 0.012513 
  -0.026883 ,  -0.059737, 0.003465 
  -0.027831 ,  -0.056539, -0.005612 
  -0.028761 ,  -0.053299, -0.013838 
  -0.029673 ,  -0.050026, -0.020449 
  -0.030566 ,  -0.046733, -0.024887 
  -0.031443 ,  -0.043428, -0.026874 
  -0.032303 ,  -0.040120, -0.026436 
  -0.033147 ,  -0.036815, -0.023892 
  -0.033976 ,  -0.033519, -0.019799 
  -0.034790 ,  -0.030237, -0.014868 
  -0.035591 ,  -0.026970, -0.009854 
  -0.036378 ,  -0.023721, -0.005458 
  -0.037153 ,  -0.020489, -0.002223 
  -0.037917 ,  -0.017274, -0.000471 
  -0.038669 ,  -0.014073, -0.000266 
  -0.039412 ,  -0.010883, -0.001417 
  -0.040146 ,  -0.007701, -0.003521 
  -0.040871 ,  -0.004522, -0.006035 
  -0.041589 ,  -0.001340, -0.008361 
  -0.042300 ,  0.001850, -0.009944 
  -0.043005 ,  0.005056, -0.010355 
  -0.043706 ,  0.008282, -0.009354 
  -0.044402 ,  0.011535, -0.006925 
  -0.045094 ,  0.014823, -0.003274 
  -0.045784 ,  0.018150, 0.001204 
  -0.046472 ,  0.021522, 0.005986 
  -0.047158 ,  0.024944, 0.010497 
  -0.047844 ,  0.028422, 0.014197 
  -0.048530 ,  0.031957, 0.016654 
  -0.049217 ,  0.035553, 0.017603 
  -0.049906 ,  0.039211, 0.016981 
  -0.050596 ,  0.042932, 0.014927 
  -0.051289 ,  0.046715, 0.011760 
  -0.051984 ,  0.050557, 0.007924 
  -0.052683 ,  0.054455, 0.003923 
  -0.053386 ,  0.058404, 0.000252 
  -0.054094 ,  0.062398, -0.002676 
  -0.054805 ,  0.066429, -0.004580 
  -0.055521 ,  0.070488, -0.005342 
  -0.056243 ,  0.074564, -0.005017 
  -0.056969 ,  0.078645, -0.003810 
  -0.057701 ,  0.082717, -0.002036 
  -0.058437 ,  0.086767, -0.000071 
  -0.059179 ,  0.090778, 0.001716 
  -0.059926 ,  0.094733, 0.003015 
  -0.060678 ,  0.098614, 0.003618 
  -0.061435 ,  0.102403, 0.003452 
  -0.062196 ,  0.106079, 0.002578 
  -0.062961 ,  0.109624, 0.001178 
  -0.063730 ,  0.113014, -0.000482 
  -0.064502 ,  0.116231, -0.002097 
  -0.065277 ,  0.119251, -0.003375 
  -0.066054 ,  0.122054, -0.004087 
  -0.066833 ,  0.124619, -0.004101 
  -0.067613 ,  0.126923, -0.003410 
  -0.068392 ,  0.128947, -0.002126 
  -0.069171 ,  0.130670, -0.000469 
  -0.069948 ,  0.132074, 0.001267 
  -0.070723 ,  0.133139, 0.002763 
  -0.071494 ,  0.133848, 0.003720 
  -0.072260 ,  0.134184, 0.003906 
  -0.073021 ,  0.134134, 0.003195 
  -0.073775 ,  0.133683, 0.001588 
  -0.074520 ,  0.132820, -0.000787 
  -0.075256 ,  0.131534, -0.003684 
  -0.075982 ,  0.129818, -0.006773 
  -0.076695 ,  0.127665, -0.009683 
  -0.077395 ,  0.125071, -0.012045 
  -0.078081 ,  0.122034, -0.013544 
  -0.078750 ,  0.118554, -0.013959 
  -0.079401 ,  0.114633, -0.013184 
  -0.080032 ,  0.110276, -0.011246 
  -0.080643 ,  0.105490, -0.008296 
  -0.081232 ,  0.100283, -0.004591 
  -0.081796 ,  0.094669, -0.000458 
  -0.082335 ,  0.088659, 0.003739 
  -0.082846 ,  0.082272, 0.007649 
  -0.083329 ,  0.075524, 0.010962 
  -0.083780 ,  0.068438, 0.013447 
  -0.084200 ,  0.061034, 0.014961 
  -0.084586 ,  0.053339, 0.015462 
  -0.084936 ,  0.045378, 0.014997 
  -0.085250 ,  0.037180, 0.013688 
  -0.085524 ,  0.028776, 0.011708 
  -0.085758 ,  0.020195, 0.009256 
  -0.085950 ,  0.011472, 0.006535 
  -0.086099 ,  0.002641, 0.003731 
  -0.086202 ,  -0.006264, 0.001000 
  -0.086259 ,  -0.015207, -0.001534 
  -0.086268 ,  -0.024151, -0.003780 
  -0.086228 ,  -0.033060, -0.005672 
  -0.086137 ,  -0.041896, -0.007166 
  -0.085993 ,  -0.050623, -0.008223 
  -0.085796 ,  -0.059204, -0.008816 
  -0.085544 ,  -0.067602, -0.008918 
  -0.085236 ,  -0.075783, -0.008515 
  -0.084871 ,  -0.083710, -0.007608 
  -0.084448 ,  -0.091352, -0.006226 
  -0.083966 ,  -0.098676, -0.004433 
  -0.083424 ,  -0.105652, -0.002333 
  -0.082820 ,  -0.112249, -0.000072 
  -0.082155 ,  -0.118443, 0.002173 
  -0.081428 ,  -0.124208, 0.004204 
  -0.080638 ,  -0.129522, 0.005827 
  -0.079783 ,  -0.134364, 0.006871 
  -0.078865 ,  -0.138718, 0.007215 
  -0.077883 ,  -0.142569, 0.006807 
  -0.076835 ,  -0.145904, 0.005674 
  -0.075723 ,  -0.148715, 0.003928 
  -0.074546 ,  -0.150996, 0.001753 
  -0.073304 ,  -0.152743, -0.000611 
  -0.071997 ,  -0.153956, -0.002900 
  -0.070625 ,  -0.154638, -0.004857 
  -0.069189 ,  -0.154795, -0.006268 
  -0.067689 ,  -0.154434, -0.006989 
  -0.066126 ,  -0.153568, -0.006966 
  -0.064500 ,  -0.152209, -0.006243 
  -0.062811 ,  -0.150375, -0.004957 
  -0.061062 ,  -0.148085, -0.003312 
  -0.059252 ,  -0.145359, -0.001558 
  -0.057382 ,  -0.142220, 0.000055 
  -0.055455 ,  -0.138694, 0.001307 
  -0.053470 ,  -0.134806, 0.002045 
  -0.051430 ,  -0.130586, 0.002205 
  -0.049335 ,  -0.126062, 0.001816 
  -0.047188 ,  -0.121265, 0.001000 
  -0.044990 ,  -0.116224, -0.000051 
  -0.042742 ,  -0.110972, -0.001107 
  -0.040447 ,  -0.105540, -0.001940 
  -0.038107 ,  -0.099958, -0.002355 
  -0.035722 ,  -0.094258, -0.002227 
  -0.033297 ,  -0.088471, -0.001521 
  -0.030832 ,  -0.082624, -0.000297 
  -0.028330 ,  -0.076748, 0.001299 
  -0.025793 ,  -0.070869, 0.003060 
  -0.023225 ,  -0.065012, 0.004752 
  -0.020626 ,  -0.059202, 0.006150 
  -0.018001 ,  -0.053460, 0.007077 
  -0.015351 ,  -0.047807, 0.007433 
  -0.012679 ,  -0.042260, 0.007210 
  -0.009989 ,  -0.036836, 0.006490 
  -0.007282 ,  -0.031548, 0.005429 
  -0.004562 ,  -0.026408, 0.004228 
  -0.001832 ,  -0.021423, 0.003089 
  0.000906 ,  -0.016601, 0.002180 
  0.003648 ,  -0.011946, 0.001595 
  0.006391 ,  -0.007460, 0.001333 
  0.009132 ,  -0.003143, 0.001292 
  0.011868 ,  0.001007, 0.001282 
  0.014596 ,  0.004995, 0.001061 
  0.017312 ,  0.008826, 0.000372 
  0.020014 ,  0.012507, -0.000993 
  0.022699 ,  0.016048, -0.003152 
  0.025362 ,  0.019459, -0.006084 
  0.028002 ,  0.022750, -0.009615 
  0.030614 ,  0.025934, -0.013414 
  0.033196 ,  0.029023, -0.017029 
  0.035744 ,  0.032031, -0.019930 
  0.038256 ,  0.034969, -0.021586 
  0.040727 ,  0.037851, -0.021540 
  0.043157 ,  0.040689, -0.019486 
  0.045540 ,  0.043495, -0.015328 
  0.047874 ,  0.046280, -0.009219 
  0.050157 ,  0.049055, -0.001565 
  0.052385 ,  0.051827, 0.007005 
  0.054556 ,  0.054606, 0.015699 
  0.056667 ,  0.057396, 0.023650 
  0.058715 ,  0.060202, 0.030017 
  0.060697 ,  0.063027, 0.034088 
  0.062612 ,  0.065872, 0.035373 
  0.064456 ,  0.068736, 0.033667 
  0.066227 ,  0.071616, 0.029084 
  0.067924 ,  0.074507, 0.022047 
  0.069543 ,  0.077404, 0.013244 
  0.071083 ,  0.080296, 0.003545 
  0.072542 ,  0.083175, -0.006099 
  0.073918 ,  0.086027, -0.014770 
  0.075209 ,  0.088840, -0.021690 
  0.076414 ,  0.091599, -0.026307 
  0.077531 ,  0.094288, -0.028350 
  0.078558 ,  0.096889, -0.027854 
  0.079495 ,  0.099383, -0.025132 
  0.080340 ,  0.101753, -0.020724 
  0.081093 ,  0.103979, -0.015312 
  0.081752 ,  0.106041, -0.009624 
  0.082317 ,  0.107919, -0.004332 
  0.082787 ,  0.109595, 0.000028 
  0.083161 ,  0.111048, 0.003120 
  0.083440 ,  0.112261, 0.004834 
  0.083623 ,  0.113215, 0.005287 
  0.083710 ,  0.113896, 0.004776 
  0.083702 ,  0.114286, 0.003724 
  0.083597 ,  0.114373, 0.002596 
  0.083398 ,  0.114145, 0.001822 
  0.083104 ,  0.113591, 0.001729 
  0.082715 ,  0.112702, 0.002487 
  0.082234 ,  0.111474, 0.004088 
  0.081660 ,  0.109901, 0.006355 
  0.080995 ,  0.107982, 0.008969 
  0.080241 ,  0.105717, 0.011532 
  0.079397 ,  0.103109, 0.013627 
  0.078467 ,  0.100162, 0.014888 
  0.077451 ,  0.096884, 0.015058 
  0.076352 ,  0.093284, 0.014029 
  0.075171 ,  0.089373, 0.011857 
  0.073910 ,  0.085166, 0.008750 
  0.072572 ,  0.080677, 0.005037 
  0.071158 ,  0.075923, 0.001115 
  0.069672 ,  0.070924, -0.002610 
  0.068115 ,  0.065699, -0.005785 
  0.066490 ,  0.060271, -0.008159 
  0.064801 ,  0.054660, -0.009614 
  0.063049 ,  0.048892, -0.010174 
  0.061238 ,  0.042991, -0.009995 
  0.059370 ,  0.036979, -0.009329 
  0.057450 ,  0.030884, -0.008474 
  0.055480 ,  0.024729, -0.007722 
  0.053463 ,  0.018539, -0.007307 
  0.051402 ,  0.012338, -0.007361 
  0.049302 ,  0.006151, -0.007891 
  0.047166 ,  -0.000000, -0.008780 
  0.044996 ,  -0.006092, -0.009799 
  0.042798 ,  -0.012105, -0.010651 
  0.040574 ,  -0.018017, -0.011017 
  0.038328 ,  -0.023810, -0.010610 
  0.036064 ,  -0.029467, -0.009230 
  0.033785 ,  -0.034972, -0.006797 
  0.031496 ,  -0.040309, -0.003376 
  0.029201 ,  -0.045466, 0.000825 
  0.026902 ,  -0.050432, 0.005475 
  0.024604 ,  -0.055196, 0.010160 
  0.022311 ,  -0.059750, 0.014435 
  0.020026 ,  -0.064087, 0.017877 
  0.017754 ,  -0.068200, 0.020145 
  0.015498 ,  -0.072086, 0.021017 
  0.013262 ,  -0.075742, 0.020419 
  0.011049 ,  -0.079166, 0.018432 
  0.008863 ,  -0.082356, 0.015279 
  0.006709 ,  -0.085313, 0.011291 
  0.004588 ,  -0.088037, 0.006866 
  0.002506 ,  -0.090530, 0.002417 
  0.000466 ,  -0.092795, -0.001679 
  -0.001530 ,  -0.094832, -0.005119 
  -0.003477 ,  -0.096645, -0.007710 
  -0.005373 ,  -0.098238, -0.009377 
  -0.007214 ,  -0.099612, -0.010161 
  -0.008998 ,  -0.100770, -0.010198 
  -0.010720 ,  -0.101716, -0.009692 
  -0.012379 ,  -0.102452, -0.008870 
  -0.013972 ,  -0.102979, -0.007949 
  -0.015495 ,  -0.103301, -0.007101 
  -0.016947 ,  -0.103418, -0.006430 
  -0.018325 ,  -0.103331, -0.005959 
  -0.019626 ,  -0.103041, -0.005639 
  -0.020848 ,  -0.102548, -0.005360 
  -0.021990 ,  -0.101852, -0.004980 
  -0.023050 ,  -0.100952, -0.004358 
  -0.024025 ,  -0.099848, -0.003380 
  -0.024914 ,  -0.098538, -0.001993 
  -0.025716 ,  -0.097021, -0.000215 
  -0.026429 ,  -0.095296, 0.001851 
  -0.027051 ,  -0.093361, 0.004036 
  -0.027583 ,  -0.091215, 0.006114 
  -0.028023 ,  -0.088858, 0.007840 
  -0.028370 ,  -0.086288, 0.008983 
  -0.028623 ,  -0.083506, 0.009360 
  -0.028783 ,  -0.080513, 0.008869 
  -0.028849 ,  -0.077309, 0.007510 
  -0.028821 ,  -0.073897, 0.005392 
  -0.028699 ,  -0.070281, 0.002729 
  -0.028483 ,  -0.066464, -0.000183 
  -0.028173 ,  -0.062451, -0.003003 
  -0.027771 ,  -0.058250, -0.005382 
  -0.027276 ,  -0.053869, -0.007011 
  -0.026690 ,  -0.049316, -0.007666 
  -0.026014 ,  -0.044604, -0.007240 
  -0.025248 ,  -0.039743, -0.005765 
  -0.024395 ,  -0.034748, -0.003416 
  -0.023455 ,  -0.029634, -0.000493 
  -0.022430 ,  -0.024417, 0.002607 
  -0.021323 ,  -0.019116, 0.005442 
  -0.020134 ,  -0.013749, 0.007581 
  -0.018866 ,  -0.008336, 0.008659 
  -0.017521 ,  -0.002899, 0.008434 
  -0.016101 ,  0.002539, 0.006825 
  -0.014609 ,  0.007956, 0.003935 
  -0.013048 ,  0.013329, 0.000050 
  -0.011420 ,  0.018632, -0.004388 
  -0.009727 ,  0.023841, -0.008824 
  -0.007974 ,  0.028932, -0.012659 
  -0.006162 ,  0.033881, -0.015324 
  -0.004296 ,  0.038662, -0.016351 
  -0.002377 ,  0.043253, -0.015445 
  -0.000411 ,  0.047631, -0.012529 
  0.001601 ,  0.051773, -0.007770 
  0.003655 ,  0.055658, -0.001570 
  0.005746 ,  0.059267, 0.005467 
  0.007871 ,  0.062582, 0.012601 
  0.010028 ,  0.065587, 0.019035 
  0.012211 ,  0.068266, 0.024014 
  0.014417 ,  0.070607, 0.026914 
  0.016643 ,  0.072600, 0.027320 
  0.018883 ,  0.074235, 0.025088 
  0.021136 ,  0.075508, 0.020362 
  0.023395 ,  0.076413, 0.013570 
  0.025658 ,  0.076951, 0.005376 
  0.027921 ,  0.077122, -0.003395 
  0.030179 ,  0.076930, -0.011850 
  0.032429 ,  0.076380, -0.019138 
  0.034666 ,  0.075482, -0.024542 
  0.036888 ,  0.074246, -0.027570 
  0.039088 ,  0.072686, -0.028002 
  0.041265 ,  0.070816, -0.025918 
  0.043413 ,  0.068653, -0.021676 
  0.045530 ,  0.066217, -0.015862 
  0.047611 ,  0.063529, -0.009214 
  0.049653 ,  0.060611, -0.002520 
  0.051652 ,  0.057487, 0.003475 
  0.053604 ,  0.054182, 0.008164 
  0.055506 ,  0.050721, 0.011143 
  0.057354 ,  0.047132, 0.012258 
  0.059146 ,  0.043441, 0.011602 
  0.060877 ,  0.039677, 0.009493 
  0.062545 ,  0.035865, 0.006416 
  0.064147 ,  0.032035, 0.002947 
  0.065680 ,  0.028213, -0.000333 
  0.067140 ,  0.024425, -0.002916 
  0.068525 ,  0.020697, -0.004433 
  0.069834 ,  0.017054, -0.004697 
  0.071062 ,  0.013519, -0.003715 
  0.072208 ,  0.010115, -0.001676 
  0.073269 ,  0.006863, 0.001091 
  0.074244 ,  0.003781, 0.004178 
  0.075130 ,  0.000886, 0.007155 
  0.075927 ,  -0.001805, 0.009642 
  0.076631 ,  -0.004279, 0.011356 
  0.077242 ,  -0.006524, 0.012141 
  0.077759 ,  -0.008532, 0.011985 
  0.078180 ,  -0.010295, 0.011000 
  0.078504 ,  -0.011807, 0.009392 
  0.078731 ,  -0.013065, 0.007418 
  0.078859 ,  -0.014069, 0.005337 
  0.078888 ,  -0.014819, 0.003364 
  0.078819 ,  -0.015317, 0.001640 
  0.078650 ,  -0.015570, 0.000217 
  0.078381 ,  -0.015583, -0.000943 
  0.078014 ,  -0.015365, -0.001946 
  0.077548 ,  -0.014925, -0.002930 
  0.076983 ,  -0.014276, -0.004032 
  0.076321 ,  -0.013430, -0.005349 
  0.075561 ,  -0.012400, -0.006910 
  0.074706 ,  -0.011202, -0.008661 
  0.073756 ,  -0.009851, -0.010472 
  0.072712 ,  -0.008365, -0.012151 
  0.071576 ,  -0.006760, -0.013482 
  0.070350 ,  -0.005054, -0.014262 
  0.069034 ,  -0.003264, -0.014338 
  0.067632 ,  -0.001410, -0.013640 
  0.066145 ,  0.000492, -0.012201 
  0.064576 ,  0.002423, -0.010152 
  0.062926 ,  0.004366, -0.007707 
  0.061198 ,  0.006305, -0.005130 
  0.059395 ,  0.008221, -0.002689 
  0.057519 ,  0.010100, -0.000612 
  0.055573 ,  0.011926, 0.000955 
  0.053560 ,  0.013685, 0.001971 
  0.051484 ,  0.015364, 0.002515 
  0.049347 ,  0.016950, 0.002767 
  0.047152 ,  0.018432, 0.002978 
  0.044903 ,  0.019799, 0.003429 
  0.042604 ,  0.021044, 0.004370 
  0.040258 ,  0.022157, 0.005971 
  0.037867 ,  0.023132, 0.008285 
  0.035437 ,  0.023963, 0.011217 
  0.032971 ,  0.024646, 0.014534 
  0.030472 ,  0.025177, 0.017883 
  0.027945 ,  0.025555, 0.020840 
  0.025393 ,  0.025778, 0.022969 
  0.022820 ,  0.025845, 0.023886 
  0.020231 ,  0.025759, 0.023326 
  0.017628 ,  0.025521, 0.021180 
  0.015016 ,  0.025134, 0.017525 
  0.012400 ,  0.024601, 0.012614 
  0.009782 ,  0.023927, 0.006853 
  0.007168 ,  0.023116, 0.000738 
  0.004560 ,  0.022175, -0.005203 
  0.001963 ,  0.021110, -0.010490 
  -0.000618 ,  0.019927, -0.014752 
  -0.003181 ,  0.018634, -0.017776 
  -0.005722 ,  0.017238, -0.019529 
  -0.008236 ,  0.015746, -0.020152 
  -0.010720 ,  0.014167, -0.019926 
  -0.013170 ,  0.012508, -0.019213 
  -0.015583 ,  0.010778, -0.018394 
  -0.017954 ,  0.008985, -0.017790 
  -0.020281 ,  0.007137, -0.017605 
  -0.022560 ,  0.005240, -0.017882 
  -0.024788 ,  0.003304, -0.018493 
  -0.026961 ,  0.001336, -0.019155 
  -0.029077 ,  -0.000658, -0.019474 
  -0.031132 ,  -0.002671, -0.019011 
  -0.033124 ,  -0.004695, -0.017362 
  -0.035049 ,  -0.006726, -0.014232 
  -0.036906 ,  -0.008756, -0.009503 
  -0.038691 ,  -0.010781, -0.003266 
  -0.040403 ,  -0.012796, 0.004161 
  -0.042038 ,  -0.014796, 0.012268 
  -0.043595 ,  -0.016778, 0.020398 
  -0.045072 ,  -0.018736, 0.027833 
  -0.046467 ,  -0.020669, 0.033876 
  -0.047779 ,  -0.022574, 0.037946 
  -0.049005 ,  -0.024446, 0.039648 
  -0.050145 ,  -0.026286, 0.038824 
  -0.051197 ,  -0.028089, 0.035574 
  -0.052160 ,  -0.029856, 0.030238 
  -0.053034 ,  -0.031584, 0.023350 
  -0.053817 ,  -0.033272, 0.015571 
  -0.054509 ,  -0.034920, 0.007602 
  -0.055110 ,  -0.036526, 0.000098 
  -0.055619 ,  -0.038089, -0.006398 
  -0.056036 ,  -0.039608, -0.011520 
  -0.056362 ,  -0.041083, -0.015095 
  -0.056597 ,  -0.042513, -0.017146 
  -0.056740 ,  -0.043897, -0.017862 
  -0.056794 ,  -0.045233, -0.017546 
  -0.056758 ,  -0.046519, -0.016555 
  -0.056634 ,  -0.047755, -0.015241 
  -0.056422 ,  -0.048938, -0.013891 
  -0.056124 ,  -0.050066, -0.012698 
  -0.055741 ,  -0.051136, -0.011740 
  -0.055275 ,  -0.052145, -0.010989 
  -0.054727 ,  -0.053091, -0.010337 
  -0.054100 ,  -0.053968, -0.009634 
  -0.053395 ,  -0.054773, -0.008727 
  -0.052615 ,  -0.055501, -0.007509 
  -0.051762 ,  -0.056148, -0.005940 
  -0.050838 ,  -0.056708, -0.004062 
  -0.049845 ,  -0.057175, -0.001998 
  -0.048788 ,  -0.057543, 0.000072 
  -0.047667 ,  -0.057806, 0.001940 
  -0.046487 ,  -0.057957, 0.003417 
  -0.045250 ,  -0.057991, 0.004357 
  -0.043960 ,  -0.057899, 0.004699 
  -0.042619 ,  -0.057675, 0.004468 
  -0.041231 ,  -0.057313, 0.003784 
  -0.039799 ,  -0.056805, 0.002836 
  -0.038327 ,  -0.056145, 0.001853 
  -0.036819 ,  -0.055328, 0.001065 
  -0.035278 ,  -0.054346, 0.000664 
  -0.033707 ,  -0.053194, 0.000772 
  -0.032112 ,  -0.051868, 0.001421 
  -0.030494 ,  -0.050363, 0.002545 
  -0.028859 ,  -0.048676, 0.003997 
  -0.027209 ,  -0.046804, 0.005573 
  -0.025550 ,  -0.044746, 0.007049 
  -0.023885 ,  -0.042500, 0.008216 
  -0.022217 ,  -0.040066, 0.008919 
  -0.020552 ,  -0.037447, 0.009080 
  -0.018892 ,  -0.034644, 0.008707 
  -0.017241 ,  -0.031661, 0.007888 
  -0.015605 ,  -0.028503, 0.006774 
  -0.013986 ,  -0.025177, 0.005539 
  -0.012388 ,  -0.021690, 0.004352 
  -0.010816 ,  -0.018051, 0.003338 
  -0.009272 ,  -0.014270, 0.002554 
  -0.007762 ,  -0.010358, 0.001979 
  -0.006288 ,  -0.006329, 0.001515 
  -0.004854 ,  -0.002195, 0.001015 
  -0.003463 ,  0.002028, 0.000307 
  -0.002120 ,  0.006324, -0.000756 
  -0.000827 ,  0.010677, -0.002266 
  0.000412 ,  0.015068, -0.004226 
  0.001593 ,  0.019481, -0.006534 
  0.002715 ,  0.023894, -0.008989 
  0.003774 ,  0.028290, -0.011312 
  0.004767 ,  0.032649, -0.013188 
  0.005691 ,  0.036950, -0.014311 
  0.006543 ,  0.041174, -0.014443 
  0.007322 ,  0.045302, -0.013454 
  0.008025 ,  0.049313, -0.011361 
  0.008649 ,  0.053190, -0.008332 
  0.009192 ,  0.056915, -0.004675 
  0.009653 ,  0.060469, -0.000804 
  0.010030 ,  0.063837, 0.002818 
  0.010321 ,  0.067003, 0.005744 
  0.010525 ,  0.069954, 0.007611 
  0.010640 ,  0.072677, 0.008193 
  0.010665 ,  0.075160, 0.007444 
  0.010600 ,  0.077395, 0.005506 
  0.010443 ,  0.079374, 0.002696 
  0.010194 ,  0.081089, -0.000535 
  0.009852 ,  0.082538, -0.003667 
  0.009417 ,  0.083718, -0.006183 
  0.008889 ,  0.084627, -0.007644 
  0.008269 ,  0.085267, -0.007758 
  0.007556 ,  0.085641, -0.006416 
  0.006750 ,  0.085753, -0.003717 
  0.005853 ,  0.085610, 0.000048 
  0.004865 ,  0.085220, 0.004437 
  0.003787 ,  0.084591, 0.008916 
  0.002621 ,  0.083735, 0.012938 
  0.001367 ,  0.082663, 0.016012 
  0.000027 ,  0.081390, 0.017775 
  -0.001397 ,  0.079927, 0.018037 
  -0.002903 ,  0.078291, 0.016800 
  -0.004490 ,  0.076496, 0.014251 
  -0.006156 ,  0.074558, 0.010729 
  -0.007897 ,  0.072494, 0.006671 
  -0.009712 ,  0.070318, 0.002545 
  -0.011597 ,  0.068047, -0.001219 
  -0.013551 ,  0.065695, -0.004282 
  -0.015570 ,  0.063279, -0.006441 
  -0.017651 ,  0.060811, -0.007643 
  -0.019791 ,  0.058305, -0.007982 
  -0.021987 ,  0.055774, -0.007669 
  -0.024235 ,  0.053228, -0.006982 
  -0.026531 ,  0.050677, -0.006220 
  -0.028873 ,  0.048130, -0.005645 
  -0.031255 ,  0.045594, -0.005439 
  -0.033675 ,  0.043074, -0.005680 
  -0.036128 ,  0.040574, -0.006333 
  -0.038610 ,  0.038097, -0.007262 
  -0.041118 ,  0.035643, -0.008262 
  -0.043646 ,  0.033213, -0.009098 
  -0.046190 ,  0.030804, -0.009553 
  -0.048747 ,  0.028412, -0.009464 
  -0.051311 ,  0.026034, -0.008755 
  -0.053879 ,  0.023662, -0.007445 
  -0.056445 ,  0.021291, -0.005648 
  -0.059006 ,  0.018912, -0.003546 
  -0.061556 ,  0.016517, -0.001362 
  -0.064091 ,  0.014096, 0.000685 
  -0.066606 ,  0.011642, 0.002416 
  -0.069097 ,  0.009143, 0.003722 
  -0.071560 ,  0.006590, 0.004579 
  -0.073989 ,  0.003975, 0.005050 
  -0.076380 ,  0.001288, 0.005269 
  -0.078729 ,  -0.001478, 0.005412 
  -0.081030 ,  -0.004332, 0.005656 
  -0.083280 ,  -0.007279, 0.006148 
  -0.085475 ,  -0.010324, 0.006965 
  -0.087609 ,  -0.013471, 0.008100 
  -0.089679 ,  -0.016722, 0.009452 
  -0.091680 ,  -0.020078, 0.010840 
  -0.093608 ,  -0.023537, 0.012030 
  -0.095459 ,  -0.027097, 0.012771 
  -0.097230 ,  -0.030752, 0.012840 
  -0.098915 ,  -0.034496, 0.012075 
  -0.100513 ,  -0.038320, 0.010413 
  -0.102018 ,  -0.042213, 0.007900 
  -0.103428 ,  -0.046163, 0.004694 
  -0.104739 ,  -0.050155, 0.001041 
  -0.105947 ,  -0.054174, -0.002751 
  -0.107050 ,  -0.058201, -0.006358 
  -0.108046 ,  -0.062219, -0.009481 
  -0.108930 ,  -0.066206, -0.011888 
  -0.109700 ,  -0.070142, -0.013438 
  -0.110354 ,  -0.074004, -0.014099 
  -0.110889 ,  -0.077769, -0.013940 
  -0.111304 ,  -0.081414, -0.013114 
  -0.111595 ,  -0.084916, -0.011828 
  -0.111763 ,  -0.088252, -0.010303 
  -0.111804 ,  -0.091397, -0.008737 
  -0.111717 ,  -0.094330, -0.007275 
  -0.111501 ,  -0.097030, -0.005990 
  -0.111155 ,  -0.099474, -0.004878 
  -0.110678 ,  -0.101645, -0.003867 
  -0.110070 ,  -0.103524, -0.002842 
  -0.109329 ,  -0.105094, -0.001679 
  -0.108456 ,  -0.106343, -0.000274 
  -0.107450 ,  -0.107257, 0.001422 
  -0.106311 ,  -0.107827, 0.003388 
  -0.105041 ,  -0.108044, 0.005518 
  -0.103638 ,  -0.107904, 0.007638 
  -0.102104 ,  -0.107404, 0.009524 
  -0.100440 ,  -0.106544, 0.010937 
  -0.098646 ,  -0.105325, 0.011662 
  -0.096725 ,  -0.103753, 0.011549 
  -0.094677 ,  -0.101835, 0.010538 
  -0.092504 ,  -0.099580, 0.008683 
  -0.090209 ,  -0.097000, 0.006147 
  -0.087792 ,  -0.094109, 0.003192 
  -0.085256 ,  -0.090923, 0.000145 
  -0.082604 ,  -0.087459, -0.002646 
  -0.079838 ,  -0.083737, -0.004856 
  -0.076961 ,  -0.079778, -0.006229 
  -0.073976 ,  -0.075602, -0.006616 
  -0.070885 ,  -0.071232, -0.005994 
  -0.067693 ,  -0.066693, -0.004473 
  -0.064403 ,  -0.062006, -0.002282 
  -0.061017 ,  -0.057197, 0.000261 
  -0.057541 ,  -0.052287, 0.002793 
  -0.053977 ,  -0.047302, 0.004954 
  -0.050330 ,  -0.042262, 0.006433 
  -0.046604 ,  -0.037189, 0.007013 
  -0.042803 ,  -0.032105, 0.006595 
  -0.038931 ,  -0.027028, 0.005215 
  -0.034994 ,  -0.021975, 0.003035 
  -0.030995 ,  -0.016964, 0.000326 
  -0.026939 ,  -0.012008, -0.002574 
  -0.022831 ,  -0.007121, -0.005295 
  -0.018676 ,  -0.002312, -0.007489 
  -0.014480 ,  0.002410, -0.008867 
  -0.010246 ,  0.007037, -0.009241 
  -0.005980 ,  0.011565, -0.008540 
  -0.001688 ,  0.015990, -0.006828 
  0.002627 ,  0.020312, -0.004290 
  0.006957 ,  0.024531, -0.001218 
  0.011299 ,  0.028648, 0.002021 
  0.015646 ,  0.032668, 0.005026 
  0.019994 ,  0.036595, 0.007402 
  0.024336 ,  0.040434, 0.008805 
  0.028669 ,  0.044191, 0.008977 
  0.032986 ,  0.047873, 0.007781 
  0.037282 ,  0.051489, 0.005218 
  0.041552 ,  0.055043, 0.001438 
  0.045790 ,  0.058545, -0.003270 
  0.049992 ,  0.061999, -0.008490 
  0.054152 ,  0.065413, -0.013718 
  0.058265 ,  0.068790, -0.018400 
  0.062326 ,  0.072136, -0.021983 
  0.066329 ,  0.075451, -0.023972 
  0.070271 ,  0.078737, -0.023978 
  0.074146 ,  0.081993, -0.021773 
  0.077949 ,  0.085217, -0.017320 
  0.081676 ,  0.088403, -0.010796 
  0.085322 ,  0.091546, -0.002593 
  0.088882 ,  0.094636, 0.006709 
  0.092353 ,  0.097662, 0.016380 
  0.095731 ,  0.100611, 0.025608 
  0.099010 ,  0.103469, 0.033573 
  0.102187 ,  0.106219, 0.039528 
  0.105258 ,  0.108841, 0.042885 
  0.108221 ,  0.111317, 0.043276 
  0.111070 ,  0.113622, 0.040606 
  0.113803 ,  0.115736, 0.035063 
  0.116416 ,  0.117633, 0.027114 
  0.118907 ,  0.119289, 0.017453 
  0.121273 ,  0.120678, 0.006931 
  0.123511 ,  0.121776, -0.003536 
  0.125618 ,  0.122556, -0.013070 
  0.127592 ,  0.122995, -0.020929 
  0.129432 ,  0.123069, -0.026586 
  0.131134 ,  0.122755, -0.029788 
  0.132697 ,  0.122032, -0.030572 
  0.134121 ,  0.120882, -0.029248 
  0.135402 ,  0.119286, -0.026348 
  0.136541 ,  0.117231, -0.022542 
  0.137535 ,  0.114705, -0.018542 
  0.138386 ,  0.111700, -0.014994 
  0.139090 ,  0.108210, -0.012391 
  0.139649 ,  0.104234, -0.011005 
  0.140063 ,  0.099773, -0.010848 
  0.140330 ,  0.094833, -0.011685 
  0.140451 ,  0.089424, -0.013070 
  0.140428 ,  0.083558, -0.014426 
  0.140259 ,  0.077254, -0.015137 
  0.139947 ,  0.070532, -0.014656 
  0.139492 ,  0.063418, -0.012591 
  0.138895 ,  0.055940, -0.008782 
  0.138158 ,  0.048130, -0.003332 
  0.137282 ,  0.040025, 0.003398 
  0.136269 ,  0.031662, 0.010830 
  0.135120 ,  0.023083, 0.018249 
  0.133839 ,  0.014332, 0.024907 
  0.132427 ,  0.005454, 0.030124 
  0.130886 ,  -0.003502, 0.033391 
  0.129220 ,  -0.012487, 0.034444 
  0.127430 ,  -0.021451, 0.033299 
  0.125521 ,  -0.030345, 0.030249 
  0.123494 ,  -0.039116, 0.025818 
  0.121354 ,  -0.047716, 0.020680 
  0.119103 ,  -0.056094, 0.015551 
  0.116746 ,  -0.064203, 0.011080 
  0.114285 ,  -0.071996, 0.007746 
  0.111725 ,  -0.079429, 0.005783 
  0.109069 ,  -0.086460, 0.005139 
  0.106321 ,  -0.093050, 0.005489 
  0.103486 ,  -0.099163, 0.006280 
  0.100568 ,  -0.104767, 0.006826 
  0.097570 ,  -0.109834, 0.006421 
  0.094498 ,  -0.114340, 0.004455 
  0.091356 ,  -0.118264, 0.000530 
  0.088148 ,  -0.121591, -0.005457 
  0.084879 ,  -0.124309, -0.013278 
  0.081553 ,  -0.126412, -0.022375 
  0.078176 ,  -0.127899, -0.031919 
  0.074752 ,  -0.128771, -0.040909 
  0.071285 ,  -0.129036, -0.048294 
  0.067782 ,  -0.128705, -0.053114 
  0.064245 ,  -0.127795, -0.054628 
  0.060682 ,  -0.126324, -0.052419 
  0.057095 ,  -0.124317, -0.046459 
  0.053490 ,  -0.121801, -0.037116 
  0.049873 ,  -0.118806, -0.025122 
  0.046247 ,  -0.115365, -0.011489 
