   32m__36m 
  -0.043931 ,  -0.062067, -0.002096 
  -0.041824 ,  -0.070858, -0.016589 
  -0.039628 ,  -0.079491, -0.029702 
  -0.037344 ,  -0.087906, -0.040377 
  -0.034975 ,  -0.096040, -0.047828 
  -0.032523 ,  -0.103832, -0.051620 
  -0.029988 ,  -0.111223, -0.051704 
  -0.027375 ,  -0.118155, -0.048397 
  -0.024685 ,  -0.124574, -0.042329 
  -0.021920 ,  -0.130429, -0.034339 
  -0.019083 ,  -0.135671, -0.025365 
  -0.016177 ,  -0.140258, -0.016319 
  -0.013205 ,  -0.144151, -0.007983 
  -0.010170 ,  -0.147315, -0.000922 
  -0.007075 ,  -0.149725, 0.004556 
  -0.003923 ,  -0.151357, 0.008408 
  -0.000717 ,  -0.152196, 0.010820 
  0.002538 ,  -0.152232, 0.012143 
  0.005840 ,  -0.151465, 0.012809 
  0.009185 ,  -0.149896, 0.013246 
  0.012569 ,  -0.147537, 0.013797 
  0.015988 ,  -0.144406, 0.014663 
  0.019438 ,  -0.140526, 0.015879 
  0.022915 ,  -0.135927, 0.017316 
  0.026415 ,  -0.130645, 0.018715 
  0.029934 ,  -0.124722, 0.019747 
  0.033467 ,  -0.118205, 0.020076 
  0.037011 ,  -0.111145, 0.019434 
  0.040561 ,  -0.103598, 0.017669 
  0.044112 ,  -0.095625, 0.014786 
  0.047661 ,  -0.087287, 0.010949 
  0.051202 ,  -0.078651, 0.006466 
  0.054731 ,  -0.069782, 0.001740 
  0.058243 ,  -0.060751, -0.002783 
  0.061734 ,  -0.051624, -0.006687 
  0.065200 ,  -0.042472, -0.009641 
  0.068636 ,  -0.033361, -0.011443 
  0.072036 ,  -0.024358, -0.012049 
  0.075398 ,  -0.015526, -0.011566 
  0.078715 ,  -0.006926, -0.010228 
  0.081984 ,  0.001383, -0.008355 
  0.085200 ,  0.009349, -0.006296 
  0.088358 ,  0.016923, -0.004374 
  0.091454 ,  0.024059, -0.002839 
  0.094485 ,  0.030720, -0.001840 
  0.097444 ,  0.036872, -0.001409 
  0.100329 ,  0.042488, -0.001476 
  0.103135 ,  0.047546, -0.001896 
  0.105857 ,  0.052032, -0.002486 
  0.108492 ,  0.055936, -0.003074 
  0.111037 ,  0.059256, -0.003528 
  0.113486 ,  0.061995, -0.003789 
  0.115836 ,  0.064163, -0.003874 
  0.118084 ,  0.065773, -0.003863 
  0.120225 ,  0.066847, -0.003875 
  0.122258 ,  0.067409, -0.004026 
  0.124177 ,  0.067490, -0.004391 
  0.125981 ,  0.067124, -0.004970 
  0.127666 ,  0.066347, -0.005670 
  0.129229 ,  0.065200, -0.006305 
  0.130668 ,  0.063727, -0.006625 
  0.131979 ,  0.061973, -0.006351 
  0.133161 ,  0.059983, -0.005239 
  0.134211 ,  0.057805, -0.003135 
  0.135126 ,  0.055486, -0.000028 
  0.135907 ,  0.053071, 0.003920 
  0.136549 ,  0.050608, 0.008370 
  0.137052 ,  0.048139, 0.012830 
  0.137414 ,  0.045705, 0.016713 
  0.137634 ,  0.043347, 0.019420 
  0.137712 ,  0.041099, 0.020435 
  0.137645 ,  0.038995, 0.019413 
  0.137434 ,  0.037063, 0.016259 
  0.137078 ,  0.035326, 0.011174 
  0.136577 ,  0.033807, 0.004654 
  0.135930 ,  0.032520, -0.002550 
  0.135138 ,  0.031476, -0.009514 
  0.134201 ,  0.030682, -0.015265 
  0.133120 ,  0.030141, -0.018913 
  0.131894 ,  0.029850, -0.019790 
  0.130526 ,  0.029802, -0.017563 
  0.129017 ,  0.029986, -0.012305 
  0.127367 ,  0.030389, -0.004522 
  0.125578 ,  0.030991, 0.004892 
  0.123651 ,  0.031772, 0.014747 
  0.121590 ,  0.032708, 0.023706 
  0.119395 ,  0.033773, 0.030460 
  0.117070 ,  0.034938, 0.033901 
  0.114616 ,  0.036174, 0.033292 
  0.112036 ,  0.037450, 0.028379 
  0.109334 ,  0.038736, 0.019455 
  0.106511 ,  0.040001, 0.007340 
  0.103573 ,  0.041215, -0.006696 
  0.100521 ,  0.042347, -0.021091 
  0.097359 ,  0.043370, -0.034175 
  0.094091 ,  0.044259, -0.044387 
  0.090722 ,  0.044988, -0.050478 
  0.087254 ,  0.045537, -0.051676 
  0.083693 ,  0.045888, -0.047795 
  0.080043 ,  0.046023, -0.039264 
  0.076307 ,  0.045932, -0.027082 
  0.072492 ,  0.045606, -0.012690 
  0.068601 ,  0.045038, 0.002207 
  0.064640 ,  0.044227, 0.015863 
  0.060613 ,  0.043176, 0.026712 
  0.056526 ,  0.041888, 0.033569 
  0.052384 ,  0.040372, 0.035779 
  0.048192 ,  0.038640, 0.033297 
  0.043956 ,  0.036706, 0.026686 
  0.039681 ,  0.034588, 0.017038 
  0.035373 ,  0.032304, 0.005818 
  0.031037 ,  0.029877, -0.005328 
  0.026679 ,  0.027329, -0.014795 
  0.022306 ,  0.024685, -0.021232 
  0.017922 ,  0.021970, -0.023714 
  0.013534 ,  0.019210, -0.021859 
  0.009147 ,  0.016432, -0.015872 
  0.004767 ,  0.013660, -0.006510 
  0.000401 ,  0.010920, 0.005027 
  -0.003945 ,  0.008236, 0.017252 
  -0.008267 ,  0.005630, 0.028595 
  -0.012558 ,  0.003123, 0.037600 
  -0.016811 ,  0.000733, 0.043111 
  -0.021022 ,  -0.001524, 0.044409 
  -0.025185 ,  -0.003633, 0.041296 
  -0.029293 ,  -0.005583, 0.034102 
  -0.033341 ,  -0.007368, 0.023635 
  -0.037323 ,  -0.008981, 0.011058 
  -0.041234 ,  -0.010420, -0.002258 
  -0.045069 ,  -0.011687, -0.014913 
  -0.048821 ,  -0.012786, -0.025644 
  -0.052486 ,  -0.013723, -0.033478 
  -0.056059 ,  -0.014508, -0.037824 
  -0.059534 ,  -0.015153, -0.038529 
  -0.062906 ,  -0.015672, -0.035865 
  -0.066171 ,  -0.016081, -0.030469 
  -0.069324 ,  -0.016400, -0.023240 
  -0.072361 ,  -0.016647, -0.015210 
  -0.075277 ,  -0.016843, -0.007409 
  -0.078067 ,  -0.017009, -0.000734 
  -0.080729 ,  -0.017167, 0.004146 
  -0.083257 ,  -0.017339, 0.006860 
  -0.085649 ,  -0.017545, 0.007352 
  -0.087900 ,  -0.017807, 0.005867 
  -0.090008 ,  -0.018143, 0.002891 
  -0.091969 ,  -0.018572, -0.000929 
  -0.093781 ,  -0.019108, -0.004879 
  -0.095441 ,  -0.019767, -0.008275 
  -0.096946 ,  -0.020559, -0.010549 
  -0.098294 ,  -0.021494, -0.011309 
  -0.099483 ,  -0.022577, -0.010380 
  -0.100511 ,  -0.023813, -0.007807 
  -0.101376 ,  -0.025200, -0.003840 
  -0.102078 ,  -0.026738, 0.001110 
  -0.102615 ,  -0.028419, 0.006525 
  -0.102987 ,  -0.030235, 0.011848 
  -0.103192 ,  -0.032176, 0.016539 
  -0.103230 ,  -0.034225, 0.020140 
  -0.103101 ,  -0.036367, 0.022309 
  -0.102805 ,  -0.038582, 0.022851 
  -0.102343 ,  -0.040849, 0.021732 
  -0.101715 ,  -0.043146, 0.019071 
  -0.100922 ,  -0.045446, 0.015122 
  -0.099965 ,  -0.047726, 0.010250 
  -0.098845 ,  -0.049958, 0.004890 
  -0.097565 ,  -0.052116, -0.000485 
  -0.096125 ,  -0.054173, -0.005411 
  -0.094528 ,  -0.056103, -0.009465 
  -0.092776 ,  -0.057879, -0.012304 
  -0.090872 ,  -0.059479, -0.013692 
  -0.088819 ,  -0.060879, -0.013519 
  -0.086619 ,  -0.062058, -0.011815 
  -0.084276 ,  -0.062996, -0.008751 
  -0.081793 ,  -0.063678, -0.004627 
  -0.079174 ,  -0.064090, 0.000151 
  -0.076423 ,  -0.064221, 0.005103 
  -0.073545 ,  -0.064062, 0.009719 
  -0.070542 ,  -0.063609, 0.013505 
  -0.067421 ,  -0.062861, 0.016034 
  -0.064185 ,  -0.061819, 0.016993 
  -0.060839 ,  -0.060488, 0.016217 
  -0.057390 ,  -0.058875, 0.013714 
  -0.053841 ,  -0.056993, 0.009667 
  -0.050199 ,  -0.054855, 0.004420 
  -0.046469 ,  -0.052477, -0.001552 
  -0.042657 ,  -0.049878, -0.007700 
  -0.038769 ,  -0.047080, -0.013458 
  -0.034810 ,  -0.044105, -0.018306 
  -0.030787 ,  -0.040978, -0.021834 
  -0.026707 ,  -0.037725, -0.023784 
  -0.022576 ,  -0.034371, -0.024085 
  -0.018399 ,  -0.030943, -0.022852 
  -0.014185 ,  -0.027469, -0.020370 
  -0.009939 ,  -0.023974, -0.017050 
  -0.005669 ,  -0.020484, -0.013370 
  -0.001381 ,  -0.017024, -0.009804 
  0.002918 ,  -0.013616, -0.006756 
  0.007221 ,  -0.010281, -0.004500 
  0.011521 ,  -0.007039, -0.003139 
  0.015811 ,  -0.003906, -0.002591 
  0.020084 ,  -0.000897, -0.002607 
  0.024332 ,  0.001978, -0.002806 
  0.028549 ,  0.004709, -0.002738 
  0.032729 ,  0.007292, -0.001964 
  0.036863 ,  0.009723, -0.000127 
  0.040944 ,  0.012002, 0.002973 
  0.044967 ,  0.014134, 0.007336 
  0.048924 ,  0.016125, 0.012742 
  0.052808 ,  0.017982, 0.018759 
  0.056613 ,  0.019718, 0.024791 
  0.060332 ,  0.021346, 0.030149 
  0.063958 ,  0.022882, 0.034141 
  0.067485 ,  0.024342, 0.036167 
  0.070907 ,  0.025745, 0.035806 
  0.074218 ,  0.027110, 0.032887 
  0.077411 ,  0.028457, 0.027522 
  0.080481 ,  0.029805, 0.020112 
  0.083422 ,  0.031176, 0.011304 
  0.086228 ,  0.032586, 0.001922 
  0.088895 ,  0.034055, -0.007131 
  0.091416 ,  0.035599, -0.014983 
  0.093787 ,  0.037231, -0.020901 
  0.096003 ,  0.038965, -0.024387 
  0.098059 ,  0.040811, -0.025234 
  0.099952 ,  0.042774, -0.023557 
  0.101676 ,  0.044859, -0.019773 
  0.103228 ,  0.047067, -0.014547 
  0.104605 ,  0.049394, -0.008701 
  0.105802 ,  0.051835, -0.003107 
  0.106817 ,  0.054379, 0.001430 
  0.107646 ,  0.057013, 0.004275 
  0.108287 ,  0.059719, 0.005047 
  0.108738 ,  0.062478, 0.003664 
  0.108996 ,  0.065266, 0.000348 
  0.109060 ,  0.068055, -0.004409 
  0.108927 ,  0.070817, -0.009915 
  0.108597 ,  0.073520, -0.015378 
  0.108068 ,  0.076129, -0.020014 
  0.107340 ,  0.078609, -0.023152 
  0.106412 ,  0.080924, -0.024325 
  0.105284 ,  0.083035, -0.023328 
  0.103957 ,  0.084905, -0.020239 
  0.102430 ,  0.086496, -0.015406 
  0.100705 ,  0.087772, -0.009387 
  0.098781 ,  0.088697, -0.002876 
  0.096662 ,  0.089236, 0.003400 
  0.094348 ,  0.089359, 0.008779 
  0.091841 ,  0.089037, 0.012753 
  0.089143 ,  0.088245, 0.015030 
  0.086257 ,  0.086959, 0.015567 
  0.083186 ,  0.085164, 0.014566 
  0.079933 ,  0.082845, 0.012436 
  0.076500 ,  0.079993, 0.009728 
  0.072892 ,  0.076606, 0.007045 
  0.069113 ,  0.072684, 0.004961 
  0.065166 ,  0.068234, 0.003931 
  0.061056 ,  0.063268, 0.004231 
  0.056788 ,  0.057804, 0.005921 
  0.052367 ,  0.051864, 0.008836 
  0.047797 ,  0.045477, 0.012617 
  0.043085 ,  0.038675, 0.016760 
  0.038236 ,  0.031496, 0.020688 
  0.033255 ,  0.023982, 0.023828 
  0.028150 ,  0.016179, 0.025687 
  0.022925 ,  0.008137, 0.025912 
  0.017589 ,  -0.000090, 0.024335 
  0.012147 ,  -0.008446, 0.020984 
  0.006606 ,  -0.016874, 0.016074 
  0.000974 ,  -0.025313, 0.009972 
  -0.004743 ,  -0.033703, 0.003147 
  -0.010536 ,  -0.041983, -0.003888 
  -0.016399 ,  -0.050090, -0.010635 
  -0.022324 ,  -0.057966, -0.016665 
  -0.028302 ,  -0.065550, -0.021651 
  -0.034326 ,  -0.072786, -0.025390 
  -0.040388 ,  -0.079618, -0.027803 
  -0.046480 ,  -0.085996, -0.028921 
  -0.052593 ,  -0.091872, -0.028862 
  -0.058720 ,  -0.097202, -0.027795 
  -0.064851 ,  -0.101945, -0.025916 
  -0.070979 ,  -0.106069, -0.023420 
  -0.077096 ,  -0.109543, -0.020483 
  -0.083191 ,  -0.112345, -0.017261 
  -0.089258 ,  -0.114454, -0.013886 
  -0.095288 ,  -0.115861, -0.010477 
  -0.101271 ,  -0.116557, -0.007147 
  -0.107201 ,  -0.116543, -0.004012 
  -0.113068 ,  -0.115823, -0.001192 
  -0.118863 ,  -0.114411, 0.001199 
  -0.124580 ,  -0.112321, 0.003060 
  -0.130209 ,  -0.109577, 0.004330 
  -0.135743 ,  -0.106206, 0.005002 
  -0.141172 ,  -0.102240, 0.005139 
  -0.146491 ,  -0.097716, 0.004887 
  -0.151690 ,  -0.092675, 0.004464 
  -0.156761 ,  -0.087160, 0.004145 
  -0.161698 ,  -0.081220, 0.004224 
  -0.166493 ,  -0.074904, 0.004979 
  -0.171139 ,  -0.068265, 0.006615 
  -0.175628 ,  -0.061354, 0.009224 
  -0.179955 ,  -0.054229, 0.012753 
  -0.184111 ,  -0.046942, 0.016980 
  -0.188091 ,  -0.039549, 0.021528 
  -0.191889 ,  -0.032104, 0.025894 
  -0.195498 ,  -0.024661, 0.029500 
  -0.198912 ,  -0.017270, 0.031769 
  -0.202127 ,  -0.009982, 0.032199 
  -0.205136 ,  -0.002843, 0.030446 
  -0.207935 ,  0.004102, 0.026382 
  -0.210519 ,  0.010812, 0.020136 
  -0.212883 ,  0.017250, 0.012101 
  -0.215024 ,  0.023382, 0.002906 
  -0.216937 ,  0.029177, -0.006648 
  -0.218619 ,  0.034609, -0.015672 
  -0.220066 ,  0.039656, -0.023296 
  -0.221275 ,  0.044301, -0.028779 
  -0.222244 ,  0.048529, -0.031601 
  -0.222970 ,  0.052330, -0.031538 
  -0.223452 ,  0.055700, -0.028696 
  -0.223687 ,  0.058636, -0.023504 
  -0.223674 ,  0.061140, -0.016669 
  -0.223411 ,  0.063217, -0.009087 
  -0.222899 ,  0.064876, -0.001736 
  -0.222137 ,  0.066128, 0.004447 
  -0.221125 ,  0.066987, 0.008686 
  -0.219862 ,  0.067471, 0.010462 
  -0.218350 ,  0.067596, 0.009581 
  -0.216589 ,  0.067384, 0.006192 
  -0.214581 ,  0.066856, 0.000772 
  -0.212328 ,  0.066034, -0.005946 
  -0.209831 ,  0.064943, -0.013061 
  -0.207092 ,  0.063606, -0.019625 
  -0.204114 ,  0.062046, -0.024765 
  -0.200901 ,  0.060288, -0.027785 
  -0.197455 ,  0.058355, -0.028255 
  -0.193780 ,  0.056268, -0.026053 
  -0.189880 ,  0.054051, -0.021372 
  -0.185759 ,  0.051723, -0.014679 
  -0.181422 ,  0.049303, -0.006654 
  -0.176873 ,  0.046810, 0.001914 
  -0.172117 ,  0.044259, 0.010221 
  -0.167161 ,  0.041666, 0.017554 
  -0.162009 ,  0.039044, 0.023362 
  -0.156668 ,  0.036403, 0.027316 
  -0.151143 ,  0.033755, 0.029325 
  -0.145442 ,  0.031107, 0.029519 
  -0.139571 ,  0.028466, 0.028205 
  -0.133537 ,  0.025837, 0.025803 
  -0.127348 ,  0.023225, 0.022774 
  -0.121009 ,  0.020631, 0.019542 
  -0.114531 ,  0.018059, 0.016439 
  -0.107919 ,  0.015507, 0.013670 
  -0.101183 ,  0.012977, 0.011296 
  -0.094329 ,  0.010468, 0.009253 
  -0.087368 ,  0.007978, 0.007383 
  -0.080307 ,  0.005506, 0.005485 
  -0.073155 ,  0.003050, 0.003370 
  -0.065921 ,  0.000608, 0.000904 
  -0.058614 ,  -0.001821, -0.001951 
  -0.051242 ,  -0.004239, -0.005127 
  -0.043816 ,  -0.006647, -0.008451 
  -0.036343 ,  -0.009045, -0.011674 
  -0.028835 ,  -0.011434, -0.014511 
  -0.021299 ,  -0.013814, -0.016686 
  -0.013745 ,  -0.016184, -0.017985 
  -0.006183 ,  -0.018541, -0.018285 
  0.001378 ,  -0.020884, -0.017586 
  0.008928 ,  -0.023209, -0.016008 
  0.016458 ,  -0.025513, -0.013775 
  0.023958 ,  -0.027792, -0.011184 
  0.031420 ,  -0.030041, -0.008557 
  0.038833 ,  -0.032254, -0.006199 
  0.046188 ,  -0.034426, -0.004346 
  0.053477 ,  -0.036550, -0.003139 
  0.060689 ,  -0.038621, -0.002605 
  0.067817 ,  -0.040630, -0.002661 
  0.074850 ,  -0.042572, -0.003134 
  0.081781 ,  -0.044440, -0.003793 
  0.088600 ,  -0.046226, -0.004392 
  0.095299 ,  -0.047924, -0.004709 
  0.101870 ,  -0.049527, -0.004585 
  0.108304 ,  -0.051029, -0.003941 
  0.114594 ,  -0.052424, -0.002787 
  0.120731 ,  -0.053706, -0.001214 
  0.126708 ,  -0.054870, 0.000633 
  0.132517 ,  -0.055911, 0.002585 
  0.138152 ,  -0.056825, 0.004482 
  0.143606 ,  -0.057608, 0.006205 
  0.148871 ,  -0.058256, 0.007693 
  0.153942 ,  -0.058767, 0.008950 
  0.158811 ,  -0.059137, 0.010033 
  0.163474 ,  -0.059365, 0.011030 
  0.167925 ,  -0.059449, 0.012029 
  0.172158 ,  -0.059386, 0.013081 
  0.176168 ,  -0.059176, 0.014175 
  0.179951 ,  -0.058818, 0.015221 
  0.183502 ,  -0.058310, 0.016045 
  0.186817 ,  -0.057651, 0.016415 
  0.189892 ,  -0.056840, 0.016068 
  0.192725 ,  -0.055876, 0.014763 
  0.195311 ,  -0.054758, 0.012331 
  0.197648 ,  -0.053484, 0.008719 
  0.199734 ,  -0.052053, 0.004029 
  0.201566 ,  -0.050462, -0.001473 
  0.203144 ,  -0.048711, -0.007369 
  0.204464 ,  -0.046795, -0.013125 
  0.205527 ,  -0.044714, -0.018155 
  0.206332 ,  -0.042464, -0.021894 
  0.206879 ,  -0.040042, -0.023877 
  0.207166 ,  -0.037445, -0.023814 
  0.207196 ,  -0.034671, -0.021642 
  0.206968 ,  -0.031717, -0.017547 
  0.206484 ,  -0.028579, -0.011959 
  0.205745 ,  -0.025257, -0.005503 
  0.204753 ,  -0.021746, 0.001070 
  0.203510 ,  -0.018047, 0.006977 
  0.202019 ,  -0.014159, 0.011511 
  0.200283 ,  -0.010081, 0.014131 
  0.198303 ,  -0.005815, 0.014539 
  0.196085 ,  -0.001363, 0.012728 
  0.193632 ,  0.003271, 0.008982 
  0.190948 ,  0.008083, 0.003841 
  0.188038 ,  0.013066, -0.001968 
  0.184906 ,  0.018211, -0.007630 
  0.181557 ,  0.023509, -0.012356 
  0.177997 ,  0.028948, -0.015489 
  0.174232 ,  0.034514, -0.016597 
  0.170267 ,  0.040192, -0.015530 
  0.166108 ,  0.045962, -0.012439 
  0.161762 ,  0.051806, -0.007753 
  0.157236 ,  0.057702, -0.002113 
  0.152537 ,  0.063625, 0.003719 
  0.147671 ,  0.069550, 0.008972 
  0.142647 ,  0.075449, 0.012977 
  0.137471 ,  0.081292, 0.015260 
  0.132152 ,  0.087049, 0.015611 
  0.126698 ,  0.092687, 0.014108 
  0.121116 ,  0.098174, 0.011097 
  0.115416 ,  0.103474, 0.007138 
  0.109605 ,  0.108553, 0.002914 
  0.103692 ,  0.113374, -0.000873 
  0.097686 ,  0.117904, -0.003617 
  0.091596 ,  0.122106, -0.004897 
  0.085431 ,  0.125945, -0.004545 
  0.079200 ,  0.129388, -0.002672 
  0.072912 ,  0.132401, 0.000348 
  0.066576 ,  0.134954, 0.003939 
  0.060201 ,  0.137016, 0.007406 
  0.053797 ,  0.138561, 0.010051 
  0.047374 ,  0.139562, 0.011281 
  0.040939 ,  0.139998, 0.010702 
  0.034503 ,  0.139850, 0.008194 
  0.028076 ,  0.139101, 0.003933 
  0.021665 ,  0.137738, -0.001620 
  0.015281 ,  0.135752, -0.007781 
  0.008932 ,  0.133139, -0.013733 
  0.002629 ,  0.129896, -0.018641 
  -0.003622 ,  0.126027, -0.021772 
  -0.009809 ,  0.121538, -0.022602 
  -0.015925 ,  0.116439, -0.020893 
  -0.021961 ,  0.110747, -0.016737 
  -0.027908 ,  0.104480, -0.010546 
  -0.033758 ,  0.097660, -0.003004 
  -0.039502 ,  0.090315, 0.005018 
  -0.045134 ,  0.082475, 0.012581 
  -0.050643 ,  0.074173, 0.018799 
  -0.056024 ,  0.065447, 0.022951 
  -0.061268 ,  0.056336, 0.024582 
  -0.066368 ,  0.046884, 0.023549 
  -0.071317 ,  0.037134, 0.020045 
  -0.076109 ,  0.027135, 0.014560 
  -0.080735 ,  0.016933, 0.007814 
  -0.085191 ,  0.006579, 0.000657 
  -0.089470 ,  -0.003876, -0.006048 
  -0.093567 ,  -0.014381, -0.011537 
  -0.097475 ,  -0.024886, -0.015241 
  -0.101189 ,  -0.035338, -0.016856 
  -0.104705 ,  -0.045688, -0.016367 
  -0.108018 ,  -0.055887, -0.014043 
  -0.111123 ,  -0.065886, -0.010381 
  -0.114016 ,  -0.075639, -0.006031 
  -0.116694 ,  -0.085101, -0.001695 
  -0.119153 ,  -0.094231, 0.001972 
  -0.121390 ,  -0.102989, 0.004453 
  -0.123402 ,  -0.111338, 0.005437 
  -0.125187 ,  -0.119244, 0.004852 
  -0.126743 ,  -0.126675, 0.002869 
  -0.128067 ,  -0.133605, -0.000136 
  -0.129159 ,  -0.140009, -0.003640 
  -0.130017 ,  -0.145866, -0.007056 
  -0.130641 ,  -0.151157, -0.009819 
  -0.131029 ,  -0.155870, -0.011464 
  -0.131183 ,  -0.159991, -0.011693 
  -0.131102 ,  -0.163515, -0.010408 
  -0.130787 ,  -0.166436, -0.007719 
  -0.130238 ,  -0.168753, -0.003925 
  -0.129458 ,  -0.170467, 0.000539 
  -0.128447 ,  -0.171581, 0.005162 
  -0.127208 ,  -0.172103, 0.009431 
  -0.125743 ,  -0.172041, 0.012899 
  -0.124054 ,  -0.171407, 0.015243 
  -0.122144 ,  -0.170212, 0.016298 
  -0.120017 ,  -0.168473, 0.016068 
  -0.117675 ,  -0.166204, 0.014716 
  -0.115124 ,  -0.163423, 0.012527 
  -0.112367 ,  -0.160149, 0.009859 
  -0.109407 ,  -0.156400, 0.007088 
  -0.106251 ,  -0.152197, 0.004553 
  -0.102903 ,  -0.147561, 0.002508 
  -0.099368 ,  -0.142511, 0.001096 
  -0.095652 ,  -0.137069, 0.000336 
  -0.091760 ,  -0.131255, 0.000132 
  -0.087698 ,  -0.125092, 0.000300 
  -0.083474 ,  -0.118600, 0.000603 
  -0.079092 ,  -0.111799, 0.000799 
  -0.074559 ,  -0.104711, 0.000676 
  -0.069883 ,  -0.097356, 0.000092 
  -0.065071 ,  -0.089754, -0.001008 
  -0.060129 ,  -0.081926, -0.002586 
  -0.055066 ,  -0.073892, -0.004518 
  -0.049888 ,  -0.065671, -0.006620 
  -0.044603 ,  -0.057285, -0.008677 
  -0.039219 ,  -0.048753, -0.010476 
  -0.033744 ,  -0.040095, -0.011842 
  -0.028187 ,  -0.031333, -0.012660 
  -0.022554 ,  -0.022488, -0.012887 
  -0.016856 ,  -0.013580, -0.012556 
  -0.011098 ,  -0.004633, -0.011760 
  -0.005291 ,  0.004331, -0.010636 
  0.000557 ,  0.013289, -0.009336 
  0.006439 ,  0.022216, -0.007996 
  0.012345 ,  0.031086, -0.006717 
  0.018267 ,  0.039876, -0.005547 
  0.024197 ,  0.048557, -0.004477 
  0.030125 ,  0.057102, -0.003443 
  0.036045 ,  0.065482, -0.002347 
  0.041946 ,  0.073670, -0.001076 
  0.047822 ,  0.081636, 0.000469 
  0.053662 ,  0.089349, 0.002348 
  0.059461 ,  0.096779, 0.004566 
  0.065208 ,  0.103896, 0.007059 
  0.070896 ,  0.110669, 0.009698 
  0.076518 ,  0.117068, 0.012297 
  0.082065 ,  0.123063, 0.014640 
  0.087530 ,  0.128625, 0.016504 
  0.092904 ,  0.133726, 0.017691 
  0.098182 ,  0.138338, 0.018054 
  0.103355 ,  0.142437, 0.017523 
  0.108416 ,  0.145998, 0.016110 
  0.113359 ,  0.149000, 0.013914 
  0.118177 ,  0.151423, 0.011108 
  0.122863 ,  0.153251, 0.007920 
  0.127411 ,  0.154468, 0.004604 
  0.131816 ,  0.155065, 0.001413 
  0.136071 ,  0.155032, -0.001431 
  0.140170 ,  0.154367, -0.003761 
  0.144109 ,  0.153068, -0.005477 
  0.147882 ,  0.151137, -0.006550 
  0.151484 ,  0.148583, -0.007023 
  0.154911 ,  0.145416, -0.006994 
  0.158159 ,  0.141650, -0.006596 
  0.161223 ,  0.137305, -0.005985 
  0.164099 ,  0.132403, -0.005310 
  0.166785 ,  0.126971, -0.004703 
  0.169277 ,  0.121038, -0.004268 
  0.171572 ,  0.114640, -0.004075 
  0.173668 ,  0.107813, -0.004161 
  0.175561 ,  0.100597, -0.004533 
  0.177251 ,  0.093036, -0.005180 
  0.178735 ,  0.085176, -0.006074 
  0.180012 ,  0.077064, -0.007178 
  0.181081 ,  0.068751, -0.008443 
  0.181942 ,  0.060288, -0.009809 
  0.182592 ,  0.051727, -0.011200 
  0.183033 ,  0.043120, -0.012513 
  0.183264 ,  0.034523, -0.013621 
  0.183286 ,  0.025986, -0.014371 
  0.183100 ,  0.017563, -0.014591 
  0.182705 ,  0.009303, -0.014105 
  0.182105 ,  0.001258, -0.012753 
  0.181299 ,  -0.006527, -0.010420 
  0.180291 ,  -0.014005, -0.007058 
  0.179082 ,  -0.021136, -0.002714 
  0.177674 ,  -0.027880, 0.002459 
  0.176070 ,  -0.034202, 0.008194 
  0.174274 ,  -0.040071, 0.014122 
  0.172287 ,  -0.045458, 0.019801 
  0.170115 ,  -0.050341, 0.024753 
  0.167760 ,  -0.054702, 0.028514 
  0.165226 ,  -0.058525, 0.030693 
  0.162517 ,  -0.061803, 0.031019 
  0.159638 ,  -0.064530, 0.029383 
  0.156593 ,  -0.066706, 0.025869 
  0.153388 ,  -0.068337, 0.020746 
  0.150027 ,  -0.069431, 0.014461 
  0.146515 ,  -0.070003, 0.007582 
  0.142858 ,  -0.070070, 0.000750 
  0.139061 ,  -0.069654, -0.005407 
  0.135130 ,  -0.068782, -0.010338 
  0.131070 ,  -0.067481, -0.013643 
  0.126889 ,  -0.065786, -0.015120 
  0.122591 ,  -0.063729, -0.014792 
  0.118184 ,  -0.061349, -0.012904 
  0.113673 ,  -0.058684, -0.009891 
  0.109065 ,  -0.055775, -0.006318 
  0.104367 ,  -0.052662, -0.002808 
  0.099585 ,  -0.049390, 0.000042 
  0.094726 ,  -0.045998, 0.001747 
  0.089797 ,  -0.042530, 0.001994 
  0.084804 ,  -0.039025, 0.000690 
  0.079755 ,  -0.035525, -0.002027 
  0.074656 ,  -0.032067, -0.005809 
  0.069515 ,  -0.028687, -0.010143 
  0.064338 ,  -0.025421, -0.014424 
  0.059131 ,  -0.022299, -0.018041 
  0.053903 ,  -0.019350, -0.020461 
  0.048660 ,  -0.016599, -0.021304 
  0.043409 ,  -0.014070, -0.020396 
  0.038156 ,  -0.011780, -0.017791 
  0.032908 ,  -0.009746, -0.013764 
  0.027672 ,  -0.007978, -0.008769 
  0.022455 ,  -0.006485, -0.003371 
  0.017263 ,  -0.005271, 0.001832 
  0.012102 ,  -0.004336, 0.006299 
  0.006979 ,  -0.003678, 0.009619 
  0.001900 ,  -0.003291, 0.011573 
  -0.003129 ,  -0.003165, 0.012154 
  -0.008102 ,  -0.003287, 0.011569 
  -0.013014 ,  -0.003643, 0.010197 
  -0.017858 ,  -0.004215, 0.008528 
  -0.022629 ,  -0.004983, 0.007081 
  -0.027323 ,  -0.005924, 0.006318 
  -0.031933 ,  -0.007016, 0.006564 
  -0.036455 ,  -0.008234, 0.007953 
  -0.040884 ,  -0.009551, 0.010394 
  -0.045216 ,  -0.010943, 0.013582 
  -0.049445 ,  -0.012383, 0.017032 
  -0.053569 ,  -0.013843, 0.020149 
  -0.057583 ,  -0.015299, 0.022315 
  -0.061483 ,  -0.016726, 0.022984 
  -0.065265 ,  -0.018098, 0.021763 
  -0.068927 ,  -0.019395, 0.018486 
  -0.072465 ,  -0.020594, 0.013246 
  -0.075877 ,  -0.021676, 0.006399 
  -0.079160 ,  -0.022625, -0.001474 
  -0.082311 ,  -0.023424, -0.009635 
  -0.085328 ,  -0.024063, -0.017277 
  -0.088210 ,  -0.024530, -0.023630 
  -0.090955 ,  -0.024817, -0.028058 
  -0.093561 ,  -0.024921, -0.030143 
  -0.096027 ,  -0.024838, -0.029735 
  -0.098352 ,  -0.024569, -0.026975 
  -0.100536 ,  -0.024116, -0.022272 
  -0.102578 ,  -0.023485, -0.016249 
  -0.104478 ,  -0.022682, -0.009662 
  -0.106236 ,  -0.021718, -0.003295 
  -0.107851 ,  -0.020604, 0.002131 
  -0.109326 ,  -0.019354, 0.006060 
  -0.110659 ,  -0.017983, 0.008158 
  -0.111853 ,  -0.016507, 0.008356 
  -0.112908 ,  -0.014944, 0.006845 
  -0.113826 ,  -0.013313, 0.004040 
  -0.114609 ,  -0.011634, 0.000518 
  -0.115258 ,  -0.009925, -0.003069 
  -0.115775 ,  -0.008207, -0.006087 
  -0.116162 ,  -0.006499, -0.008007 
  -0.116422 ,  -0.004823, -0.008473 
  -0.116558 ,  -0.003196, -0.007350 
  -0.116572 ,  -0.001637, -0.004733 
  -0.116467 ,  -0.000163, -0.000929 
  -0.116247 ,  0.001209, 0.003593 
  -0.115914 ,  0.002464, 0.008270 
  -0.115472 ,  0.003589, 0.012525 
  -0.114925 ,  0.004572, 0.015847 
  -0.114276 ,  0.005403, 0.017858 
  -0.113530 ,  0.006073, 0.018359 
  -0.112689 ,  0.006575, 0.017351 
  -0.111760 ,  0.006906, 0.015026 
  -0.110744 ,  0.007062, 0.011732 
  -0.109648 ,  0.007043, 0.007917 
  -0.108475 ,  0.006849, 0.004065 
  -0.107230 ,  0.006484, 0.000623 
  -0.105917 ,  0.005951, -0.002060 
  -0.104541 ,  0.005259, -0.003774 
  -0.103107 ,  0.004413, -0.004477 
  -0.101619 ,  0.003425, -0.004286 
  -0.100082 ,  0.002304, -0.003456 
  -0.098501 ,  0.001064, -0.002330 
  -0.096881 ,  -0.000284, -0.001284 
  -0.095226 ,  -0.001724, -0.000663 
  -0.093542 ,  -0.003242, -0.000726 
  -0.091833 ,  -0.004822, -0.001601 
  -0.090104 ,  -0.006449, -0.003262 
  -0.088359 ,  -0.008105, -0.005532 
  -0.086604 ,  -0.009774, -0.008101 
  -0.084842 ,  -0.011439, -0.010574 
  -0.083080 ,  -0.013084, -0.012526 
  -0.081320 ,  -0.014691, -0.013567 
  -0.079569 ,  -0.016246, -0.013400 
  -0.077829 ,  -0.017732, -0.011873 
  -0.076106 ,  -0.019133, -0.009010 
  -0.074403 ,  -0.020436, -0.005018 
  -0.072725 ,  -0.021626, -0.000271 
  -0.071076 ,  -0.022690, 0.004729 
  -0.069459 ,  -0.023616, 0.009414 
  -0.067879 ,  -0.024392, 0.013212 
  -0.066338 ,  -0.025007, 0.015628 
  -0.064841 ,  -0.025452, 0.016304 
  -0.063391 ,  -0.025717, 0.015075 
  -0.061991 ,  -0.025796, 0.011993 
  -0.060645 ,  -0.025681, 0.007333 
  -0.059354 ,  -0.025366, 0.001568 
  -0.058121 ,  -0.024847, -0.004681 
  -0.056950 ,  -0.024119, -0.010709 
  -0.055843 ,  -0.023180, -0.015814 
  -0.054802 ,  -0.022028, -0.019375 
  -0.053828 ,  -0.020661, -0.020924 
  -0.052924 ,  -0.019079, -0.020211 
  -0.052091 ,  -0.017285, -0.017230 
  -0.051331 ,  -0.015278, -0.012229 
  -0.050646 ,  -0.013062, -0.005684 
  -0.050035 ,  -0.010642, 0.001753 
  -0.049500 ,  -0.008021, 0.009324 
  -0.049042 ,  -0.005205, 0.016248 
  -0.048661 ,  -0.002200, 0.021817 
  -0.048358 ,  0.000984, 0.025463 
  -0.048132 ,  0.004341, 0.026831 
  -0.047984 ,  0.007860, 0.025813 
  -0.047913 ,  0.011531, 0.022555 
  -0.047918 ,  0.015341, 0.017439 
  -0.048000 ,  0.019279, 0.011032 
  -0.048156 ,  0.023330, 0.004021 
  -0.048387 ,  0.027480, -0.002872 
  -0.048690 ,  0.031712, -0.008973 
  -0.049065 ,  0.036010, -0.013729 
  -0.049510 ,  0.040356, -0.016768 
  -0.050022 ,  0.044730, -0.017931 
  -0.050601 ,  0.049113, -0.017283 
  -0.051243 ,  0.053485, -0.015087 
  -0.051947 ,  0.057822, -0.011762 
  -0.052710 ,  0.062104, -0.007824 
  -0.053530 ,  0.066306, -0.003809 
  -0.054403 ,  0.070406, -0.000211 
  -0.055328 ,  0.074378, 0.002581 
  -0.056300 ,  0.078198, 0.004324 
  -0.057317 ,  0.081842, 0.004940 
  -0.058375 ,  0.085285, 0.004512 
  -0.059472 ,  0.088501, 0.003259 
  -0.060603 ,  0.091468, 0.001491 
  -0.061766 ,  0.094159, -0.000442 
  -0.062955 ,  0.096553, -0.002204 
  -0.064168 ,  0.098626, -0.003521 
  -0.065401 ,  0.100358, -0.004221 
  -0.066650 ,  0.101727, -0.004245 
  -0.067910 ,  0.102716, -0.003650 
  -0.069178 ,  0.103307, -0.002586 
  -0.070450 ,  0.103485, -0.001270 
  -0.071722 ,  0.103237, 0.000061 
  -0.072988 ,  0.102552, 0.001190 
  -0.074247 ,  0.101421, 0.001954 
  -0.075492 ,  0.099839, 0.002269 
  -0.076720 ,  0.097802, 0.002139 
  -0.077926 ,  0.095309, 0.001652 
  -0.079108 ,  0.092364, 0.000958 
  -0.080259 ,  0.088971, 0.000238 
  -0.081377 ,  0.085140, -0.000328 
  -0.082457 ,  0.080880, -0.000594 
  -0.083495 ,  0.076208, -0.000477 
  -0.084488 ,  0.071141, 0.000034 
  -0.085430 ,  0.065699, 0.000874 
  -0.086319 ,  0.059905, 0.001915 
  -0.087151 ,  0.053787, 0.002992 
  -0.087922 ,  0.047371, 0.003933 
  -0.088628 ,  0.040690, 0.004586 
  -0.089267 ,  0.033777, 0.004849 
  -0.089834 ,  0.026666, 0.004689 
  -0.090326 ,  0.019396, 0.004140 
  -0.090741 ,  0.012004, 0.003305 
  -0.091074 ,  0.004530, 0.002328 
  -0.091325 ,  -0.002987, 0.001373 
  -0.091489 ,  -0.010504, 0.000589 
  -0.091564 ,  -0.017981, 0.000089 
  -0.091548 ,  -0.025378, -0.000076 
  -0.091439 ,  -0.032654, 0.000078 
  -0.091234 ,  -0.039770, 0.000469 
  -0.090932 ,  -0.046689, 0.000964 
  -0.090530 ,  -0.053372, 0.001408 
  -0.090028 ,  -0.059786, 0.001646 
  -0.089424 ,  -0.065899, 0.001558 
  -0.088716 ,  -0.071680, 0.001078 
  -0.087905 ,  -0.077102, 0.000209 
  -0.086988 ,  -0.082142, -0.000980 
  -0.085966 ,  -0.086777, -0.002362 
  -0.084838 ,  -0.090991, -0.003779 
  -0.083603 ,  -0.094770, -0.005065 
  -0.082263 ,  -0.098102, -0.006079 
  -0.080816 ,  -0.100981, -0.006726 
  -0.079264 ,  -0.103404, -0.006978 
  -0.077607 ,  -0.105372, -0.006868 
  -0.075846 ,  -0.106888, -0.006488 
  -0.073982 ,  -0.107962, -0.005963 
  -0.072015 ,  -0.108604, -0.005422 
  -0.069949 ,  -0.108829, -0.004971 
  -0.067783 ,  -0.108654, -0.004664 
  -0.065520 ,  -0.108102, -0.004488 
  -0.063162 ,  -0.107194, -0.004361 
  -0.060712 ,  -0.105957, -0.004145 
  -0.058170 ,  -0.104418, -0.003670 
  -0.055541 ,  -0.102608, -0.002773 
  -0.052827 ,  -0.100556, -0.001332 
  -0.050030 ,  -0.098295, 0.000693 
  -0.047155 ,  -0.095857, 0.003246 
  -0.044203 ,  -0.093275, 0.006158 
  -0.041180 ,  -0.090581, 0.009167 
  -0.038087 ,  -0.087808, 0.011946 
  -0.034929 ,  -0.084987, 0.014148 
  -0.031710 ,  -0.082147, 0.015462 
  -0.028434 ,  -0.079317, 0.015665 
  -0.025105 ,  -0.076524, 0.014662 
  -0.021727 ,  -0.073791, 0.012513 
  -0.018305 ,  -0.071142, 0.009433 
  -0.014843 ,  -0.068594, 0.005769 
  -0.011347 ,  -0.066165, 0.001948 
  -0.007819 ,  -0.063868, -0.001579 
  -0.004267 ,  -0.061713, -0.004411 
  -0.000693 ,  -0.059707, -0.006262 
  0.002896 ,  -0.057853, -0.007002 
  0.006496 ,  -0.056152, -0.006688 
  0.010101 ,  -0.054601, -0.005552 
  0.013707 ,  -0.053193, -0.003965 
  0.017308 ,  -0.051921, -0.002375 
  0.020899 ,  -0.050770, -0.001225 
  0.024475 ,  -0.049727, -0.000877 
  0.028031 ,  -0.048774, -0.001535 
  0.031561 ,  -0.047892, -0.003204 
  0.035060 ,  -0.047058, -0.005670 
  0.038523 ,  -0.046251, -0.008531 
  0.041945 ,  -0.045444, -0.011248 
  0.045320 ,  -0.044612, -0.013238 
  0.048644 ,  -0.043729, -0.013971 
  0.051911 ,  -0.042769, -0.013073 
  0.055116 ,  -0.041704, -0.010404 
  0.058255 ,  -0.040509, -0.006105 
  0.061323 ,  -0.039159, -0.000601 
  0.064315 ,  -0.037628, 0.005442 
  0.067226 ,  -0.035895, 0.011205 
  0.070051 ,  -0.033939, 0.015835 
  0.072787 ,  -0.031741, 0.018580 
  0.075429 ,  -0.029283, 0.018911 
  0.077973 ,  -0.026553, 0.016624 
  0.080415 ,  -0.023540, 0.011898 
  0.082750 ,  -0.020234, 0.005287 
  0.084976 ,  -0.016631, -0.002336 
  0.087089 ,  -0.012730, -0.009894 
  0.089084 ,  -0.008532, -0.016256 
  0.090960 ,  -0.004041, -0.020406 
  0.092712 ,  0.000735, -0.021604 
  0.094339 ,  0.005783, -0.019508 
  0.095837 ,  0.011091, -0.014246 
  0.097204 ,  0.016639, -0.006420 
  0.098438 ,  0.022408, 0.002962 
  0.099536 ,  0.028374, 0.012619 
  0.100497 ,  0.034513, 0.021177 
  0.101320 ,  0.040796, 0.027363 
  0.102002 ,  0.047194, 0.030200 
  0.102543 ,  0.053675, 0.029161 
  0.102942 ,  0.060207, 0.024256 
  0.103198 ,  0.066755, 0.016051 
  0.103310 ,  0.073286, 0.005600 
  0.103279 ,  0.079764, -0.005698 
  0.103104 ,  0.086154, -0.016290 
  0.102785 ,  0.092421, -0.024698 
  0.102324 ,  0.098532, -0.029727 
  0.101720 ,  0.104453, -0.030650 
  0.100975 ,  0.110152, -0.027319 
  0.100090 ,  0.115597, -0.020190 
  0.099067 ,  0.120761, -0.010271 
  0.097906 ,  0.125615, 0.001023 
  0.096610 ,  0.130135, 0.012070 
  0.095181 ,  0.134298, 0.021277 
  0.093622 ,  0.138084, 0.027309 
  0.091935 ,  0.141474, 0.029286 
  0.090122 ,  0.144453, 0.026911 
  0.088187 ,  0.147009, 0.020516 
  0.086134 ,  0.149132, 0.011009 
  0.083965 ,  0.150814, -0.000253 
  0.081684 ,  0.152051, -0.011665 
  0.079295 ,  0.152840, -0.021611 
  0.076802 ,  0.153183, -0.028695 
  0.074210 ,  0.153080, -0.031945 
  0.071523 ,  0.152538, -0.030948 
  0.068745 ,  0.151563, -0.025908 
  0.065881 ,  0.150164, -0.017600 
  0.062937 ,  0.148351, -0.007258 
  0.059917 ,  0.146135, 0.003623 
  0.056826 ,  0.143530, 0.013505 
  0.053671 ,  0.140551, 0.021035 
  0.050456 ,  0.137210, 0.025243 
  0.047187 ,  0.133525, 0.025673 
  0.043870 ,  0.129511, 0.022440 
  0.040511 ,  0.125184, 0.016194 
  0.037115 ,  0.120561, 0.008012 
  0.033689 ,  0.115657, -0.000780 
  0.030239 ,  0.110488, -0.008812 
  0.026772 ,  0.105069, -0.014883 
  0.023292 ,  0.099417, -0.018135 
  0.019807 ,  0.093543, -0.018176 
  0.016323 ,  0.087464, -0.015125 
  0.012847 ,  0.081190, -0.009576 
  0.009384 ,  0.074736, -0.002491 
  0.005941 ,  0.068112, 0.004961 
  0.002524 ,  0.061328, 0.011596 
  -0.000859 ,  0.054397, 0.016399 
  -0.004204 ,  0.047326, 0.018680 
  -0.007503 ,  0.040126, 0.018175 
  -0.010751 ,  0.032805, 0.015067 
  -0.013941 ,  0.025373, 0.009951 
  -0.017067 ,  0.017836, 0.003718 
  -0.020123 ,  0.010206, -0.002594 
  -0.023103 ,  0.002489, -0.007973 
  -0.026001 ,  -0.005305, -0.011598 
  -0.028812 ,  -0.013167, -0.012969 
  -0.031529 ,  -0.021085, -0.011973 
  -0.034149 ,  -0.029050, -0.008899 
  -0.036664 ,  -0.037048, -0.004378 
  -0.039069 ,  -0.045069, 0.000735 
  -0.041361 ,  -0.053096, 0.005502 
  -0.043533 ,  -0.061116, 0.009061 
  -0.045582 ,  -0.069111, 0.010770 
  -0.047502 ,  -0.077064, 0.010309 
  -0.049290 ,  -0.084955, 0.007724 
  -0.050941 ,  -0.092764, 0.003417 
  -0.052450 ,  -0.100468, -0.001927 
  -0.053816 ,  -0.108045, -0.007459 
  -0.055033 ,  -0.115470, -0.012307 
  -0.056099 ,  -0.122717, -0.015717 
  -0.057011 ,  -0.129759, -0.017177 
  -0.057765 ,  -0.136568, -0.016491 
  -0.058360 ,  -0.143117, -0.013802 
  -0.058793 ,  -0.149376, -0.009563 
  -0.059061 ,  -0.155317, -0.004451 
  -0.059164 ,  -0.160909, 0.000751 
  -0.059100 ,  -0.166123, 0.005287 
  -0.058866 ,  -0.170932, 0.008551 
  -0.058463 ,  -0.175306, 0.010180 
  -0.057890 ,  -0.179218, 0.010108 
  -0.057145 ,  -0.182642, 0.008562 
  -0.056230 ,  -0.185554, 0.006009 
  -0.055143 ,  -0.187931, 0.003064 
  -0.053886 ,  -0.189751, 0.000374 
  -0.052459 ,  -0.190996, -0.001501 
  -0.050862 ,  -0.191650, -0.002189 
  -0.049098 ,  -0.191699, -0.001570 
  -0.047168 ,  -0.191132, 0.000206 
  -0.045073 ,  -0.189942, 0.002753 
  -0.042815 ,  -0.188124, 0.005520 
  -0.040398 ,  -0.185676, 0.007903 
  -0.037822 ,  -0.182601, 0.009354 
  -0.035092 ,  -0.178905, 0.009492 
  -0.032210 ,  -0.174596, 0.008176 
  -0.029179 ,  -0.169687, 0.005538 
  -0.026004 ,  -0.164195, 0.001969 
  -0.022688 ,  -0.158138, -0.001952 
  -0.019235 ,  -0.151540, -0.005553 
  -0.015649 ,  -0.144427, -0.008193 
  -0.011936 ,  -0.136827, -0.009381 
  -0.008099 ,  -0.128772, -0.008867 
  -0.004145 ,  -0.120298, -0.006702 
  -0.000078 ,  -0.111440, -0.003235 
  0.004097 ,  -0.102238, 0.000934 
  0.008373 ,  -0.092734, 0.005051 
  0.012745 ,  -0.082969, 0.008335 
  0.017208 ,  -0.072987, 0.010116 
  0.021753 ,  -0.062834, 0.009951 
  0.026376 ,  -0.052554, 0.007716 
  0.031070 ,  -0.042194, 0.003640 
  0.035828 ,  -0.031799, -0.001725 
  0.040644 ,  -0.021415, -0.007576 
  0.045510 ,  -0.011087, -0.012992 
  0.050420 ,  -0.000859, -0.017079 
  0.055366 ,  0.009227, -0.019120 
  0.060341 ,  0.019130, -0.018700 
  0.065338 ,  0.028810, -0.015783 
  0.070350 ,  0.038229, -0.010730 
  0.075369 ,  0.047353, -0.004248 
  0.080387 ,  0.056149, 0.002715 
  0.085398 ,  0.064587, 0.009121 
  0.090393 ,  0.072640, 0.014007 
  0.095366 ,  0.080283, 0.016647 
  0.100308 ,  0.087495, 0.016673 
  0.105212 ,  0.094257, 0.014142 
  0.110070 ,  0.100554, 0.009532 
  0.114876 ,  0.106375, 0.003671 
  0.119622 ,  0.111709, -0.002394 
  0.124299 ,  0.116551, -0.007573 
  0.128902 ,  0.120897, -0.010908 
  0.133422 ,  0.124748, -0.011746 
  0.137854 ,  0.128105, -0.009852 
  0.142188 ,  0.130974, -0.005460 
  0.146420 ,  0.133362, 0.000748 
  0.150541 ,  0.135279, 0.007745 
  0.154546 ,  0.136736, 0.014315 
  0.158427 ,  0.137749, 0.019252 
  0.162179 ,  0.138331, 0.021557 
  0.165795 ,  0.138501, 0.020611 
  0.169270 ,  0.138277, 0.016290 
  0.172596 ,  0.137678, 0.009003 
  0.175770 ,  0.136725, -0.000350 
  0.178785 ,  0.135438, -0.010505 
  0.181636 ,  0.133839, -0.020020 
  0.184318 ,  0.131951, -0.027492 
  0.186827 ,  0.129794, -0.031777 
  0.189158 ,  0.127392, -0.032170 
  0.191306 ,  0.124765, -0.028522 
  0.193268 ,  0.121935, -0.021277 
  0.195040 ,  0.118922, -0.011405 
  0.196618 ,  0.115748, -0.000269 
  0.197999 ,  0.112430, 0.010588 
  0.199180 ,  0.108988, 0.019670 
  0.200159 ,  0.105439, 0.025767 
  0.200933 ,  0.101800, 0.028131 
  0.201500 ,  0.098086, 0.026602 
  0.201859 ,  0.094311, 0.021625 
  0.202007 ,  0.090490, 0.014182 
  0.201943 ,  0.086633, 0.005632 
  0.201667 ,  0.082753, -0.002506 
  0.201178 ,  0.078859, -0.008802 
  0.200476 ,  0.074960, -0.012152 
  0.199560 ,  0.071065, -0.011961 
  0.198431 ,  0.067179, -0.008254 
  0.197090 ,  0.063309, -0.001682 
  0.195538 ,  0.059460, 0.006565 
  0.193775 ,  0.055636, 0.014945 
  0.191804 ,  0.051841, 0.021802 
  0.189625 ,  0.048078, 0.025639 
  0.187242 ,  0.044349, 0.025362 
  0.184657 ,  0.040654, 0.020482 
  0.181872 ,  0.036997, 0.011220 
  0.178891 ,  0.033377, -0.001498 
  0.175716 ,  0.029795, -0.016141 
  0.172352 ,  0.026250, -0.030789 
  0.168801 ,  0.022744, -0.043394 
  0.165069 ,  0.019276, -0.052086 
  0.161160 ,  0.015845, -0.055454 
  0.157078 ,  0.012452, -0.052763 
  0.152828 ,  0.009096, -0.044086 
  0.148416 ,  0.005778, -0.030316 
  0.143846 ,  0.002497, -0.013061 
  0.139124 ,  -0.000747, 0.005567 
  0.134256 ,  -0.003953, 0.023239 
  0.129249 ,  -0.007121, 0.037728 
  0.124108 ,  -0.010249, 0.047221 
  0.118839 ,  -0.013336, 0.050578 
  0.113450 ,  -0.016381, 0.047489 
  0.107947 ,  -0.019383, 0.038528 
  0.102337 ,  -0.022338, 0.025068 
  0.096627 ,  -0.025244, 0.009096 
  0.090824 ,  -0.028099, -0.007062 
  0.084936 ,  -0.030899, -0.021068 
  0.078970 ,  -0.033641, -0.030897 
  0.072933 ,  -0.036320, -0.035115 
  0.066834 ,  -0.038934, -0.033078 
  0.060680 ,  -0.041476, -0.025018 
  0.054479 ,  -0.043943, -0.012011 
  0.048239 ,  -0.046329, 0.004176 
  0.041968 ,  -0.048629, 0.021331 
  0.035673 ,  -0.050837, 0.037097 
  0.029363 ,  -0.052948, 0.049298 
  0.023046 ,  -0.054957, 0.056224 
  0.016730 ,  -0.056857, 0.056859 
  0.010422 ,  -0.058642, 0.051008 
  0.004131 ,  -0.060307, 0.039310 
  -0.002135 ,  -0.061846, 0.023136 
  -0.008369 ,  -0.063253, 0.004401 
  -0.014563 ,  -0.064523, -0.014706 
  -0.020708 ,  -0.065651, -0.032013 
  -0.026797 ,  -0.066633, -0.045645 
  -0.032824 ,  -0.067463, -0.054262 
  -0.038779 ,  -0.068138, -0.057209 
  -0.044656 ,  -0.068655, -0.054579 
  -0.050448 ,  -0.069011, -0.047164 
  -0.056147 ,  -0.069205, -0.036318 
  -0.061747 ,  -0.069235, -0.023748 
  -0.067241 ,  -0.069100, -0.011270 
  -0.072621 ,  -0.068802, -0.000550 
  -0.077883 ,  -0.068341, 0.007114 
  -0.083019 ,  -0.067722, 0.010957 
  -0.088024 ,  -0.066946, 0.010831 
  -0.092892 ,  -0.066019, 0.007194 
  -0.097617 ,  -0.064946, 0.001029 
  -0.102194 ,  -0.063735, -0.006321 
  -0.106617 ,  -0.062393, -0.013359 
  -0.110882 ,  -0.060929, -0.018648 
  -0.114984 ,  -0.059354, -0.021021 
  -0.118920 ,  -0.057678, -0.019745 
  -0.122683 ,  -0.055914, -0.014616 
  -0.126272 ,  -0.054074, -0.005989 
  -0.129682 ,  -0.052173, 0.005277 
  -0.132910 ,  -0.050225, 0.017938 
  -0.135953 ,  -0.048245, 0.030529 
  -0.138808 ,  -0.046248, 0.041565 
  -0.141473 ,  -0.044252, 0.049731 
  -0.143945 ,  -0.042271, 0.054050 
  -0.146224 ,  -0.040322, 0.054009 
  -0.148307 ,  -0.038421, 0.049613 
  -0.150193 ,  -0.036584, 0.041378 
  -0.151881 ,  -0.034825, 0.030261 
  -0.153371 ,  -0.033161, 0.017526 
  -0.154662 ,  -0.031603, 0.004584 
  -0.155754 ,  -0.030165, -0.007187 
  -0.156648 ,  -0.028858, -0.016615 
  -0.157344 ,  -0.027692, -0.022873 
  -0.157843 ,  -0.026675, -0.025572 
  -0.158146 ,  -0.025814, -0.024797 
  -0.158256 ,  -0.025114, -0.021083 
  -0.158172 ,  -0.024576, -0.015332 
  -0.157899 ,  -0.024201, -0.008681 
  -0.157438 ,  -0.023988, -0.002353 
  -0.156791 ,  -0.023932, 0.002516 
  -0.155962 ,  -0.024026, 0.005024 
  -0.154954 ,  -0.024261, 0.004624 
  -0.153771 ,  -0.024626, 0.001197 
  -0.152416 ,  -0.025108, -0.004929 
  -0.150893 ,  -0.025689, -0.013020 
  -0.149206 ,  -0.026351, -0.022035 
  -0.147360 ,  -0.027074, -0.030750 
  -0.145360 ,  -0.027835, -0.037928 
  -0.143211 ,  -0.028610, -0.042473 
  -0.140918 ,  -0.029373, -0.043576 
  -0.138486 ,  -0.030097, -0.040831 
  -0.135920 ,  -0.030753, -0.034289 
  -0.133228 ,  -0.031312, -0.024467 
  -0.130414 ,  -0.031745, -0.012288 
  -0.127484 ,  -0.032021, 0.001024 
  -0.124446 ,  -0.032112, 0.014094 
  -0.121305 ,  -0.031987, 0.025557 
  -0.118068 ,  -0.031619, 0.034231 
  -0.114742 ,  -0.030979, 0.039264 
  -0.111333 ,  -0.030044, 0.040236 
  -0.107849 ,  -0.028789, 0.037212 
  -0.104297 ,  -0.027192, 0.030738 
  -0.100683 ,  -0.025236, 0.021767 
  -0.097015 ,  -0.022903, 0.011543 
  -0.093300 ,  -0.020183, 0.001441 
  -0.089546 ,  -0.017064, -0.007204 
  -0.085759 ,  -0.013542, -0.013267 
  -0.081948 ,  -0.009616, -0.015975 
  -0.078118 ,  -0.005288, -0.014998 
  -0.074279 ,  -0.000565, -0.010495 
  -0.070437 ,  0.004542, -0.003084 
  -0.066599 ,  0.010017, 0.006236 
  -0.062773 ,  0.015841, 0.016220 
  -0.058967 ,  0.021989, 0.025535 
  -0.055186 ,  0.028432, 0.032930 
  -0.051439 ,  0.035139, 0.037396 
  -0.047732 ,  0.042072, 0.038289 
  -0.044073 ,  0.049191, 0.035408 
  -0.040467 ,  0.056452, 0.029007 
  -0.036923 ,  0.063810, 0.019762 
  -0.033446 ,  0.071214, 0.008667 
  -0.030042 ,  0.078612, -0.003091 
  -0.026719 ,  0.085951, -0.014291 
  -0.023483 ,  0.093176, -0.023828 
  -0.020338 ,  0.100230, -0.030848 
  -0.017292 ,  0.107057, -0.034840 
  -0.014349 ,  0.113601, -0.035688 
  -0.011515 ,  0.119805, -0.033658 
  -0.008796 ,  0.125614, -0.029342 
  -0.006195 ,  0.130975, -0.023562 
  -0.003719 ,  0.135838, -0.017249 
  -0.001371 ,  0.140154, -0.011307 
  0.000844 ,  0.143877, -0.006498 
  0.002923 ,  0.146967, -0.003349 
  0.004860 ,  0.149385, -0.002096 
  0.006654 ,  0.151099, -0.002672 
  0.008301 ,  0.152081, -0.004743 
  0.009797 ,  0.152307, -0.007769 
  0.011140 ,  0.151762, -0.011100 
  0.012327 ,  0.150432, -0.014074 
  0.013357 ,  0.148312, -0.016114 
  0.014227 ,  0.145402, -0.016801 
  0.014937 ,  0.141709, -0.015925 
  0.015483 ,  0.137245, -0.013497 
  0.015867 ,  0.132028, -0.009728 
  0.016086 ,  0.126083, -0.004984 
  0.016141 ,  0.119439, 0.000280 
  0.016031 ,  0.112133, 0.005595 
  0.015757 ,  0.104204, 0.010544 
  0.015319 ,  0.095700, 0.014815 
  0.014718 ,  0.086670, 0.018237 
  0.013955 ,  0.077168, 0.020779 
  0.013031 ,  0.067253, 0.022539 
  0.011948 ,  0.056986, 0.023701 
  0.010708 ,  0.046431, 0.024490 
  0.009313 ,  0.035654, 0.025116 
  0.007766 ,  0.024723, 0.025733 
  0.006070 ,  0.013706, 0.026404 
  0.004227 ,  0.002673, 0.027088 
  0.002240 ,  -0.008309, 0.027647 
  0.000115 ,  -0.019170, 0.027867 
  -0.002147 ,  -0.029845, 0.027498 
  -0.004540 ,  -0.040268, 0.026291 
  -0.007060 ,  -0.050378, 0.024045 
  -0.009703 ,  -0.060114, 0.020634 
  -0.012464 ,  -0.069421, 0.016037 
  -0.015338 ,  -0.078247, 0.010338 
  -0.018319 ,  -0.086544, 0.003719 
  -0.021402 ,  -0.094268, -0.003554 
  -0.024582 ,  -0.101381, -0.011166 
  -0.027853 ,  -0.107849, -0.018775 
  -0.031208 ,  -0.113645, -0.026045 
  -0.034641 ,  -0.118746, -0.032666 
  -0.038147 ,  -0.123134, -0.038366 
  -0.041719 ,  -0.126798, -0.042920 
  -0.045349 ,  -0.129733, -0.046146 
  -0.049032 ,  -0.131937, -0.047904 
  -0.052761 ,  -0.133415, -0.048095 
  -0.056528 ,  -0.134179, -0.046658 
  -0.060326 ,  -0.134241, -0.043579 
  -0.064149 ,  -0.133623, -0.038898 
  -0.067989 ,  -0.132348, -0.032726 
  -0.071839 ,  -0.130445, -0.025260 
  -0.075692 ,  -0.127945, -0.016787 
  -0.079540 ,  -0.124884, -0.007686 
  -0.083376 ,  -0.121299, 0.001584 
  -0.087192 ,  -0.117231, 0.010514 
  -0.090982 ,  -0.112724, 0.018582 
  -0.094737 ,  -0.107820, 0.025306 
  -0.098452 ,  -0.102565, 0.030296 
  -0.102117 ,  -0.097006, 0.033301 
  -0.105727 ,  -0.091189, 0.034248 
  -0.109274 ,  -0.085159, 0.033259 
  -0.112750 ,  -0.078963, 0.030642 
  -0.116150 ,  -0.072645, 0.026863 
  -0.119465 ,  -0.066249, 0.022489 
  -0.122689 ,  -0.059815, 0.018118 
  -0.125816 ,  -0.053385, 0.014304 
  -0.128839 ,  -0.046995, 0.011479 
  -0.131752 ,  -0.040681, 0.009898 
  -0.134548 ,  -0.034475, 0.009602 
  -0.137221 ,  -0.028407, 0.010416 
  -0.139765 ,  -0.022504, 0.011975 
  -0.142175 ,  -0.016790, 0.013782 
  -0.144445 ,  -0.011285, 0.015287 
  -0.146570 ,  -0.006008, 0.015972 
  -0.148545 ,  -0.000973, 0.015435 
  -0.150364 ,  0.003809, 0.013461 
  -0.152023 ,  0.008328, 0.010054 
  -0.153518 ,  0.012578, 0.005450 
  -0.154844 ,  0.016556, 0.000076 
  -0.155998 ,  0.020261, -0.005506 
  -0.156975 ,  0.023694, -0.010692 
  -0.157773 ,  0.026858, -0.014929 
  -0.158388 ,  0.029759, -0.017808 
  -0.158817 ,  0.032404, -0.019130 
  -0.159058 ,  0.034801, -0.018948 
  -0.159108 ,  0.036959, -0.017560 
  -0.158966 ,  0.038889, -0.015467 
  -0.158629 ,  0.040602, -0.013292 
  -0.158097 ,  0.042110, -0.011675 
  -0.157367 ,  0.043424, -0.011162 
  -0.156440 ,  0.044556, -0.012101 
  -0.155315 ,  0.045519, -0.014568 
  -0.153990 ,  0.046323, -0.018328 
  -0.152468 ,  0.046980, -0.022851 
  -0.150747 ,  0.047500, -0.027371 
  -0.148829 ,  0.047892, -0.030991 
  -0.146714 ,  0.048166, -0.032815 
  -0.144404 ,  0.048329, -0.032091 
  -0.141901 ,  0.048388, -0.028338 
  -0.139206 ,  0.048348, -0.021451 
  -0.136321 ,  0.048215, -0.011741 
  -0.133249 ,  0.047991, 0.000063 
  -0.129994 ,  0.047680, 0.012892 
  -0.126557 ,  0.047283, 0.025452 
  -0.122942 ,  0.046800, 0.036391 
  -0.119153 ,  0.046232, 0.044470 
  -0.115194 ,  0.045576, 0.048737 
  -0.111069 ,  0.044831, 0.048665 
  -0.106782 ,  0.043994, 0.044237 
  -0.102339 ,  0.043062, 0.035968 
  -0.097743 ,  0.042031, 0.024850 
  -0.093001 ,  0.040897, 0.012243 
  -0.088117 ,  0.039657, -0.000298 
  -0.083098 ,  0.038306, -0.011220 
  -0.077949 ,  0.036840, -0.019172 
  -0.072676 ,  0.035256, -0.023184 
  -0.067286 ,  0.033548, -0.022797 
  -0.061785 ,  0.031715, -0.018131 
  -0.056179 ,  0.029754, -0.009868 
  -0.050476 ,  0.027663, 0.000826 
  -0.044683 ,  0.025440, 0.012456 
  -0.038806 ,  0.023085, 0.023383 
  -0.032854 ,  0.020598, 0.032043 
  -0.026833 ,  0.017981, 0.037145 
  -0.020751 ,  0.015236, 0.037839 
  -0.014615 ,  0.012366, 0.033825 
  -0.008434 ,  0.009377, 0.025393 
  -0.002216 ,  0.006273, 0.013386 
  0.004033 ,  0.003061, -0.000909 
  0.010303 ,  -0.000250, -0.015923 
  0.016587 ,  -0.003652, -0.029999 
  0.022877 ,  -0.007134, -0.041596 
  0.029165 ,  -0.010684, -0.049474 
  0.035442 ,  -0.014292, -0.052839 
  0.041700 ,  -0.017943, -0.051425 
  0.047932 ,  -0.021622, -0.045514 
  0.054128 ,  -0.025315, -0.035886 
  0.060282 ,  -0.029005, -0.023707 
  0.066385 ,  -0.032675, -0.010380 
  0.072429 ,  -0.036307, 0.002629 
  0.078406 ,  -0.039882, 0.013963 
  0.084309 ,  -0.043382, 0.022529 
  0.090130 ,  -0.046786, 0.027605 
  0.095860 ,  -0.050076, 0.028903 
  0.101493 ,  -0.053230, 0.026571 
  0.107022 ,  -0.056228, 0.021153 
  0.112438 ,  -0.059049, 0.013493 
  0.117735 ,  -0.061673, 0.004622 
  0.122906 ,  -0.064080, -0.004373 
  0.127944 ,  -0.066249, -0.012471 
  0.132843 ,  -0.068160, -0.018823 
  0.137596 ,  -0.069795, -0.022826 
  0.142197 ,  -0.071135, -0.024160 
  0.146640 ,  -0.072162, -0.022793 
  0.150919 ,  -0.072859, -0.018949 
  0.155028 ,  -0.073211, -0.013061 
  0.158963 ,  -0.073203, -0.005703 
  0.162718 ,  -0.072822, 0.002479 
  0.166289 ,  -0.072057, 0.010827 
  0.169670 ,  -0.070898, 0.018723 
  0.172857 ,  -0.069337, 0.025629 
  0.175847 ,  -0.067367, 0.031101 
  0.178635 ,  -0.064985, 0.034806 
  0.181218 ,  -0.062188, 0.036521 
  0.183593 ,  -0.058978, 0.036128 
  0.185757 ,  -0.055356, 0.033617 
  0.187707 ,  -0.051329, 0.029086 
  0.189441 ,  -0.046903, 0.022745 
  0.190957 ,  -0.042091, 0.014921 
  0.192252 ,  -0.036904, 0.006056 
  0.193326 ,  -0.031359, -0.003300 
  0.194177 ,  -0.025475, -0.012507 
  0.194805 ,  -0.019273, -0.020878 
  0.195209 ,  -0.012776, -0.027725 
  0.195389 ,  -0.006013, -0.032424 
  0.195344 ,  0.000988, -0.034490 
  0.195076 ,  0.008195, -0.033639 
  0.194585 ,  0.015574, -0.029847 
  0.193871 ,  0.023089, -0.023380 
  0.192937 ,  0.030701, -0.014799 
  0.191784 ,  0.038371, -0.004923 
  0.190413 ,  0.046055, 0.005241 
  0.188827 ,  0.053713, 0.014591 
  0.187029 ,  0.061298, 0.022058 
  0.185022 ,  0.068767, 0.026730 
  0.182807 ,  0.076074, 0.027967 
  0.180390 ,  0.083174, 0.025497 
  0.177772 ,  0.090020, 0.019468 
  0.174959 ,  0.096569, 0.010454 
  0.171955 ,  0.102777, -0.000597 
  0.168763 ,  0.108600, -0.012459 
  0.165389 ,  0.113997, -0.023764 
  0.161838 ,  0.118930, -0.033165 
  0.158114 ,  0.123361, -0.039499 
  0.154223 ,  0.127257, -0.041934 
  0.150171 ,  0.130585, -0.040080 
  0.145964 ,  0.133318, -0.034046 
  0.141606 ,  0.135431, -0.024437 
  0.137106 ,  0.136904, -0.012286 
  0.132469 ,  0.137719, 0.001065 
  0.127702 ,  0.137865, 0.014133 
  0.122811 ,  0.137333, 0.025472 
  0.117803 ,  0.136120, 0.033855 
  0.112686 ,  0.134227, 0.038428 
  0.107467 ,  0.131659, 0.038811 
  0.102153 ,  0.128428, 0.035145 
  0.096751 ,  0.124549, 0.028071 
  0.091269 ,  0.120041, 0.018632 
  0.085715 ,  0.114928, 0.008143 
  0.080096 ,  0.109239, -0.001993 
  0.074420 ,  0.103007, -0.010470 
  0.068695 ,  0.096268, -0.016249 
  0.062929 ,  0.089062, -0.018690 
  0.057130 ,  0.081432, -0.017635 
  0.051305 ,  0.073425, -0.013417 
  0.045463 ,  0.065089, -0.006803 
  0.039612 ,  0.056474, 0.001119 
  0.033760 ,  0.047634, 0.009099 
  0.027914 ,  0.038622, 0.015904 
  0.022082 ,  0.029491, 0.020493 
  0.016274 ,  0.020297, 0.022163 
  0.010495 ,  0.011094, 0.020643 
  0.004754 ,  0.001936, 0.016133 
  -0.000941 ,  -0.007126, 0.009268 
  -0.006583 ,  -0.016039, 0.001027 
  -0.012164 ,  -0.024756, -0.007412 
  -0.017677 ,  -0.033230, -0.014842 
  -0.023115 ,  -0.041417, -0.020198 
  -0.028470 ,  -0.049277, -0.022714 
  -0.033736 ,  -0.056774, -0.022031 
  -0.038905 ,  -0.063875, -0.018248 
  -0.043971 ,  -0.070550, -0.011911 
  -0.048927 ,  -0.076776, -0.003937 
  -0.053767 ,  -0.082532, 0.004517 
  -0.058485 ,  -0.087803, 0.012211 
  -0.063074 ,  -0.092577, 0.018002 
  -0.067530 ,  -0.096848, 0.020994 
  -0.071846 ,  -0.100614, 0.020671 
  -0.076016 ,  -0.103878, 0.016962 
  -0.080037 ,  -0.106646, 0.010252 
  -0.083902 ,  -0.108929, 0.001332 
  -0.087608 ,  -0.110742, -0.008714 
  -0.091149 ,  -0.112102, -0.018649 
  -0.094522 ,  -0.113031, -0.027250 
  -0.097722 ,  -0.113554, -0.033469 
  -0.100746 ,  -0.113697, -0.036562 
  -0.103590 ,  -0.113488, -0.036179 
  -0.106251 ,  -0.112958, -0.032397 
  -0.108726 ,  -0.112140, -0.025698 
  -0.111013 ,  -0.111064, -0.016892 
  -0.113109 ,  -0.109764, -0.006996 
  -0.115011 ,  -0.108272, 0.002901 
  -0.116719 ,  -0.106620, 0.011783 
  -0.118231 ,  -0.104840, 0.018831 
  -0.119545 ,  -0.102960, 0.023513 
  -0.120660 ,  -0.101009, 0.025633 
  -0.121575 ,  -0.099011, 0.025331 
  -0.122291 ,  -0.096991, 0.023029 
  -0.122806 ,  -0.094968, 0.019352 
  -0.123122 ,  -0.092960, 0.015024 
  -0.123238 ,  -0.090981, 0.010752 
  -0.123154 ,  -0.089042, 0.007131 
  -0.122873 ,  -0.087150, 0.004566 
  -0.122396 ,  -0.085310, 0.003235 
  -0.121722 ,  -0.083521, 0.003087 
  -0.120856 ,  -0.081781, 0.003871 
  -0.119797 ,  -0.080083, 0.005203 
  -0.118550 ,  -0.078419, 0.006642 
  -0.117115 ,  -0.076776, 0.007770 
  -0.115497 ,  -0.075138, 0.008262 
  -0.113697 ,  -0.073488, 0.007934 
  -0.111719 ,  -0.071806, 0.006768 
  -0.109568 ,  -0.070071, 0.004900 
  -0.107245 ,  -0.068259, 0.002588 
  -0.104756 ,  -0.066347, 0.000156 
  -0.102104 ,  -0.064309, -0.002067 
  -0.099294 ,  -0.062121, -0.003808 
  -0.096330 ,  -0.059758, -0.004898 
  -0.093217 ,  -0.057195, -0.005299 
  -0.089960 ,  -0.054411, -0.005110 
  -0.086563 ,  -0.051383, -0.004540 
  -0.083033 ,  -0.048093, -0.003874 
  -0.079375 ,  -0.044521, -0.003414 
  -0.075594 ,  -0.040655, -0.003427 
  -0.071696 ,  -0.036482, -0.004096 
  -0.067686 ,  -0.031993, -0.005485 
  -0.063571 ,  -0.027184, -0.007525 
  -0.059357 ,  -0.022054, -0.010028 
  -0.055050 ,  -0.016604, -0.012710 
  -0.050656 ,  -0.010841, -0.015240 
  -0.046182 ,  -0.004777, -0.017290 
  -0.041634 ,  0.001575, -0.018587 
  -0.037018 ,  0.008197, -0.018946 
  -0.032342 ,  0.015065, -0.018302 
  -0.027611 ,  0.022153, -0.016706 
  -0.022833 ,  0.029433, -0.014312 
  -0.018014 ,  0.036869, -0.011347 
  -0.013160 ,  0.044427, -0.008063 
  -0.008280 ,  0.052066, -0.004699 
  -0.003378 ,  0.059746, -0.001444 
  0.001537 ,  0.067423, 0.001591 
  0.006460 ,  0.075052, 0.004379 
  0.011383 ,  0.082585, 0.006965 
  0.016300 ,  0.089976, 0.009440 
  0.021205 ,  0.097177, 0.011908 
  0.026090 ,  0.104141, 0.014440 
  0.030950 ,  0.110820, 0.017046 
  0.035778 ,  0.117168, 0.019653 
  0.040567 ,  0.123142, 0.022095 
  0.045312 ,  0.128698, 0.024135 
  0.050006 ,  0.133796, 0.025492 
  0.054644 ,  0.138400, 0.025889 
  0.059219 ,  0.142474, 0.025103 
  0.063725 ,  0.145988, 0.023014 
  0.068157 ,  0.148915, 0.019633 
  0.072510 ,  0.151232, 0.015128 
  0.076778 ,  0.152919, 0.009804 
  0.080956 ,  0.153963, 0.004084 
  0.085039 ,  0.154353, -0.001551 
  0.089021 ,  0.154084, -0.006617 
  0.092899 ,  0.153157, -0.010701 
  0.096667 ,  0.151574, -0.013509 
  0.100321 ,  0.149344, -0.014918 
  0.103858 ,  0.146481, -0.014986 
  0.107272 ,  0.143003, -0.013943 
  0.110561 ,  0.138930, -0.012159 
  0.113720 ,  0.134290, -0.010083 
  0.116746 ,  0.129112, -0.008171 
  0.119636 ,  0.123429, -0.006821 
  0.122388 ,  0.117276, -0.006306 
  0.124997 ,  0.110694, -0.006734 
  0.127463 ,  0.103724, -0.008032 
  0.129781 ,  0.096409, -0.009959 
  0.131951 ,  0.088795, -0.012148 
  0.133969 ,  0.080929, -0.014163 
  0.135836 ,  0.072858, -0.015579 
  0.137548 ,  0.064630, -0.016046 
  0.139106 ,  0.056294, -0.015352 
  0.140507 ,  0.047898, -0.013460 
  0.141751 ,  0.039490, -0.010514 
  0.142837 ,  0.031114, -0.006819 
  0.143766 ,  0.022818, -0.002792 
  0.144536 ,  0.014644, 0.001105 
  0.145149 ,  0.006634, 0.004443 
  0.145603 ,  -0.001172, 0.006894 
  0.145901 ,  -0.008739, 0.008288 
  0.146042 ,  -0.016031, 0.008643 
  0.146027 ,  -0.023018, 0.008158 
  0.145858 ,  -0.029671, 0.007184 
  0.145535 ,  -0.035965, 0.006160 
  0.145062 ,  -0.041878, 0.005535 
  0.144438 ,  -0.047392, 0.005684 
  0.143666 ,  -0.052491, 0.006838 
  0.142749 ,  -0.057163, 0.009025 
  0.141688 ,  -0.061400, 0.012054 
  0.140486 ,  -0.065196, 0.015531 
  0.139145 ,  -0.068550, 0.018902 
  0.137669 ,  -0.071463, 0.021542 
  0.136060 ,  -0.073937, 0.022843 
  0.134322 ,  -0.075981, 0.022321 
  0.132457 ,  -0.077604, 0.019697 
  0.130470 ,  -0.078819, 0.014964 
  0.128364 ,  -0.079638, 0.008406 
  0.126141 ,  -0.080080, 0.000584 
  0.123808 ,  -0.080163, -0.007728 
  0.121366 ,  -0.079907, -0.015631 
  0.118821 ,  -0.079334, -0.022222 
  0.116176 ,  -0.078468, -0.026709 
  0.113436 ,  -0.077333, -0.028528 
  0.110605 ,  -0.075954, -0.027417 
  0.107687 ,  -0.074357, -0.023467 
  0.104687 ,  -0.072570, -0.017116 
  0.101610 ,  -0.070619, -0.009099 
  0.098460 ,  -0.068531, -0.000362 
  0.095243 ,  -0.066332, 0.008055 
  0.091961 ,  -0.064051, 0.015151 
  0.088622 ,  -0.061712, 0.020085 
  0.085228 ,  -0.059341, 0.022279 
  0.081786 ,  -0.056964, 0.021487 
  0.078300 ,  -0.054605, 0.017822 
  0.074774 ,  -0.052285, 0.011728 
  0.071215 ,  -0.050028, 0.003927 
  0.067626 ,  -0.047852, -0.004684 
  0.064013 ,  -0.045778, -0.013141 
  0.060380 ,  -0.043822, -0.020530 
  0.056732 ,  -0.042001, -0.026089 
  0.053075 ,  -0.040328, -0.029289 
  0.049412 ,  -0.038816, -0.029873 
  0.045749 ,  -0.037475, -0.027870 
  0.042090 ,  -0.036314, -0.023559 
  0.038440 ,  -0.035338, -0.017421 
  0.034803 ,  -0.034553, -0.010057 
  0.031185 ,  -0.033960, -0.002116 
  0.027588 ,  -0.033561, 0.005784 
  0.024018 ,  -0.033353, 0.013111 
  0.020480 ,  -0.033333, 0.019455 
  0.016976 ,  -0.033494, 0.024540 
  0.013511 ,  -0.033829, 0.028211 
  0.010089 ,  -0.034329, 0.030409 
  0.006715 ,  -0.034980, 0.031138 
  0.003391 ,  -0.035771, 0.030430 
  0.000121 ,  -0.036684, 0.028320 
  -0.003091 ,  -0.037704, 0.024842 
  -0.006242 ,  -0.038811, 0.020030 
  -0.009329 ,  -0.039986, 0.013948 
  -0.012347 ,  -0.041206, 0.006716 
  -0.015296 ,  -0.042451, -0.001449 
  -0.018171 ,  -0.043695, -0.010212 
  -0.020970 ,  -0.044916, -0.019103 
  -0.023690 ,  -0.046087, -0.027529 
  -0.026329 ,  -0.047185, -0.034813 
  -0.028885 ,  -0.048183, -0.040248 
  -0.031355 ,  -0.049055, -0.043178 
  -0.033737 ,  -0.049778, -0.043085 
  -0.036031 ,  -0.050326, -0.039666 
  -0.038233 ,  -0.050675, -0.032907 
  -0.040343 ,  -0.050803, -0.023114 
  -0.042359 ,  -0.050687, -0.010922 
  -0.044280 ,  -0.050308, 0.002747 
  -0.046104 ,  -0.049648, 0.016756 
  -0.047832 ,  -0.048688, 0.029868 
  -0.049462 ,  -0.047416, 0.040865 
  -0.050993 ,  -0.045818, 0.048691 
  -0.052425 ,  -0.043886, 0.052567 
  -0.053759 ,  -0.041611, 0.052089 
  -0.054993 ,  -0.038991, 0.047283 
  -0.056127 ,  -0.036022, 0.038613 
  -0.057163 ,  -0.032708, 0.026935 
  -0.058099 ,  -0.029052, 0.013411 
  -0.058938 ,  -0.025064, -0.000616 
  -0.059678 ,  -0.020754, -0.013772 
  -0.060321 ,  -0.016135, -0.024803 
  -0.060868 ,  -0.011226, -0.032710 
  -0.061320 ,  -0.006048, -0.036858 
  -0.061678 ,  -0.000622, -0.037042 
  -0.061943 ,  0.005025, -0.033499 
  -0.062116 ,  0.010864, -0.026876 
  -0.062199 ,  0.016865, -0.018141 
  -0.062194 ,  0.022993, -0.008469 
  -0.062103 ,  0.029215, 0.000898 
  -0.061926 ,  0.035493, 0.008802 
  -0.061667 ,  0.041789, 0.014291 
  -0.061327 ,  0.048064, 0.016735 
  -0.060908 ,  0.054279, 0.015883 
  -0.060412 ,  0.060393, 0.011888 
  -0.059843 ,  0.066366, 0.005280 
  -0.059202 ,  0.072159, -0.003101 
  -0.058492 ,  0.077731, -0.012208 
  -0.057715 ,  0.083046, -0.020905 
  -0.056874 ,  0.088067, -0.028098 
  -0.055971 ,  0.092758, -0.032855 
  -0.055010 ,  0.097087, -0.034504 
  -0.053994 ,  0.101024, -0.032699 
  -0.052924 ,  0.104541, -0.027459 
  -0.051805 ,  0.107613, -0.019154 
  -0.050639 ,  0.110219, -0.008468 
  -0.049428 ,  0.112341, 0.003677 
  -0.048177 ,  0.113963, 0.016217 
  -0.046887 ,  0.115075, 0.028048 
  -0.045563 ,  0.115669, 0.038133 
  -0.044207 ,  0.115743, 0.045599 
  -0.042823 ,  0.115296, 0.049815 
  -0.041413 ,  0.114333, 0.050440 
  -0.039980 ,  0.112863, 0.047455 
  -0.038529 ,  0.110895, 0.041146 
  -0.037061 ,  0.108447, 0.032081 
  -0.035580 ,  0.105537, 0.021048 
  -0.034089 ,  0.102186, 0.008982 
  -0.032591 ,  0.098419, -0.003120 
  -0.031089 ,  0.094263, -0.014287 
  -0.029586 ,  0.089750, -0.023655 
  -0.028085 ,  0.084909, -0.030540 
  -0.026590 ,  0.079776, -0.034496 
  -0.025102 ,  0.074385, -0.035340 
  -0.023625 ,  0.068773, -0.033168 
  -0.022162 ,  0.062976, -0.028336 
  -0.020715 ,  0.057032, -0.021423 
  -0.019288 ,  0.050977, -0.013174 
  -0.017882 ,  0.044850, -0.004428 
  -0.016500 ,  0.038685, 0.003960 
  -0.015145 ,  0.032519, 0.011202 
  -0.013820 ,  0.026386, 0.016645 
  -0.012526 ,  0.020317, 0.019834 
  -0.011266 ,  0.014343, 0.020547 
  -0.010043 ,  0.008494, 0.018816 
  -0.008858 ,  0.002794, 0.014912 
  -0.007714 ,  -0.002732, 0.009314 
  -0.006612 ,  -0.008062, 0.002655 
  -0.005555 ,  -0.013178, -0.004350 
  -0.004544 ,  -0.018065, -0.010979 
  -0.003581 ,  -0.022708, -0.016582 
  -0.002668 ,  -0.027098, -0.020646 
  -0.001806 ,  -0.031225, -0.022847 
  -0.000997 ,  -0.035086, -0.023078 
  -0.000242 ,  -0.038677, -0.021451 
  0.000457 ,  -0.041998, -0.018275 
  0.001099 ,  -0.045049, -0.014011 
  0.001684 ,  -0.047836, -0.009206 
  0.002209 ,  -0.050362, -0.004426 
  0.002675 ,  -0.052636, -0.000184 
  0.003080 ,  -0.054665, 0.003126 
  0.003424 ,  -0.056459, 0.005273 
  0.003706 ,  -0.058028, 0.006208 
  0.003924 ,  -0.059382, 0.006071 
  0.004080 ,  -0.060532, 0.005155 
  0.004172 ,  -0.061491, 0.003865 
  0.004201 ,  -0.062267, 0.002651 
  0.004165 ,  -0.062874, 0.001944 
  0.004066 ,  -0.063319, 0.002087 
  0.003902 ,  -0.063614, 0.003285 
  0.003674 ,  -0.063766, 0.005573 
  0.003383 ,  -0.063783, 0.008803 
  0.003027 ,  -0.063671, 0.012664 
  0.002609 ,  -0.063435, 0.016720 
  0.002127 ,  -0.063081, 0.020467 
  0.001583 ,  -0.062610, 0.023402 
  0.000978 ,  -0.062025, 0.025090 
  0.000311 ,  -0.061326, 0.025226 
  -0.000417 ,  -0.060512, 0.023677 
  -0.001204 ,  -0.059582, 0.020500 
  -0.002050 ,  -0.058534, 0.015941 
  -0.002954 ,  -0.057364, 0.010404 
  -0.003915 ,  -0.056070, 0.004398 
  -0.004932 ,  -0.054647, -0.001527 
  -0.006004 ,  -0.053091, -0.006848 
  -0.007129 ,  -0.051398, -0.011136 
  -0.008306 ,  -0.049566, -0.014110 
  -0.009535 ,  -0.047589, -0.015666 
  -0.010813 ,  -0.045467, -0.015884 
  -0.012139 ,  -0.043198, -0.015013 
  -0.013513 ,  -0.040780, -0.013431 
  -0.014931 ,  -0.038216, -0.011584 
  -0.016394 ,  -0.035507, -0.009924 
  -0.017899 ,  -0.032656, -0.008843 
  -0.019444 ,  -0.029671, -0.008616 
  -0.021029 ,  -0.026558, -0.009366 
  -0.022650 ,  -0.023326, -0.011044 
  -0.024308 ,  -0.019987, -0.013438 
  -0.025999 ,  -0.016554, -0.016205 
  -0.027722 ,  -0.013042, -0.018914 
  -0.029476 ,  -0.009468, -0.021114 
  -0.031258 ,  -0.005851, -0.022387 
  -0.033067 ,  -0.002211, -0.022412 
  -0.034900 ,  0.001429, -0.021001 
  -0.036757 ,  0.005048, -0.018130 
  -0.038635 ,  0.008620, -0.013934 
  -0.040532 ,  0.012120, -0.008694 
  -0.042446 ,  0.015523, -0.002797 
  -0.044376 ,  0.018803, 0.003313 
  -0.046320 ,  0.021933, 0.009189 
  -0.048275 ,  0.024887, 0.014436 
  -0.050240 ,  0.027640, 0.018748 
  -0.052212 ,  0.030169, 0.021941 
  -0.054191 ,  0.032448, 0.023959 
  -0.056174 ,  0.034458, 0.024869 
  -0.058160 ,  0.036178, 0.024839 
  -0.060145 ,  0.037589, 0.024096 
  -0.062130 ,  0.038677, 0.022895 
  -0.064111 ,  0.039429, 0.021471 
  -0.066087 ,  0.039834, 0.020011 
  -0.068056 ,  0.039885, 0.018632 
  -0.070016 ,  0.039578, 0.017371 
  -0.071966 ,  0.038912, 0.016189 
  -0.073904 ,  0.037890, 0.014991 
  -0.075827 ,  0.036518, 0.013651 
  -0.077736 ,  0.034805, 0.012037 
  -0.079626 ,  0.032762, 0.010042 
  -0.081498 ,  0.030407, 0.007607 
  -0.083349 ,  0.027758, 0.004728 
  -0.085179 ,  0.024836, 0.001463 
  -0.086984 ,  0.021667, -0.002078 
  -0.088764 ,  0.018278, -0.005747 
  -0.090517 ,  0.014697, -0.009381 
  -0.092241 ,  0.010957, -0.012823 
  -0.093936 ,  0.007090, -0.015938 
  -0.095600 ,  0.003131, -0.018631 
  -0.097230 ,  -0.000884, -0.020846 
  -0.098827 ,  -0.004920, -0.022566 
  -0.100389 ,  -0.008940, -0.023805 
  -0.101913 ,  -0.012909, -0.024589 
  -0.103400 ,  -0.016790, -0.024943 
  -0.104847 ,  -0.020549, -0.024881 
  -0.106254 ,  -0.024153, -0.024393 
  -0.107619 ,  -0.027569, -0.023445 
  -0.108941 ,  -0.030768, -0.021991 
  -0.110219 ,  -0.033722, -0.019978 
  -0.111452 ,  -0.036406, -0.017368 
  -0.112639 ,  -0.038798, -0.014155 
  -0.113778 ,  -0.040878, -0.010376 
  -0.114870 ,  -0.042630, -0.006125 
  -0.115912 ,  -0.044041, -0.001550 
  -0.116904 ,  -0.045101, 0.003157 
  -0.117845 ,  -0.045805, 0.007771 
  -0.118734 ,  -0.046149, 0.012066 
  -0.119570 ,  -0.046135, 0.015833 
  -0.120352 ,  -0.045766, 0.018909 
  -0.121080 ,  -0.045050, 0.021192 
  -0.121753 ,  -0.043997, 0.022654 
  -0.122370 ,  -0.042620, 0.023337 
  -0.122930 ,  -0.040936, 0.023343 
  -0.123433 ,  -0.038963, 0.022814 
  -0.123878 ,  -0.036721, 0.021904 
  -0.124265 ,  -0.034233, 0.020753 
  -0.124592 ,  -0.031523, 0.019461 
  -0.124859 ,  -0.028617, 0.018076 
  -0.125066 ,  -0.025540, 0.016586 
  -0.125213 ,  -0.022320, 0.014925 
  -0.125298 ,  -0.018984, 0.012996 
  -0.125321 ,  -0.015557, 0.010694 
  -0.125282 ,  -0.012068, 0.007938 
  -0.125180 ,  -0.008542, 0.004701 
  -0.125016 ,  -0.005003, 0.001029 
  -0.124788 ,  -0.001475, -0.002943 
  -0.124496 ,  0.002020, -0.007001 
  -0.124141 ,  0.005462, -0.010868 
  -0.123721 ,  0.008832, -0.014237 
  -0.123236 ,  0.012115, -0.016815 
  -0.122687 ,  0.015296, -0.018364 
  -0.122074 ,  0.018364, -0.018743 
  -0.121395 ,  0.021310, -0.017937 
  -0.120650 ,  0.024125, -0.016072 
  -0.119841 ,  0.026806, -0.013402 
  -0.118966 ,  0.029350, -0.010288 
  -0.118026 ,  0.031756, -0.007151 
  -0.117020 ,  0.034026, -0.004418 
  -0.115948 ,  0.036163, -0.002459 
  -0.114811 ,  0.038173, -0.001532 
  -0.113609 ,  0.040061, -0.001745 
  -0.112341 ,  0.041835, -0.003030 
  -0.111008 ,  0.043503, -0.005147 
  -0.109610 ,  0.045075, -0.007709 
  -0.108147 ,  0.046560, -0.010239 
  -0.106619 ,  0.047968, -0.012228 
  -0.105027 ,  0.049308, -0.013215 
  -0.103370 ,  0.050589, -0.012853 
  -0.101650 ,  0.051820, -0.010969 
  -0.099866 ,  0.053008, -0.007600 
  -0.098018 ,  0.054160, -0.002997 
  -0.096108 ,  0.055280, 0.002397 
  -0.094135 ,  0.056372, 0.007998 
  -0.092100 ,  0.057437, 0.013153 
  -0.090003 ,  0.058477, 0.017229 
  -0.087846 ,  0.059489, 0.019700 
  -0.085628 ,  0.060469, 0.020221 
  -0.083350 ,  0.061413, 0.018685 
  -0.081013 ,  0.062311, 0.015250 
  -0.078617 ,  0.063156, 0.010326 
  -0.076163 ,  0.063936, 0.004535 
  -0.073653 ,  0.064638, -0.001362 
  -0.071086 ,  0.065249, -0.006559 
  -0.068464 ,  0.065752, -0.010307 
  -0.065787 ,  0.066132, -0.012013 
  -0.063056 ,  0.066371, -0.011322 
  -0.060272 ,  0.066451, -0.008171 
  -0.057437 ,  0.066354, -0.002808 
  -0.054551 ,  0.066062, 0.004223 
  -0.051616 ,  0.065557, 0.012140 
  -0.048632 ,  0.064822, 0.020007 
  -0.045600 ,  0.063839, 0.026840 
  -0.042523 ,  0.062595, 0.031720 
  -0.039400 ,  0.061075, 0.033903 
  -0.036234 ,  0.059268, 0.032910 
  -0.033026 ,  0.057162, 0.028590 
  -0.029776 ,  0.054751, 0.021144 
  -0.026487 ,  0.052030, 0.011112 
  -0.023161 ,  0.048995, -0.000676 
  -0.019797 ,  0.045646, -0.013184 
  -0.016399 ,  0.041987, -0.025272 
  -0.012967 ,  0.038024, -0.035820 
  -0.009504 ,  0.033765, -0.043835 
  -0.006011 ,  0.029222, -0.048555 
  -0.002489 ,  0.024410, -0.049529 
  0.001059 ,  0.019347, -0.046655 
  0.004631 ,  0.014054, -0.040199 
  0.008227 ,  0.008553, -0.030756 
  0.011843 ,  0.002870, -0.019197 
  0.015479 ,  -0.002967, -0.006580 
  0.019131 ,  -0.008929, 0.005957 
  0.022799 ,  -0.014984, 0.017304 
  0.026479 ,  -0.021100, 0.026483 
  0.030171 ,  -0.027242, 0.032747 
  0.033871 ,  -0.033377, 0.035638 
  0.037577 ,  -0.039469, 0.035029 
  0.041288 ,  -0.045484, 0.031131 
  0.045001 ,  -0.051388, 0.024459 
  0.048714 ,  -0.057146, 0.015781 
  0.052425 ,  -0.062726, 0.006034 
  0.056130 ,  -0.068096, -0.003768 
  0.059829 ,  -0.073228, -0.012638 
  0.063519 ,  -0.078093, -0.019708 
  0.067196 ,  -0.082667, -0.024316 
  0.070859 ,  -0.086926, -0.026060 
  0.074506 ,  -0.090850, -0.024835 
  0.078134 ,  -0.094423, -0.020836 
  0.081740 ,  -0.097629, -0.014528 
  0.085322 ,  -0.100459, -0.006598 
  0.088877 ,  -0.102904, 0.002126 
  0.092403 ,  -0.104960, 0.010754 
  0.095898 ,  -0.106625, 0.018431 
  0.099359 ,  -0.107901, 0.024418 
  0.102783 ,  -0.108793, 0.028162 
  0.106168 ,  -0.109307, 0.029349 
  0.109512 ,  -0.109455, 0.027923 
  0.112811 ,  -0.109249, 0.024085 
  0.116064 ,  -0.108703, 0.018264 
  0.119267 ,  -0.107835, 0.011062 
  0.122419 ,  -0.106664, 0.003193 
  0.125518 ,  -0.105208, -0.004598 
  0.128559 ,  -0.103489, -0.011603 
  0.131542 ,  -0.101528, -0.017223 
  0.134463 ,  -0.099348, -0.021014 
  0.137321 ,  -0.096970, -0.022726 
  0.140112 ,  -0.094415, -0.022305 
  0.142835 ,  -0.091704, -0.019895 
  0.145488 ,  -0.088858, -0.015803 
  0.148068 ,  -0.085896, -0.010464 
  0.150572 ,  -0.082833, -0.004391 
  0.152999 ,  -0.079686, 0.001870 
  0.155347 ,  -0.076468, 0.007793 
  0.157614 ,  -0.073191, 0.012904 
  0.159797 ,  -0.069863, 0.016814 
  0.161894 ,  -0.066492, 0.019241 
  0.163904 ,  -0.063081, 0.020014 
  0.165825 ,  -0.059633, 0.019080 
  0.167654 ,  -0.056147, 0.016495 
  0.169391 ,  -0.052620, 0.012419 
  0.171033 ,  -0.049048, 0.007106 
  0.172580 ,  -0.045424, 0.000887 
  0.174028 ,  -0.041738, -0.005839 
  0.175378 ,  -0.037981, -0.012627 
  0.176627 ,  -0.034141, -0.019002 
  0.177774 ,  -0.030205, -0.024489 
  0.178818 ,  -0.026160, -0.028644 
  0.179759 ,  -0.021992, -0.031085 
  0.180593 ,  -0.017687, -0.031533 
  0.181322 ,  -0.013232, -0.029846 
  0.181944 ,  -0.008614, -0.026043 
  0.182457 ,  -0.003821, -0.020326 
  0.182862 ,  0.001156, -0.013072 
  0.183158 ,  0.006326, -0.004822 
  0.183344 ,  0.011696, 0.003767 
  0.183420 ,  0.017268, 0.011976 
  0.183386 ,  0.023044, 0.019095 
  0.183240 ,  0.029021, 0.024505 
  0.182984 ,  0.035195, 0.027746 
  0.182616 ,  0.041556, 0.028580 
  0.182138 ,  0.048092, 0.027033 
  0.181549 ,  0.054787, 0.023395 
  0.180850 ,  0.061620, 0.018202 
  0.180040 ,  0.068568, 0.012173 
  0.179121 ,  0.075603, 0.006129 
  0.178092 ,  0.082696, 0.000887 
  0.176955 ,  0.089810, -0.002848 
  0.175711 ,  0.096908, -0.004578 
  0.174359 ,  0.103950, -0.004093 
  0.172902 ,  0.110891, -0.001505 
  0.171340 ,  0.117687, 0.002751 
  0.169675 ,  0.124289, 0.007964 
  0.167907 ,  0.130649, 0.013239 
  0.166038 ,  0.136715, 0.017611 
  0.164070 ,  0.142436, 0.020182 
  0.162004 ,  0.147762, 0.020252 
  0.159842 ,  0.152642, 0.017434 
  0.157586 ,  0.157025, 0.011720 
  0.155236 ,  0.160864, 0.003513 
  0.152797 ,  0.164113, -0.006409 
  0.150268 ,  0.166727, -0.016973 
  0.147653 ,  0.168667, -0.026945 
  0.144954 ,  0.169895, -0.035084 
  0.142173 ,  0.170379, -0.040309 
  0.139313 ,  0.170090, -0.041850 
  0.136375 ,  0.169005, -0.039367 
  0.133363 ,  0.167105, -0.033011 
  0.130278 ,  0.164380, -0.023423 
  0.127125 ,  0.160820, -0.011672 
  0.123905 ,  0.156428, 0.000871 
  0.120621 ,  0.151207, 0.012701 
  0.117277 ,  0.145171, 0.022371 
  0.113874 ,  0.138338, 0.028681 
  0.110417 ,  0.130732, 0.030839 
  0.106908 ,  0.122386, 0.028572 
  0.103350 ,  0.113336, 0.022173 
  0.099747 ,  0.103626, 0.012476 
  0.096101 ,  0.093305, 0.000752 
  0.092416 ,  0.082426, -0.011447 
  0.088696 ,  0.071050, -0.022483 
  0.084943 ,  0.059239, -0.030844 
  0.081160 ,  0.047060, -0.035343 
  0.077352 ,  0.034586, -0.035273 
  0.073522 ,  0.021890, -0.030504 
  0.069672 ,  0.009049, -0.021501 
  0.065807 ,  -0.003861, -0.009272 
  0.061930 ,  -0.016760, 0.004763 
  0.058044 ,  -0.029569, 0.018951 
  0.054152 ,  -0.042208, 0.031620 
  0.050259 ,  -0.054600, 0.041291 
  0.046368 ,  -0.066669, 0.046868 
  0.042481 ,  -0.078339, 0.047774 
  0.038603 ,  -0.089541, 0.044023 
  0.034737 ,  -0.100205, 0.036212 
  0.030886 ,  -0.110269, 0.025432 
  0.027053 ,  -0.119673, 0.013126 
  0.023242 ,  -0.128362, 0.000891 
  0.019457 ,  -0.136288, -0.009732 
  0.015700 ,  -0.143408, -0.017461 
  0.011974 ,  -0.149685, -0.021440 
  0.008283 ,  -0.155089, -0.021347 
  0.004630 ,  -0.159596, -0.017433 
  0.001018 ,  -0.163189, -0.010482 
  -0.002550 ,  -0.165858, -0.001699 
  -0.006071 ,  -0.167600, 0.007447 
  -0.009542 ,  -0.168420, 0.015427 
  -0.012960 ,  -0.168326, 0.020853 
  -0.016324 ,  -0.167337, 0.022664 
  -0.019629 ,  -0.165476, 0.020267 
  -0.022873 ,  -0.162772, 0.013623 
  -0.026054 ,  -0.159261, 0.003249 
  -0.029170 ,  -0.154982, -0.009835 
  -0.032217 ,  -0.149983, -0.024236 
  -0.035194 ,  -0.144312, -0.038350 
  -0.038099 ,  -0.138024, -0.050559 
  -0.040929 ,  -0.131175, -0.059423 
  -0.043682 ,  -0.123828, -0.063847 
  -0.046357 ,  -0.116043, -0.063206 
  -0.048952 ,  -0.107885, -0.057409 
  -0.051464 ,  -0.099420, -0.046902 
  -0.053893 ,  -0.090713, -0.032607 
  -0.056236 ,  -0.081831, -0.015807 
  -0.058493 ,  -0.072840, 0.002002 
