   36m__40m 
  -0.027040 ,  -0.122698, -0.010039 
  -0.024537 ,  -0.128590, -0.035471 
  -0.021989 ,  -0.133761, -0.058267 
  -0.019398 ,  -0.138153, -0.076631 
  -0.016765 ,  -0.141710, -0.089233 
  -0.014092 ,  -0.144385, -0.095350 
  -0.011382 ,  -0.146140, -0.094933 
  -0.008638 ,  -0.146942, -0.088593 
  -0.005860 ,  -0.146768, -0.077504 
  -0.003053 ,  -0.145602, -0.063232 
  -0.000217 ,  -0.143438, -0.047533 
  0.002644 ,  -0.140280, -0.032121 
  0.005527 ,  -0.136138, -0.018461 
  0.008432 ,  -0.131034, -0.007603 
  0.011354 ,  -0.124997, -0.000077 
  0.014291 ,  -0.118064, 0.004132 
  0.017241 ,  -0.110283, 0.005530 
  0.020201 ,  -0.101706, 0.004994 
  0.023168 ,  -0.092395, 0.003609 
  0.026140 ,  -0.082418, 0.002475 
  0.029114 ,  -0.071848, 0.002531 
  0.032088 ,  -0.060764, 0.004406 
  0.035057 ,  -0.049250, 0.008328 
  0.038021 ,  -0.037394, 0.014099 
  0.040975 ,  -0.025284, 0.021139 
  0.043918 ,  -0.013014, 0.028593 
  0.046847 ,  -0.000675, 0.035470 
  0.049758 ,  0.011639, 0.040816 
  0.052650 ,  0.023836, 0.043859 
  0.055519 ,  0.035824, 0.044142 
  0.058363 ,  0.047518, 0.041586 
  0.061179 ,  0.058831, 0.036508 
  0.063965 ,  0.069683, 0.029561 
  0.066718 ,  0.079999, 0.021637 
  0.069436 ,  0.089709, 0.013717 
  0.072115 ,  0.098749, 0.006727 
  0.074754 ,  0.107063, 0.001390 
  0.077350 ,  0.114600, -0.001879 
  0.079900 ,  0.121319, -0.003031 
  0.082403 ,  0.127186, -0.002376 
  0.084856 ,  0.132173, -0.000527 
  0.087256 ,  0.136264, 0.001714 
  0.089602 ,  0.139448, 0.003492 
  0.091891 ,  0.141725, 0.004051 
  0.094122 ,  0.143099, 0.002858 
  0.096292 ,  0.143587, -0.000298 
  0.098399 ,  0.143208, -0.005267 
  0.100442 ,  0.141993, -0.011556 
  0.102418 ,  0.139975, -0.018402 
  0.104326 ,  0.137198, -0.024892 
  0.106165 ,  0.133707, -0.030109 
  0.107932 ,  0.129554, -0.033275 
  0.109627 ,  0.124795, -0.033884 
  0.111247 ,  0.119490, -0.031785 
  0.112791 ,  0.113701, -0.027215 
  0.114259 ,  0.107491, -0.020767 
  0.115649 ,  0.100927, -0.013308 
  0.116960 ,  0.094074, -0.005848 
  0.118190 ,  0.086998, 0.000611 
  0.119340 ,  0.079765, 0.005231 
  0.120408 ,  0.072438, 0.007469 
  0.121393 ,  0.065079, 0.007156 
  0.122295 ,  0.057745, 0.004535 
  0.123114 ,  0.050492, 0.000220 
  0.123848 ,  0.043373, -0.004892 
  0.124498 ,  0.036433, -0.009761 
  0.125063 ,  0.029717, -0.013360 
  0.125543 ,  0.023262, -0.014840 
  0.125938 ,  0.017100, -0.013662 
  0.126248 ,  0.011261, -0.009694 
  0.126474 ,  0.005765, -0.003235 
  0.126615 ,  0.000630, 0.005014 
  0.126671 ,  -0.004133, 0.014042 
  0.126643 ,  -0.008516, 0.022678 
  0.126532 ,  -0.012519, 0.029749 
  0.126339 ,  -0.016144, 0.034263 
  0.126062 ,  -0.019399, 0.035546 
  0.125705 ,  -0.022296, 0.033357 
  0.125267 ,  -0.024851, 0.027926 
  0.124749 ,  -0.027082, 0.019931 
  0.124153 ,  -0.029012, 0.010418 
  0.123479 ,  -0.030664, 0.000650 
  0.122728 ,  -0.032066, -0.008056 
  0.121903 ,  -0.033245, -0.014516 
  0.121003 ,  -0.034229, -0.017846 
  0.120032 ,  -0.035048, -0.017588 
  0.118989 ,  -0.035731, -0.013778 
  0.117878 ,  -0.036308, -0.006950 
  0.116698 ,  -0.036805, 0.001926 
  0.115453 ,  -0.037251, 0.011570 
  0.114143 ,  -0.037670, 0.020556 
  0.112771 ,  -0.038085, 0.027501 
  0.111339 ,  -0.038517, 0.031241 
  0.109848 ,  -0.038985, 0.030991 
  0.108301 ,  -0.039504, 0.026446 
  0.106699 ,  -0.040087, 0.017830 
  0.105045 ,  -0.040744, 0.005872 
  0.103341 ,  -0.041481, -0.008272 
  0.101589 ,  -0.042301, -0.023157 
  0.099791 ,  -0.043206, -0.037218 
  0.097949 ,  -0.044193, -0.048942 
  0.096067 ,  -0.045257, -0.057046 
  0.094146 ,  -0.046389, -0.060617 
  0.092188 ,  -0.047579, -0.059201 
  0.090197 ,  -0.048814, -0.052850 
  0.088174 ,  -0.050080, -0.042103 
  0.086122 ,  -0.051360, -0.027916 
  0.084043 ,  -0.052635, -0.011554 
  0.081940 ,  -0.053887, 0.005551 
  0.079816 ,  -0.055095, 0.021943 
  0.077672 ,  -0.056240, 0.036287 
  0.075512 ,  -0.057300, 0.047486 
  0.073338 ,  -0.058254, 0.054769 
  0.071152 ,  -0.059084, 0.057734 
  0.068957 ,  -0.059769, 0.056359 
  0.066756 ,  -0.060291, 0.050970 
  0.064550 ,  -0.060633, 0.042181 
  0.062343 ,  -0.060781, 0.030813 
  0.060137 ,  -0.060719, 0.017813 
  0.057934 ,  -0.060436, 0.004159 
  0.055737 ,  -0.059923, -0.009211 
  0.053547 ,  -0.059171, -0.021462 
  0.051368 ,  -0.058176, -0.031901 
  0.049202 ,  -0.056934, -0.040006 
  0.047051 ,  -0.055446, -0.045429 
  0.044917 ,  -0.053711, -0.047991 
  0.042803 ,  -0.051735, -0.047672 
  0.040710 ,  -0.049523, -0.044590 
  0.038642 ,  -0.047083, -0.038987 
  0.036599 ,  -0.044426, -0.031213 
  0.034584 ,  -0.041563, -0.021710 
  0.032599 ,  -0.038509, -0.011000 
  0.030645 ,  -0.035277, 0.000330 
  0.028726 ,  -0.031885, 0.011651 
  0.026842 ,  -0.028351, 0.022315 
  0.024995 ,  -0.024691, 0.031688 
  0.023187 ,  -0.020926, 0.039192 
  0.021420 ,  -0.017074, 0.044345 
  0.019695 ,  -0.013156, 0.046807 
  0.018013 ,  -0.009191, 0.046415 
  0.016377 ,  -0.005199, 0.043214 
  0.014787 ,  -0.001199, 0.037466 
  0.013244 ,  0.002790, 0.029641 
  0.011751 ,  0.006751, 0.020392 
  0.010308 ,  0.010665, 0.010498 
  0.008916 ,  0.014516, 0.000798 
  0.007576 ,  0.018289, -0.007887 
  0.006288 ,  0.021970, -0.014838 
  0.005055 ,  0.025544, -0.019519 
  0.003877 ,  0.029000, -0.021631 
  0.002753 ,  0.032327, -0.021158 
  0.001686 ,  0.035515, -0.018371 
  0.000675 ,  0.038555, -0.013806 
  -0.000279 ,  0.041439, -0.008207 
  -0.001176 ,  0.044162, -0.002449 
  -0.002015 ,  0.046718, 0.002570 
  -0.002797 ,  0.049101, 0.006025 
  -0.003520 ,  0.051309, 0.007276 
  -0.004186 ,  0.053338, 0.005944 
  -0.004794 ,  0.055187, 0.001970 
  -0.005344 ,  0.056854, -0.004366 
  -0.005836 ,  0.058336, -0.012465 
  -0.006271 ,  0.059635, -0.021472 
  -0.006649 ,  0.060750, -0.030362 
  -0.006971 ,  0.061680, -0.038058 
  -0.007236 ,  0.062425, -0.043558 
  -0.007446 ,  0.062987, -0.046048 
  -0.007601 ,  0.063365, -0.045008 
  -0.007701 ,  0.063560, -0.040275 
  -0.007748 ,  0.063572, -0.032077 
  -0.007742 ,  0.063403, -0.021009 
  -0.007685 ,  0.063052, -0.007980 
  -0.007577 ,  0.062520, 0.005887 
  -0.007419 ,  0.061808, 0.019373 
  -0.007212 ,  0.060916, 0.031299 
  -0.006958 ,  0.059846, 0.040652 
  -0.006658 ,  0.058599, 0.046694 
  -0.006312 ,  0.057175, 0.049035 
  -0.005923 ,  0.055577, 0.047674 
  -0.005491 ,  0.053806, 0.042987 
  -0.005019 ,  0.051864, 0.035673 
  -0.004507 ,  0.049755, 0.026673 
  -0.003957 ,  0.047481, 0.017051 
  -0.003370 ,  0.045048, 0.007879 
  -0.002749 ,  0.042459, 0.000112 
  -0.002095 ,  0.039719, -0.005513 
  -0.001409 ,  0.036836, -0.008546 
  -0.000694 ,  0.033816, -0.008865 
  0.000049 ,  0.030667, -0.006672 
  0.000819 ,  0.027398, -0.002457 
  0.001613 ,  0.024018, 0.003069 
  0.002429 ,  0.020537, 0.009066 
  0.003266 ,  0.016968, 0.014661 
  0.004122 ,  0.013321, 0.019045 
  0.004995 ,  0.009610, 0.021557 
  0.005882 ,  0.005847, 0.021747 
  0.006783 ,  0.002048, 0.019412 
  0.007694 ,  -0.001774, 0.014610 
  0.008615 ,  -0.005603, 0.007641 
  0.009542 ,  -0.009425, -0.000989 
  0.010475 ,  -0.013224, -0.010624 
  0.011410 ,  -0.016984, -0.020518 
  0.012347 ,  -0.020690, -0.029903 
  0.013283 ,  -0.024327, -0.038055 
  0.014216 ,  -0.027879, -0.044343 
  0.015144 ,  -0.031331, -0.048283 
  0.016065 ,  -0.034670, -0.049565 
  0.016978 ,  -0.037882, -0.048077 
  0.017880 ,  -0.040954, -0.043912 
  0.018769 ,  -0.043873, -0.037360 
  0.019643 ,  -0.046629, -0.028891 
  0.020501 ,  -0.049210, -0.019124 
  0.021341 ,  -0.051609, -0.008785 
  0.022160 ,  -0.053815, 0.001351 
  0.022957 ,  -0.055823, 0.010514 
  0.023730 ,  -0.057625, 0.018013 
  0.024478 ,  -0.059218, 0.023299 
  0.025198 ,  -0.060595, 0.026023 
  0.025889 ,  -0.061756, 0.026084 
  0.026549 ,  -0.062696, 0.023652 
  0.027177 ,  -0.063416, 0.019170 
  0.027770 ,  -0.063915, 0.013319 
  0.028328 ,  -0.064193, 0.006961 
  0.028848 ,  -0.064251, 0.001048 
  0.029330 ,  -0.064092, -0.003483 
  0.029771 ,  -0.063716, -0.005823 
  0.030171 ,  -0.063128, -0.005404 
  0.030528 ,  -0.062330, -0.001984 
  0.030841 ,  -0.061325, 0.004297 
  0.031108 ,  -0.060117, 0.012903 
  0.031328 ,  -0.058709, 0.022942 
  0.031500 ,  -0.057103, 0.033251 
  0.031623 ,  -0.055304, 0.042520 
  0.031696 ,  -0.053315, 0.049453 
  0.031717 ,  -0.051139, 0.052924 
  0.031687 ,  -0.048778, 0.052136 
  0.031603 ,  -0.046235, 0.046739 
  0.031466 ,  -0.043512, 0.036898 
  0.031273 ,  -0.040613, 0.023307 
  0.031025 ,  -0.037539, 0.007126 
  0.030721 ,  -0.034292, -0.010136 
  0.030361 ,  -0.030874, -0.026792 
  0.029942 ,  -0.027289, -0.041175 
  0.029466 ,  -0.023538, -0.051842 
  0.028932 ,  -0.019625, -0.057756 
  0.028339 ,  -0.015554, -0.058419 
  0.027687 ,  -0.011328, -0.053940 
  0.026975 ,  -0.006953, -0.045033 
  0.026204 ,  -0.002434, -0.032927 
  0.025373 ,  0.002220, -0.019218 
  0.024483 ,  0.007002, -0.005668 
  0.023532 ,  0.011902, 0.006023 
  0.022522 ,  0.016908, 0.014427 
  0.021452 ,  0.022007, 0.018575 
  0.020323 ,  0.027184, 0.018077 
  0.019134 ,  0.032424, 0.013170 
  0.017886 ,  0.037706, 0.004680 
  0.016580 ,  0.043010, -0.006088 
  0.015215 ,  0.048315, -0.017531 
  0.013792 ,  0.053594, -0.027959 
  0.012312 ,  0.058823, -0.035818 
  0.010775 ,  0.063972, -0.039893 
  0.009182 ,  0.069011, -0.039462 
  0.007533 ,  0.073909, -0.034387 
  0.005830 ,  0.078633, -0.025113 
  0.004073 ,  0.083148, -0.012608 
  0.002262 ,  0.087419, 0.001781 
  0.000399 ,  0.091410, 0.016509 
  -0.001515 ,  0.095084, 0.030037 
  -0.003479 ,  0.098406, 0.041030 
  -0.005492 ,  0.101339, 0.048516 
  -0.007554 ,  0.103846, 0.051994 
  -0.009662 ,  0.105895, 0.051467 
  -0.011816 ,  0.107451, 0.047415 
  -0.014014 ,  0.108483, 0.040690 
  -0.016256 ,  0.108961, 0.032380 
  -0.018539 ,  0.108860, 0.023637 
  -0.020862 ,  0.108156, 0.015513 
  -0.023224 ,  0.106827, 0.008823 
  -0.025624 ,  0.104859, 0.004042 
  -0.028059 ,  0.102238, 0.001272 
  -0.030529 ,  0.098956, 0.000264 
  -0.033031 ,  0.095011, 0.000488 
  -0.035564 ,  0.090402, 0.001248 
  -0.038126 ,  0.085138, 0.001817 
  -0.040715 ,  0.079230, 0.001567 
  -0.043330 ,  0.072695, 0.000075 
  -0.045969 ,  0.065556, -0.002806 
  -0.048629 ,  0.057842, -0.006929 
  -0.051310 ,  0.049584, -0.011882 
  -0.054009 ,  0.040823, -0.017069 
  -0.056724 ,  0.031602, -0.021807 
  -0.059453 ,  0.021970, -0.025449 
  -0.062194 ,  0.011980, -0.027495 
  -0.064945 ,  0.001689, -0.027673 
  -0.067704 ,  -0.008840, -0.025989 
  -0.070469 ,  -0.019544, -0.022725 
  -0.073238 ,  -0.030354, -0.018392 
  -0.076008 ,  -0.041200, -0.013653 
  -0.078778 ,  -0.052010, -0.009209 
  -0.081545 ,  -0.062711, -0.005690 
  -0.084307 ,  -0.073228, -0.003553 
  -0.087062 ,  -0.083487, -0.003007 
  -0.089808 ,  -0.093416, -0.003984 
  -0.092542 ,  -0.102940, -0.006147 
  -0.095262 ,  -0.111992, -0.008946 
  -0.097966 ,  -0.120501, -0.011707 
  -0.100652 ,  -0.128404, -0.013738 
  -0.103317 ,  -0.135641, -0.014440 
  -0.105960 ,  -0.142153, -0.013405 
  -0.108577 ,  -0.147891, -0.010475 
  -0.111166 ,  -0.152807, -0.005774 
  -0.113726 ,  -0.156862, 0.000312 
  -0.116253 ,  -0.160022, 0.007194 
  -0.118746 ,  -0.162258, 0.014169 
  -0.121203 ,  -0.163551, 0.020520 
  -0.123621 ,  -0.163888, 0.025626 
  -0.125997 ,  -0.163262, 0.029044 
  -0.128330 ,  -0.161674, 0.030568 
  -0.130618 ,  -0.159135, 0.030248 
  -0.132858 ,  -0.155658, 0.028369 
  -0.135047 ,  -0.151269, 0.025387 
  -0.137184 ,  -0.145997, 0.021854 
  -0.139267 ,  -0.139879, 0.018313 
  -0.141294 ,  -0.132960, 0.015214 
  -0.143261 ,  -0.125288, 0.012839 
  -0.145168 ,  -0.116918, 0.011259 
  -0.147012 ,  -0.107912, 0.010333 
  -0.148791 ,  -0.098333, 0.009745 
  -0.150503 ,  -0.088251, 0.009063 
  -0.152146 ,  -0.077738, 0.007833 
  -0.153719 ,  -0.066867, 0.005666 
  -0.155218 ,  -0.055717, 0.002325 
  -0.156643 ,  -0.044365, -0.002218 
  -0.157991 ,  -0.032889, -0.007755 
  -0.159261 ,  -0.021369, -0.013861 
  -0.160452 ,  -0.009881, -0.019942 
  -0.161560 ,  0.001499, -0.025321 
  -0.162585 ,  0.012695, -0.029338 
  -0.163525 ,  0.023638, -0.031453 
  -0.164379 ,  0.034259, -0.031334 
  -0.165144 ,  0.044494, -0.028920 
  -0.165820 ,  0.054285, -0.024444 
  -0.166405 ,  0.063576, -0.018407 
  -0.166898 ,  0.072319, -0.011525 
  -0.167298 ,  0.080469, -0.004628 
  -0.167602 ,  0.087990, 0.001449 
  -0.167811 ,  0.094850, 0.005983 
  -0.167923 ,  0.101023, 0.008465 
  -0.167937 ,  0.106491, 0.008673 
  -0.167852 ,  0.111241, 0.006701 
  -0.167667 ,  0.115268, 0.002954 
  -0.167382 ,  0.118570, -0.001913 
  -0.166995 ,  0.121155, -0.007085 
  -0.166507 ,  0.123034, -0.011697 
  -0.165916 ,  0.124225, -0.014960 
  -0.165221 ,  0.124750, -0.016265 
  -0.164424 ,  0.124636, -0.015267 
  -0.163522 ,  0.123914, -0.011936 
  -0.162516 ,  0.122621, -0.006555 
  -0.161406 ,  0.120796, 0.000319 
  -0.160192 ,  0.118478, 0.007931 
  -0.158873 ,  0.115714, 0.015429 
  -0.157449 ,  0.112547, 0.021982 
  -0.155922 ,  0.109026, 0.026885 
  -0.154290 ,  0.105197, 0.029646 
  -0.152555 ,  0.101108, 0.030047 
  -0.150717 ,  0.096806, 0.028157 
  -0.148775 ,  0.092337, 0.024317 
  -0.146732 ,  0.087747, 0.019076 
  -0.144587 ,  0.083078, 0.013117 
  -0.142342 ,  0.078371, 0.007154 
  -0.139997 ,  0.073664, 0.001840 
  -0.137553 ,  0.068992, -0.002316 
  -0.135011 ,  0.064388, -0.005008 
  -0.132373 ,  0.059879, -0.006155 
  -0.129639 ,  0.055490, -0.005898 
  -0.126811 ,  0.051243, -0.004564 
  -0.123891 ,  0.047155, -0.002598 
  -0.120879 ,  0.043238, -0.000496 
  -0.117778 ,  0.039504, 0.001277 
  -0.114589 ,  0.035957, 0.002352 
  -0.111315 ,  0.032600, 0.002505 
  -0.107956 ,  0.029432, 0.001682 
  -0.104515 ,  0.026448, -0.000004 
  -0.100994 ,  0.023640, -0.002303 
  -0.097395 ,  0.020998, -0.004872 
  -0.093720 ,  0.018510, -0.007335 
  -0.089972 ,  0.016161, -0.009347 
  -0.086153 ,  0.013934, -0.010646 
  -0.082266 ,  0.011811, -0.011091 
  -0.078312 ,  0.009773, -0.010685 
  -0.074296 ,  0.007801, -0.009567 
  -0.070219 ,  0.005874, -0.007991 
  -0.066084 ,  0.003973, -0.006283 
  -0.061894 ,  0.002078, -0.004792 
  -0.057653 ,  0.000171, -0.003833 
  -0.053363 ,  -0.001767, -0.003638 
  -0.049027 ,  -0.003751, -0.004325 
  -0.044649 ,  -0.005796, -0.005872 
  -0.040231 ,  -0.007915, -0.008118 
  -0.035777 ,  -0.010119, -0.010786 
  -0.031291 ,  -0.012416, -0.013508 
  -0.026775 ,  -0.014812, -0.015878 
  -0.022234 ,  -0.017311, -0.017497 
  -0.017670 ,  -0.019914, -0.018020 
  -0.013088 ,  -0.022621, -0.017202 
  -0.008491 ,  -0.025426, -0.014919 
  -0.003882 ,  -0.028325, -0.011189 
  0.000735 ,  -0.031307, -0.006166 
  0.005355 ,  -0.034363, -0.000127 
  0.009976 ,  -0.037480, 0.006553 
  0.014593 ,  -0.040642, 0.013442 
  0.019203 ,  -0.043834, 0.020081 
  0.023801 ,  -0.047036, 0.026030 
  0.028385 ,  -0.050231, 0.030894 
  0.032949 ,  -0.053398, 0.034359 
  0.037491 ,  -0.056516, 0.036208 
  0.042006 ,  -0.059563, 0.036331 
  0.046490 ,  -0.062519, 0.034734 
  0.050940 ,  -0.065362, 0.031527 
  0.055351 ,  -0.068071, 0.026921 
  0.059720 ,  -0.070626, 0.021210 
  0.064043 ,  -0.073007, 0.014749 
  0.068315 ,  -0.075197, 0.007935 
  0.072534 ,  -0.077178, 0.001178 
  0.076696 ,  -0.078935, -0.005121 
  0.080795 ,  -0.080454, -0.010600 
  0.084830 ,  -0.081723, -0.014959 
  0.088795 ,  -0.082733, -0.017986 
  0.092688 ,  -0.083475, -0.019574 
  0.096505 ,  -0.083944, -0.019731 
  0.100242 ,  -0.084135, -0.018587 
  0.103896 ,  -0.084048, -0.016385 
  0.107462 ,  -0.083682, -0.013463 
  0.110939 ,  -0.083041, -0.010229 
  0.114322 ,  -0.082129, -0.007124 
  0.117609 ,  -0.080952, -0.004575 
  0.120795 ,  -0.079519, -0.002959 
  0.123879 ,  -0.077838, -0.002553 
  0.126856 ,  -0.075922, -0.003504 
  0.129724 ,  -0.073783, -0.005802 
  0.132481 ,  -0.071434, -0.009275 
  0.135122 ,  -0.068890, -0.013596 
  0.137647 ,  -0.066166, -0.018306 
  0.140052 ,  -0.063277, -0.022858 
  0.142334 ,  -0.060241, -0.026670 
  0.144492 ,  -0.057072, -0.029183 
  0.146522 ,  -0.053787, -0.029921 
  0.148424 ,  -0.050401, -0.028545 
  0.150195 ,  -0.046931, -0.024895 
  0.151833 ,  -0.043390, -0.019016 
  0.153336 ,  -0.039793, -0.011162 
  0.154703 ,  -0.036154, -0.001781 
  0.155932 ,  -0.032484, 0.008521 
  0.157022 ,  -0.028795, 0.019031 
  0.157972 ,  -0.025097, 0.028993 
  0.158780 ,  -0.021400, 0.037673 
  0.159446 ,  -0.017712, 0.044426 
  0.159969 ,  -0.014039, 0.048753 
  0.160347 ,  -0.010388, 0.050342 
  0.160581 ,  -0.006764, 0.049096 
  0.160671 ,  -0.003170, 0.045134 
  0.160615 ,  0.000390, 0.038780 
  0.160414 ,  0.003914, 0.030530 
  0.160068 ,  0.007400, 0.021005 
  0.159577 ,  0.010848, 0.010897 
  0.158942 ,  0.014256, 0.000911 
  0.158162 ,  0.017624, -0.008293 
  0.157240 ,  0.020952, -0.016147 
  0.156174 ,  0.024240, -0.022218 
  0.154967 ,  0.027488, -0.026233 
  0.153620 ,  0.030694, -0.028090 
  0.152133 ,  0.033858, -0.027860 
  0.150509 ,  0.036978, -0.025765 
  0.148749 ,  0.040052, -0.022160 
  0.146854 ,  0.043077, -0.017492 
  0.144826 ,  0.046050, -0.012266 
  0.142668 ,  0.048966, -0.006999 
  0.140382 ,  0.051820, -0.002182 
  0.137969 ,  0.054605, 0.001759 
  0.135433 ,  0.057314, 0.004492 
  0.132776 ,  0.059940, 0.005808 
  0.130000 ,  0.062472, 0.005631 
  0.127109 ,  0.064902, 0.004024 
  0.124106 ,  0.067219, 0.001184 
  0.120993 ,  0.069411, -0.002575 
  0.117774 ,  0.071467, -0.006851 
  0.114453 ,  0.073374, -0.011188 
  0.111032 ,  0.075121, -0.015113 
  0.107516 ,  0.076695, -0.018183 
  0.103908 ,  0.078082, -0.020026 
  0.100212 ,  0.079272, -0.020375 
  0.096432 ,  0.080252, -0.019099 
  0.092572 ,  0.081011, -0.016220 
  0.088636 ,  0.081539, -0.011909 
  0.084628 ,  0.081825, -0.006477 
  0.080553 ,  0.081862, -0.000347 
  0.076416 ,  0.081643, 0.005990 
  0.072220 ,  0.081162, 0.012019 
  0.067970 ,  0.080415, 0.017255 
  0.063671 ,  0.079399, 0.021293 
  0.059327 ,  0.078114, 0.023848 
  0.054944 ,  0.076562, 0.024781 
  0.050526 ,  0.074746, 0.024114 
  0.046078 ,  0.072670, 0.022022 
  0.041605 ,  0.070344, 0.018807 
  0.037112 ,  0.067776, 0.014864 
  0.032604 ,  0.064977, 0.010627 
  0.028085 ,  0.061962, 0.006522 
  0.023561 ,  0.058745, 0.002915 
  0.019038 ,  0.055344, 0.000072 
  0.014519 ,  0.051777, -0.001865 
  0.010010 ,  0.048065, -0.002888 
  0.005516 ,  0.044229, -0.003113 
  0.001043 ,  0.040291, -0.002752 
  -0.003406 ,  0.036276, -0.002076 
  -0.007824 ,  0.032207, -0.001371 
  -0.012208 ,  0.028110, -0.000888 
  -0.016551 ,  0.024008, -0.000810 
  -0.020849 ,  0.019928, -0.001222 
  -0.025098 ,  0.015893, -0.002103 
  -0.029292 ,  0.011926, -0.003333 
  -0.033426 ,  0.008052, -0.004716 
  -0.037497 ,  0.004292, -0.006015 
  -0.041499 ,  0.000667, -0.006998 
  -0.045427 ,  -0.002804, -0.007475 
  -0.049278 ,  -0.006105, -0.007336 
  -0.053047 ,  -0.009219, -0.006573 
  -0.056730 ,  -0.012134, -0.005284 
  -0.060322 ,  -0.014839, -0.003663 
  -0.063819 ,  -0.017326, -0.001968 
  -0.067217 ,  -0.019588, -0.000485 
  -0.070514 ,  -0.021622, 0.000523 
  -0.073703 ,  -0.023429, 0.000856 
  -0.076783 ,  -0.025009, 0.000418 
  -0.079750 ,  -0.026368, -0.000766 
  -0.082600 ,  -0.027513, -0.002548 
  -0.085329 ,  -0.028453, -0.004672 
  -0.087936 ,  -0.029201, -0.006809 
  -0.090416 ,  -0.029772, -0.008608 
  -0.092767 ,  -0.030180, -0.009748 
  -0.094987 ,  -0.030446, -0.009989 
  -0.097073 ,  -0.030588, -0.009212 
  -0.099022 ,  -0.030628, -0.007446 
  -0.100832 ,  -0.030589, -0.004863 
  -0.102502 ,  -0.030493, -0.001763 
  -0.104029 ,  -0.030364, 0.001469 
  -0.105412 ,  -0.030226, 0.004418 
  -0.106649 ,  -0.030103, 0.006703 
  -0.107739 ,  -0.030018, 0.008036 
  -0.108680 ,  -0.029994, 0.008265 
  -0.109472 ,  -0.030052, 0.007408 
  -0.110114 ,  -0.030214, 0.005654 
  -0.110605 ,  -0.030497, 0.003341 
  -0.110944 ,  -0.030918, 0.000909 
  -0.111132 ,  -0.031492, -0.001160 
  -0.111168 ,  -0.032231, -0.002414 
  -0.111053 ,  -0.033145, -0.002505 
  -0.110786 ,  -0.034240, -0.001239 
  -0.110368 ,  -0.035520, 0.001382 
  -0.109799 ,  -0.036987, 0.005147 
  -0.109081 ,  -0.038637, 0.009663 
  -0.108215 ,  -0.040466, 0.014394 
  -0.107201 ,  -0.042464, 0.018730 
  -0.106040 ,  -0.044620, 0.022065 
  -0.104735 ,  -0.046920, 0.023880 
  -0.103287 ,  -0.049345, 0.023811 
  -0.101698 ,  -0.051874, 0.021703 
  -0.099969 ,  -0.054485, 0.017632 
  -0.098104 ,  -0.057152, 0.011898 
  -0.096104 ,  -0.059847, 0.004996 
  -0.093972 ,  -0.062539, -0.002452 
  -0.091710 ,  -0.065198, -0.009766 
  -0.089322 ,  -0.067791, -0.016295 
  -0.086809 ,  -0.070283, -0.021491 
  -0.084177 ,  -0.072641, -0.024970 
  -0.081426 ,  -0.074831, -0.026554 
  -0.078562 ,  -0.076817, -0.026276 
  -0.075588 ,  -0.078565, -0.024367 
  -0.072506 ,  -0.080044, -0.021211 
  -0.069322 ,  -0.081221, -0.017285 
  -0.066038 ,  -0.082067, -0.013092 
  -0.062659 ,  -0.082553, -0.009091 
  -0.059189 ,  -0.082654, -0.005642 
  -0.055632 ,  -0.082347, -0.002970 
  -0.051993 ,  -0.081613, -0.001144 
  -0.048276 ,  -0.080435, -0.000089 
  -0.044485 ,  -0.078800, 0.000384 
  -0.040625 ,  -0.076700, 0.000538 
  -0.036701 ,  -0.074128, 0.000652 
  -0.032717 ,  -0.071085, 0.000972 
  -0.028678 ,  -0.067572, 0.001666 
  -0.024590 ,  -0.063598, 0.002801 
  -0.020456 ,  -0.059174, 0.004328 
  -0.016282 ,  -0.054316, 0.006097 
  -0.012074 ,  -0.049042, 0.007886 
  -0.007835 ,  -0.043379, 0.009435 
  -0.003571 ,  -0.037352, 0.010501 
  0.000713 ,  -0.030993, 0.010892 
  0.005012 ,  -0.024338, 0.010508 
  0.009321 ,  -0.017424, 0.009356 
  0.013634 ,  -0.010291, 0.007558 
  0.017947 ,  -0.002983, 0.005330 
  0.022255 ,  0.004455, 0.002958 
  0.026552 ,  0.011976, 0.000753 
  0.030833 ,  0.019531, -0.000992 
  0.035095 ,  0.027072, -0.002040 
  0.039330 ,  0.034549, -0.002247 
  0.043536 ,  0.041912, -0.001581 
  0.047706 ,  0.049113, -0.000125 
  0.051836 ,  0.056103, 0.001938 
  0.055922 ,  0.062836, 0.004346 
  0.059958 ,  0.069266, 0.006794 
  0.063940 ,  0.075350, 0.008978 
  0.067864 ,  0.081050, 0.010623 
  0.071725 ,  0.086326, 0.011526 
  0.075518 ,  0.091146, 0.011565 
  0.079241 ,  0.095480, 0.010714 
  0.082887 ,  0.099300, 0.009035 
  0.086454 ,  0.102584, 0.006662 
  0.089938 ,  0.105316, 0.003780 
  0.093334 ,  0.107481, 0.000598 
  0.096639 ,  0.109070, -0.002677 
  0.099850 ,  0.110080, -0.005862 
  0.102962 ,  0.110511, -0.008808 
  0.105974 ,  0.110369, -0.011413 
  0.108881 ,  0.109662, -0.013611 
  0.111681 ,  0.108406, -0.015372 
  0.114371 ,  0.106619, -0.016685 
  0.116947 ,  0.104323, -0.017549 
  0.119409 ,  0.101546, -0.017962 
  0.121752 ,  0.098316, -0.017916 
  0.123975 ,  0.094669, -0.017398 
  0.126077 ,  0.090639, -0.016391 
  0.128053 ,  0.086267, -0.014889 
  0.129905 ,  0.081592, -0.012900 
  0.131628 ,  0.076658, -0.010460 
  0.133223 ,  0.071508, -0.007641 
  0.134688 ,  0.066188, -0.004547 
  0.136021 ,  0.060742, -0.001311 
  0.137222 ,  0.055216, 0.001914 
  0.138290 ,  0.049654, 0.004969 
  0.139225 ,  0.044101, 0.007709 
  0.140026 ,  0.038599, 0.010017 
  0.140692 ,  0.033188, 0.011820 
  0.141224 ,  0.027906, 0.013092 
  0.141622 ,  0.022791, 0.013858 
  0.141887 ,  0.017875, 0.014186 
  0.142017 ,  0.013188, 0.014177 
  0.142015 ,  0.008757, 0.013944 
  0.141881 ,  0.004604, 0.013594 
  0.141615 ,  0.000750, 0.013213 
  0.141219 ,  -0.002791, 0.012850 
  0.140694 ,  -0.006006, 0.012510 
  0.140042 ,  -0.008890, 0.012155 
  0.139264 ,  -0.011439, 0.011713 
  0.138361 ,  -0.013653, 0.011086 
  0.137336 ,  -0.015538, 0.010176 
  0.136190 ,  -0.017101, 0.008896 
  0.134926 ,  -0.018356, 0.007193 
  0.133545 ,  -0.019318, 0.005062 
  0.132051 ,  -0.020005, 0.002544 
  0.130445 ,  -0.020440, -0.000264 
  0.128731 ,  -0.020647, -0.003225 
  0.126911 ,  -0.020653, -0.006171 
  0.124987 ,  -0.020486, -0.008926 
  0.122964 ,  -0.020175, -0.011322 
  0.120843 ,  -0.019753, -0.013218 
  0.118628 ,  -0.019251, -0.014515 
  0.116323 ,  -0.018701, -0.015167 
  0.113931 ,  -0.018135, -0.015180 
  0.111455 ,  -0.017584, -0.014610 
  0.108898 ,  -0.017080, -0.013555 
  0.106265 ,  -0.016650, -0.012138 
  0.103559 ,  -0.016322, -0.010498 
  0.100783 ,  -0.016122, -0.008768 
  0.097942 ,  -0.016073, -0.007070 
  0.095040 ,  -0.016194, -0.005498 
  0.092079 ,  -0.016504, -0.004120 
  0.089064 ,  -0.017015, -0.002974 
  0.086000 ,  -0.017739, -0.002070 
  0.082890 ,  -0.018683, -0.001395 
  0.079737 ,  -0.019851, -0.000920 
  0.076547 ,  -0.021241, -0.000606 
  0.073323 ,  -0.022851, -0.000409 
  0.070069 ,  -0.024672, -0.000282 
  0.066790 ,  -0.026694, -0.000178 
  0.063488 ,  -0.028901, -0.000054 
  0.060169 ,  -0.031275, 0.000136 
  0.056836 ,  -0.033796, 0.000434 
  0.053494 ,  -0.036437, 0.000879 
  0.050145 ,  -0.039174, 0.001508 
  0.046795 ,  -0.041976, 0.002349 
  0.043447 ,  -0.044811, 0.003417 
  0.040105 ,  -0.047648, 0.004712 
  0.036772 ,  -0.050451, 0.006215 
  0.033453 ,  -0.053185, 0.007881 
  0.030151 ,  -0.055815, 0.009644 
  0.026870 ,  -0.058304, 0.011415 
  0.023613 ,  -0.060618, 0.013090 
  0.020384 ,  -0.062722, 0.014554 
  0.017185 ,  -0.064581, 0.015691 
  0.014022 ,  -0.066165, 0.016394 
  0.010896 ,  -0.067444, 0.016572 
  0.007811 ,  -0.068390, 0.016162 
  0.004770 ,  -0.068979, 0.015127 
  0.001776 ,  -0.069188, 0.013469 
  -0.001169 ,  -0.069001, 0.011219 
  -0.004060 ,  -0.068401, 0.008442 
  -0.006897 ,  -0.067379, 0.005230 
  -0.009676 ,  -0.065928, 0.001695 
  -0.012395 ,  -0.064045, -0.002035 
  -0.015052 ,  -0.061732, -0.005826 
  -0.017644 ,  -0.058994, -0.009538 
  -0.020169 ,  -0.055842, -0.013038 
  -0.022625 ,  -0.052291, -0.016199 
  -0.025011 ,  -0.048359, -0.018907 
  -0.027325 ,  -0.044068, -0.021063 
  -0.029565 ,  -0.039446, -0.022586 
  -0.031729 ,  -0.034521, -0.023419 
  -0.033817 ,  -0.029329, -0.023528 
  -0.035827 ,  -0.023905, -0.022906 
  -0.037758 ,  -0.018288, -0.021573 
  -0.039609 ,  -0.012520, -0.019574 
  -0.041379 ,  -0.006644, -0.016981 
  -0.043068 ,  -0.000705, -0.013884 
  -0.044675 ,  0.005251, -0.010390 
  -0.046199 ,  0.011177, -0.006615 
  -0.047641 ,  0.017026, -0.002680 
  -0.048999 ,  0.022753, 0.001297 
  -0.050274 ,  0.028310, 0.005206 
  -0.051467 ,  0.033654, 0.008940 
  -0.052576 ,  0.038743, 0.012406 
  -0.053602 ,  0.043534, 0.015511 
  -0.054546 ,  0.047990, 0.018171 
  -0.055409 ,  0.052075, 0.020300 
  -0.056190 ,  0.055758, 0.021812 
  -0.056891 ,  0.059010, 0.022622 
  -0.057513 ,  0.061805, 0.022650 
  -0.058055 ,  0.064125, 0.021830 
  -0.058521 ,  0.065952, 0.020122 
  -0.058909 ,  0.067274, 0.017523 
  -0.059223 ,  0.068085, 0.014083 
  -0.059462 ,  0.068382, 0.009915 
  -0.059630 ,  0.068167, 0.005200 
  -0.059726 ,  0.067447, 0.000186 
  -0.059753 ,  0.066234, -0.004820 
  -0.059712 ,  0.064543, -0.009475 
  -0.059605 ,  0.062395, -0.013425 
  -0.059434 ,  0.059814, -0.016339 
  -0.059201 ,  0.056828, -0.017946 
  -0.058907 ,  0.053468, -0.018068 
  -0.058555 ,  0.049771, -0.016647 
  -0.058147 ,  0.045773, -0.013763 
  -0.057684 ,  0.041515, -0.009638 
  -0.057170 ,  0.037039, -0.004624 
  -0.056605 ,  0.032389, 0.000828 
  -0.055993 ,  0.027610, 0.006204 
  -0.055336 ,  0.022749, 0.010978 
  -0.054635 ,  0.017850, 0.014669 
  -0.053894 ,  0.012961, 0.016886 
  -0.053114 ,  0.008127, 0.017375 
  -0.052299 ,  0.003391, 0.016045 
  -0.051449 ,  -0.001203, 0.012982 
  -0.050568 ,  -0.005615, 0.008437 
  -0.049658 ,  -0.009806, 0.002807 
  -0.048721 ,  -0.013741, -0.003411 
  -0.047760 ,  -0.017386, -0.009673 
  -0.046777 ,  -0.020713, -0.015435 
  -0.045775 ,  -0.023695, -0.020216 
  -0.044755 ,  -0.026309, -0.023638 
  -0.043720 ,  -0.028539, -0.025457 
  -0.042673 ,  -0.030370, -0.025582 
  -0.041615 ,  -0.031792, -0.024072 
  -0.040548 ,  -0.032800, -0.021121 
  -0.039476 ,  -0.033391, -0.017025 
  -0.038399 ,  -0.033569, -0.012148 
  -0.037321 ,  -0.033340, -0.006877 
  -0.036243 ,  -0.032716, -0.001589 
  -0.035167 ,  -0.031711, 0.003389 
  -0.034095 ,  -0.030343, 0.007796 
  -0.033029 ,  -0.028633, 0.011452 
  -0.031971 ,  -0.026606, 0.014263 
  -0.030922 ,  -0.024289, 0.016207 
  -0.029885 ,  -0.021712, 0.017325 
  -0.028860 ,  -0.018906, 0.017702 
  -0.027850 ,  -0.015906, 0.017448 
  -0.026856 ,  -0.012744, 0.016685 
  -0.025880 ,  -0.009458, 0.015532 
  -0.024922 ,  -0.006082, 0.014099 
  -0.023985 ,  -0.002654, 0.012485 
  -0.023068 ,  0.000791, 0.010772 
  -0.022175 ,  0.004218, 0.009035 
  -0.021304 ,  0.007593, 0.007332 
  -0.020458 ,  0.010882, 0.005713 
  -0.019638 ,  0.014054, 0.004216 
  -0.018844 ,  0.017080, 0.002861 
  -0.018077 ,  0.019932, 0.001651 
  -0.017337 ,  0.022587, 0.000571 
  -0.016626 ,  0.025023, -0.000416 
  -0.015943 ,  0.027219, -0.001365 
  -0.015290 ,  0.029161, -0.002337 
  -0.014666 ,  0.030834, -0.003397 
  -0.014073 ,  0.032230, -0.004594 
  -0.013509 ,  0.033340, -0.005956 
  -0.012975 ,  0.034161, -0.007476 
  -0.012472 ,  0.034692, -0.009105 
  -0.011999 ,  0.034936, -0.010755 
  -0.011556 ,  0.034898, -0.012305 
  -0.011143 ,  0.034584, -0.013611 
  -0.010760 ,  0.034006, -0.014526 
  -0.010406 ,  0.033175, -0.014919 
  -0.010081 ,  0.032106, -0.014694 
  -0.009785 ,  0.030815, -0.013804 
  -0.009518 ,  0.029320, -0.012263 
  -0.009278 ,  0.027640, -0.010145 
  -0.009065 ,  0.025795, -0.007574 
  -0.008878 ,  0.023805, -0.004713 
  -0.008718 ,  0.021691, -0.001742 
  -0.008582 ,  0.019475, 0.001165 
  -0.008471 ,  0.017177, 0.003860 
  -0.008383 ,  0.014818, 0.006230 
  -0.008318 ,  0.012419, 0.008211 
  -0.008274 ,  0.009997, 0.009779 
  -0.008251 ,  0.007571, 0.010945 
  -0.008248 ,  0.005158, 0.011731 
  -0.008264 ,  0.002772, 0.012159 
  -0.008297 ,  0.000429, 0.012229 
  -0.008347 ,  -0.001861, 0.011913 
  -0.008413 ,  -0.004086, 0.011152 
  -0.008494 ,  -0.006239, 0.009870 
  -0.008588 ,  -0.008311, 0.007994 
  -0.008695 ,  -0.010298, 0.005483 
  -0.008813 ,  -0.012196, 0.002360 
  -0.008941 ,  -0.014003, -0.001261 
  -0.009079 ,  -0.015719, -0.005161 
  -0.009224 ,  -0.017343, -0.009012 
  -0.009377 ,  -0.018878, -0.012398 
  -0.009536 ,  -0.020328, -0.014857 
  -0.009700 ,  -0.021695, -0.015937 
  -0.009868 ,  -0.022984, -0.015262 
  -0.010040 ,  -0.024200, -0.012603 
  -0.010213 ,  -0.025347, -0.007935 
  -0.010387 ,  -0.026432, -0.001481 
  -0.010561 ,  -0.027459, 0.006283 
  -0.010735 ,  -0.028432, 0.014647 
  -0.010907 ,  -0.029355, 0.022731 
  -0.011077 ,  -0.030232, 0.029572 
  -0.011244 ,  -0.031064, 0.034238 
  -0.011406 ,  -0.031853, 0.035948 
  -0.011565 ,  -0.032598, 0.034187 
  -0.011718 ,  -0.033299, 0.028792 
  -0.011865 ,  -0.033953, 0.020006 
  -0.012006 ,  -0.034555, 0.008477 
  -0.012140 ,  -0.035101, -0.004786 
  -0.012267 ,  -0.035583, -0.018516 
  -0.012386 ,  -0.035993, -0.031324 
  -0.012498 ,  -0.036323, -0.041859 
  -0.012601 ,  -0.036561, -0.048971 
  -0.012696 ,  -0.036696, -0.051860 
  -0.012782 ,  -0.036716, -0.050179 
  -0.012859 ,  -0.036608, -0.044090 
  -0.012928 ,  -0.036358, -0.034253 
  -0.012988 ,  -0.035953, -0.021757 
  -0.013040 ,  -0.035380, -0.007988 
  -0.013083 ,  -0.034625, 0.005536 
  -0.013118 ,  -0.033675, 0.017356 
  -0.013145 ,  -0.032520, 0.026245 
  -0.013165 ,  -0.031148, 0.031367 
  -0.013177 ,  -0.029550, 0.032373 
  -0.013182 ,  -0.027719, 0.029443 
  -0.013181 ,  -0.025649, 0.023250 
  -0.013175 ,  -0.023337, 0.014864 
  -0.013163 ,  -0.020781, 0.005609 
  -0.013147 ,  -0.017984, -0.003124 
  -0.013127 ,  -0.014948, -0.010060 
  -0.013105 ,  -0.011683, -0.014212 
  -0.013080 ,  -0.008196, -0.015006 
  -0.013054 ,  -0.004503, -0.012356 
  -0.013028 ,  -0.000618, -0.006661 
  -0.013002 ,  0.003439, 0.001252 
  -0.012979 ,  0.007646, 0.010252 
  -0.012958 ,  0.011977, 0.019063 
  -0.012940 ,  0.016406, 0.026442 
  -0.012928 ,  0.020901, 0.031342 
  -0.012922 ,  0.025430, 0.033057 
  -0.012923 ,  0.029958, 0.031304 
  -0.012933 ,  0.034448, 0.026252 
  -0.012952 ,  0.038863, 0.018485 
  -0.012983 ,  0.043162, 0.008915 
  -0.013025 ,  0.047307, -0.001358 
  -0.013081 ,  0.051256, -0.011194 
  -0.013152 ,  0.054970, -0.019570 
  -0.013239 ,  0.058409, -0.025706 
  -0.013343 ,  0.061534, -0.029158 
  -0.013466 ,  0.064308, -0.029854 
  -0.013609 ,  0.066696, -0.028074 
  -0.013773 ,  0.068663, -0.024383 
  -0.013960 ,  0.070180, -0.019527 
  -0.014170 ,  0.071219, -0.014307 
  -0.014406 ,  0.071757, -0.009452 
  -0.014668 ,  0.071772, -0.005512 
  -0.014957 ,  0.071250, -0.002792 
  -0.015275 ,  0.070179, -0.001320 
  -0.015622 ,  0.068552, -0.000869 
  -0.016000 ,  0.066366, -0.001021 
  -0.016411 ,  0.063625, -0.001262 
  -0.016854 ,  0.060336, -0.001084 
  -0.017331 ,  0.056513, -0.000092 
  -0.017843 ,  0.052174, 0.001917 
  -0.018390 ,  0.047341, 0.004906 
  -0.018974 ,  0.042043, 0.008596 
  -0.019595 ,  0.036313, 0.012503 
  -0.020255 ,  0.030187, 0.016019 
  -0.020952 ,  0.023707, 0.018509 
  -0.021689 ,  0.016917, 0.019426 
  -0.022466 ,  0.009867, 0.018406 
  -0.023282 ,  0.002607, 0.015346 
  -0.024139 ,  -0.004807, 0.010436 
  -0.025036 ,  -0.012321, 0.004152 
  -0.025975 ,  -0.019875, -0.002800 
  -0.026954 ,  -0.027413, -0.009578 
  -0.027974 ,  -0.034873, -0.015318 
  -0.029035 ,  -0.042197, -0.019255 
  -0.030136 ,  -0.049326, -0.020842 
  -0.031278 ,  -0.056204, -0.019824 
  -0.032460 ,  -0.062774, -0.016286 
  -0.033682 ,  -0.068983, -0.010646 
  -0.034942 ,  -0.074781, -0.003600 
  -0.036242 ,  -0.080120, 0.003968 
  -0.037579 ,  -0.084958, 0.011108 
  -0.038953 ,  -0.089253, 0.016934 
  -0.040363 ,  -0.092973, 0.020739 
  -0.041808 ,  -0.096086, 0.022095 
  -0.043287 ,  -0.098568, 0.020903 
  -0.044798 ,  -0.100399, 0.017402 
  -0.046342 ,  -0.101565, 0.012128 
  -0.047915 ,  -0.102058, 0.005834 
  -0.049517 ,  -0.101875, -0.000622 
  -0.051145 ,  -0.101019, -0.006396 
  -0.052799 ,  -0.099498, -0.010781 
  -0.054477 ,  -0.097326, -0.013295 
  -0.056176 ,  -0.094523, -0.013746 
  -0.057895 ,  -0.091112, -0.012247 
  -0.059632 ,  -0.087122, -0.009188 
  -0.061385 ,  -0.082587, -0.005170 
  -0.063151 ,  -0.077545, -0.000908 
  -0.064928 ,  -0.072036, 0.002877 
  -0.066714 ,  -0.066105, 0.005567 
  -0.068506 ,  -0.059798, 0.006735 
  -0.070302 ,  -0.053166, 0.006205 
  -0.072100 ,  -0.046260, 0.004066 
  -0.073896 ,  -0.039130, 0.000658 
  -0.075689 ,  -0.031831, -0.003490 
  -0.077474 ,  -0.024416, -0.007743 
  -0.079251 ,  -0.016937, -0.011456 
  -0.081014 ,  -0.009447, -0.014077 
  -0.082763 ,  -0.001995, -0.015219 
  -0.084494 ,  0.005368, -0.014724 
  -0.086203 ,  0.012597, -0.012673 
  -0.087888 ,  0.019646, -0.009374 
  -0.089546 ,  0.026476, -0.005308 
  -0.091174 ,  0.033047, -0.001051 
  -0.092769 ,  0.039326, 0.002814 
  -0.094327 ,  0.045282, 0.005788 
  -0.095846 ,  0.050887, 0.007531 
  -0.097322 ,  0.056119, 0.007914 
  -0.098752 ,  0.060960, 0.007034 
  -0.100134 ,  0.065394, 0.005199 
  -0.101464 ,  0.069411, 0.002881 
  -0.102738 ,  0.073005, 0.000637 
  -0.103955 ,  0.076173, -0.000977 
  -0.105111 ,  0.078915, -0.001493 
  -0.106202 ,  0.081238, -0.000608 
  -0.107227 ,  0.083148, 0.001757 
  -0.108181 ,  0.084658, 0.005442 
  -0.109063 ,  0.085780, 0.010057 
  -0.109869 ,  0.086531, 0.015024 
  -0.110597 ,  0.086929, 0.019656 
  -0.111244 ,  0.086995, 0.023241 
  -0.111807 ,  0.086749, 0.025142 
  -0.112284 ,  0.086215, 0.024882 
  -0.112672 ,  0.085416, 0.022216 
  -0.112969 ,  0.084375, 0.017173 
  -0.113172 ,  0.083115, 0.010061 
  -0.113280 ,  0.081661, 0.001446 
  -0.113290 ,  0.080034, -0.007911 
  -0.113200 ,  0.078257, -0.017130 
  -0.113009 ,  0.076349, -0.025313 
  -0.112714 ,  0.074331, -0.031642 
  -0.112314 ,  0.072219, -0.035466 
  -0.111807 ,  0.070030, -0.036377 
  -0.111191 ,  0.067776, -0.034252 
  -0.110467 ,  0.065472, -0.029267 
  -0.109631 ,  0.063126, -0.021882 
  -0.108684 ,  0.060746, -0.012786 
  -0.107624 ,  0.058339, -0.002835 
  -0.106450 ,  0.055909, 0.007039 
  -0.105162 ,  0.053458, 0.015920 
  -0.103760 ,  0.050986, 0.022996 
  -0.102243 ,  0.048494, 0.027630 
  -0.100611 ,  0.045977, 0.029423 
  -0.098863 ,  0.043433, 0.028244 
  -0.097000 ,  0.040857, 0.024234 
  -0.095023 ,  0.038243, 0.017789 
  -0.092931 ,  0.035585, 0.009520 
  -0.090725 ,  0.032878, 0.000193 
  -0.088407 ,  0.030113, -0.009344 
  -0.085976 ,  0.027286, -0.018231 
  -0.083434 ,  0.024390, -0.025671 
  -0.080782 ,  0.021419, -0.030999 
  -0.078022 ,  0.018368, -0.033728 
  -0.075154 ,  0.015234, -0.033590 
  -0.072182 ,  0.012015, -0.030556 
  -0.069106 ,  0.008708, -0.024826 
  -0.065929 ,  0.005313, -0.016819 
  -0.062652 ,  0.001832, -0.007132 
  -0.059279 ,  -0.001733, 0.003508 
  -0.055811 ,  -0.005376, 0.014298 
  -0.052252 ,  -0.009093, 0.024426 
  -0.048603 ,  -0.012875, 0.033129 
  -0.044869 ,  -0.016714, 0.039755 
  -0.041052 ,  -0.020599, 0.043809 
  -0.037155 ,  -0.024519, 0.044991 
  -0.033181 ,  -0.028460, 0.043218 
  -0.029135 ,  -0.032409, 0.038631 
  -0.025019 ,  -0.036351, 0.031582 
  -0.020838 ,  -0.040269, 0.022607 
  -0.016595 ,  -0.044149, 0.012382 
  -0.012295 ,  -0.047974, 0.001672 
  -0.007941 ,  -0.051726, -0.008734 
  -0.003538 ,  -0.055390, -0.018082 
  0.000910 ,  -0.058949, -0.025719 
  0.005399 ,  -0.062388, -0.031140 
  0.009924 ,  -0.065691, -0.034035 
  0.014481 ,  -0.068844, -0.034308 
  0.019064 ,  -0.071834, -0.032090 
  0.023670 ,  -0.074649, -0.027718 
  0.028292 ,  -0.077277, -0.021711 
  0.032927 ,  -0.079710, -0.014717 
  0.037570 ,  -0.081940, -0.007455 
  0.042215 ,  -0.083960, -0.000651 
  0.046857 ,  -0.085765, 0.005032 
  0.051492 ,  -0.087352, 0.009056 
  0.056113 ,  -0.088720, 0.011056 
  0.060717 ,  -0.089867, 0.010879 
  0.065297 ,  -0.090796, 0.008595 
  0.069849 ,  -0.091509, 0.004494 
  0.074368 ,  -0.092009, -0.000944 
  0.078848 ,  -0.092302, -0.007091 
  0.083284 ,  -0.092394, -0.013233 
  0.087671 ,  -0.092291, -0.018638 
  0.092004 ,  -0.092001, -0.022630 
  0.096278 ,  -0.091531, -0.024650 
  0.100487 ,  -0.090889, -0.024313 
  0.104627 ,  -0.090083, -0.021451 
  0.108693 ,  -0.089122, -0.016128 
  0.112679 ,  -0.088012, -0.008636 
  0.116582 ,  -0.086761, 0.000524 
  0.120396 ,  -0.085375, 0.010691 
  0.124116 ,  -0.083859, 0.021097 
  0.127738 ,  -0.082219, 0.030936 
  0.131258 ,  -0.080457, 0.039435 
  0.134670 ,  -0.078576, 0.045914 
  0.137971 ,  -0.076577, 0.049846 
  0.141157 ,  -0.074460, 0.050896 
  0.144223 ,  -0.072223, 0.048944 
  0.147166 ,  -0.069865, 0.044089 
  0.149982 ,  -0.067380, 0.036635 
  0.152666 ,  -0.064765, 0.027063 
  0.155216 ,  -0.062012, 0.015987 
  0.157628 ,  -0.059116, 0.004107 
  0.159899 ,  -0.056068, -0.007846 
  0.162026 ,  -0.052861, -0.019162 
  0.164006 ,  -0.049485, -0.029194 
  0.165836 ,  -0.045933, -0.037400 
  0.167514 ,  -0.042195, -0.043372 
  0.169037 ,  -0.038263, -0.046850 
  0.170403 ,  -0.034129, -0.047735 
  0.171610 ,  -0.029787, -0.046082 
  0.172656 ,  -0.025230, -0.042097 
  0.173540 ,  -0.020454, -0.036114 
  0.174260 ,  -0.015455, -0.028578 
  0.174815 ,  -0.010234, -0.020014 
  0.175204 ,  -0.004790, -0.010997 
  0.175426 ,  0.000874, -0.002117 
  0.175480 ,  0.006753, 0.006058 
  0.175366 ,  0.012839, 0.013017 
  0.175084 ,  0.019121, 0.018346 
  0.174634 ,  0.025586, 0.021757 
  0.174016 ,  0.032220, 0.023115 
  0.173230 ,  0.039003, 0.022450 
  0.172277 ,  0.045915, 0.019966 
  0.171158 ,  0.052931, 0.016022 
  0.169874 ,  0.060026, 0.011110 
  0.168426 ,  0.067171, 0.005808 
  0.166815 ,  0.074335, 0.000732 
  0.165044 ,  0.081486, -0.003534 
  0.163114 ,  0.088588, -0.006489 
  0.161027 ,  0.095605, -0.007782 
  0.158786 ,  0.102500, -0.007250 
  0.156393 ,  0.109236, -0.004943 
  0.153850 ,  0.115772, -0.001127 
  0.151161 ,  0.122069, 0.003737 
  0.148328 ,  0.128090, 0.009049 
  0.145356 ,  0.133794, 0.014128 
  0.142246 ,  0.139145, 0.018298 
  0.139004 ,  0.144106, 0.020969 
  0.135632 ,  0.148643, 0.021715 
  0.132135 ,  0.152721, 0.020331 
  0.128516 ,  0.156311, 0.016866 
  0.124781 ,  0.159385, 0.011631 
  0.120933 ,  0.161916, 0.005161 
  0.116978 ,  0.163884, -0.001839 
  0.112919 ,  0.165268, -0.008581 
  0.108762 ,  0.166054, -0.014290 
  0.104511 ,  0.166230, -0.018305 
  0.100173 ,  0.165787, -0.020164 
  0.095751 ,  0.164722, -0.019670 
  0.091253 ,  0.163035, -0.016922 
  0.086681 ,  0.160728, -0.012308 
  0.082044 ,  0.157810, -0.006463 
  0.077346 ,  0.154291, -0.000188 
  0.072592 ,  0.150187, 0.005647 
  0.067789 ,  0.145515, 0.010217 
  0.062943 ,  0.140298, 0.012852 
  0.058060 ,  0.134558, 0.013122 
  0.053145 ,  0.128325, 0.010905 
  0.048204 ,  0.121626, 0.006401 
  0.043244 ,  0.114495, 0.000115 
  0.038271 ,  0.106965, -0.007203 
  0.033291 ,  0.099072, -0.014656 
  0.028310 ,  0.090851, -0.021311 
  0.023335 ,  0.082340, -0.026316 
  0.018371 ,  0.073578, -0.029014 
  0.013424 ,  0.064601, -0.029023 
  0.008501 ,  0.055449, -0.026285 
  0.003607 ,  0.046158, -0.021072 
  -0.001250 ,  0.036765, -0.013948 
  -0.006066 ,  0.027306, -0.005693 
  -0.010834 ,  0.017816, 0.002800 
  -0.015549 ,  0.008328, 0.010641 
  -0.020203 ,  -0.001127, 0.017059 
  -0.024793 ,  -0.010519, 0.021498 
  -0.029312 ,  -0.019821, 0.023684 
  -0.033754 ,  -0.029005, 0.023647 
  -0.038114 ,  -0.038049, 0.021709 
  -0.042387 ,  -0.046930, 0.018427 
  -0.046568 ,  -0.055629, 0.014503 
  -0.050650 ,  -0.064127, 0.010680 
  -0.054630 ,  -0.072408, 0.007628 
  -0.058502 ,  -0.080458, 0.005849 
  -0.062262 ,  -0.088264, 0.005599 
  -0.065904 ,  -0.095814, 0.006858 
  -0.069426 ,  -0.103099, 0.009326 
  -0.072821 ,  -0.110109, 0.012472 
  -0.076087 ,  -0.116835, 0.015612 
  -0.079219 ,  -0.123271, 0.018006 
  -0.082214 ,  -0.129408, 0.018974 
  -0.085067 ,  -0.135240, 0.017996 
  -0.087776 ,  -0.140761, 0.014794 
  -0.090337 ,  -0.145962, 0.009385 
  -0.092748 ,  -0.150836, 0.002089 
  -0.095004 ,  -0.155376, -0.006504 
  -0.097105 ,  -0.159574, -0.015596 
  -0.099047 ,  -0.163419, -0.024283 
  -0.100828 ,  -0.166901, -0.031664 
  -0.102447 ,  -0.170011, -0.036953 
  -0.103900 ,  -0.172736, -0.039579 
  -0.105188 ,  -0.175064, -0.039258 
  -0.106308 ,  -0.176982, -0.036025 
  -0.107260 ,  -0.178476, -0.030234 
  -0.108042 ,  -0.179531, -0.022511 
  -0.108654 ,  -0.180133, -0.013678 
  -0.109095 ,  -0.180267, -0.004655 
  -0.109366 ,  -0.179917, 0.003653 
  -0.109466 ,  -0.179071, 0.010460 
  -0.109395 ,  -0.177712, 0.015190 
  -0.109154 ,  -0.175829, 0.017538 
  -0.108743 ,  -0.173408, 0.017493 
  -0.108164 ,  -0.170440, 0.015336 
  -0.107417 ,  -0.166915, 0.011588 
  -0.106504 ,  -0.162826, 0.006938 
  -0.105427 ,  -0.158169, 0.002159 
  -0.104187 ,  -0.152942, -0.002000 
  -0.102786 ,  -0.147145, -0.004899 
  -0.101226 ,  -0.140783, -0.006084 
  -0.099510 ,  -0.133863, -0.005340 
  -0.097641 ,  -0.126397, -0.002709 
  -0.095620 ,  -0.118398, 0.001519 
  -0.093452 ,  -0.109887, 0.006847 
  -0.091139 ,  -0.100886, 0.012638 
  -0.088685 ,  -0.091420, 0.018186 
  -0.086093 ,  -0.081522, 0.022809 
  -0.083367 ,  -0.071226, 0.025921 
  -0.080511 ,  -0.060570, 0.027101 
  -0.077529 ,  -0.049597, 0.026139 
  -0.074425 ,  -0.038352, 0.023055 
  -0.071204 ,  -0.026885, 0.018096 
  -0.067870 ,  -0.015246, 0.011701 
  -0.064428 ,  -0.003492, 0.004453 
  -0.060883 ,  0.008322, -0.002983 
  -0.057239 ,  0.020137, -0.009938 
  -0.053502 ,  0.031894, -0.015805 
  -0.049677 ,  0.043530, -0.020102 
  -0.045769 ,  0.054986, -0.022517 
  -0.041784 ,  0.066201, -0.022940 
  -0.037727 ,  0.077114, -0.021462 
  -0.033604 ,  0.087665, -0.018366 
  -0.029420 ,  0.097799, -0.014088 
  -0.025181 ,  0.107460, -0.009167 
  -0.020894 ,  0.116596, -0.004186 
  -0.016563 ,  0.125158, 0.000289 
  -0.012195 ,  0.133101, 0.003773 
  -0.007795 ,  0.140385, 0.005904 
  -0.003370 ,  0.146973, 0.006485 
  0.001074 ,  0.152834, 0.005500 
  0.005532 ,  0.157942, 0.003108 
  0.009997 ,  0.162277, -0.000376 
  0.014463 ,  0.165825, -0.004518 
  0.018924 ,  0.168575, -0.008814 
  0.023375 ,  0.170527, -0.012747 
  0.027809 ,  0.171681, -0.015842 
  0.032220 ,  0.172049, -0.017715 
  0.036603 ,  0.171643, -0.018113 
  0.040951 ,  0.170486, -0.016939 
  0.045259 ,  0.168602, -0.014255 
  0.049521 ,  0.166022, -0.010270 
  0.053732 ,  0.162782, -0.005318 
  0.057885 ,  0.158923, 0.000189 
  0.061975 ,  0.154487, 0.005804 
  0.065997 ,  0.149523, 0.011089 
  0.069946 ,  0.144080, 0.015668 
  0.073816 ,  0.138211, 0.019252 
  0.077602 ,  0.131971, 0.021665 
  0.081300 ,  0.125416, 0.022850 
  0.084904 ,  0.118601, 0.022857 
  0.088409 ,  0.111584, 0.021830 
  0.091812 ,  0.104420, 0.019972 
  0.095107 ,  0.097164, 0.017515 
  0.098291 ,  0.089868, 0.014689 
  0.101359 ,  0.082585, 0.011696 
  0.104308 ,  0.075363, 0.008693 
  0.107133 ,  0.068246, 0.005784 
  0.109831 ,  0.061276, 0.003031 
  0.112398 ,  0.054492, 0.000460 
  0.114832 ,  0.047927, -0.001920 
  0.117128 ,  0.041609, -0.004095 
  0.119285 ,  0.035565, -0.006035 
  0.121300 ,  0.029813, -0.007683 
  0.123170 ,  0.024368, -0.008961 
  0.124892 ,  0.019241, -0.009775 
  0.126465 ,  0.014438, -0.010042 
  0.127886 ,  0.009958, -0.009709 
  0.129155 ,  0.005799, -0.008780 
  0.130268 ,  0.001952, -0.007333 
  0.131227 ,  -0.001595, -0.005530 
  0.132028 ,  -0.004858, -0.003615 
  0.132671 ,  -0.007854, -0.001887 
  0.133156 ,  -0.010607, -0.000676 
  0.133482 ,  -0.013139, -0.000289 
  0.133648 ,  -0.015478, -0.000966 
  0.133656 ,  -0.017651, -0.002829 
  0.133504 ,  -0.019686, -0.005848 
  0.133194 ,  -0.021612, -0.009815 
  0.132725 ,  -0.023458, -0.014352 
  0.132099 ,  -0.025253, -0.018933 
  0.131317 ,  -0.027024, -0.022933 
  0.130380 ,  -0.028797, -0.025705 
  0.129289 ,  -0.030596, -0.026652 
  0.128046 ,  -0.032442, -0.025314 
  0.126653 ,  -0.034356, -0.021445 
  0.125111 ,  -0.036352, -0.015059 
  0.123423 ,  -0.038443, -0.006461 
  0.121591 ,  -0.040640, 0.003765 
  0.119619 ,  -0.042947, 0.014797 
  0.117507 ,  -0.045367, 0.025653 
  0.115260 ,  -0.047897, 0.035293 
  0.112881 ,  -0.050533, 0.042726 
  0.110372 ,  -0.053264, 0.047132 
  0.107737 ,  -0.056078, 0.047954 
  0.104980 ,  -0.058959, 0.044972 
  0.102105 ,  -0.061886, 0.038346 
  0.099114 ,  -0.064837, 0.028602 
  0.096013 ,  -0.067787, 0.016595 
  0.092805 ,  -0.070709, 0.003419 
  0.089495 ,  -0.073572, -0.009702 
  0.086086 ,  -0.076345, -0.021540 
  0.082585 ,  -0.078997, -0.030990 
  0.078994 ,  -0.081496, -0.037188 
  0.075319 ,  -0.083807, -0.039591 
  0.071564 ,  -0.085900, -0.038036 
  0.067735 ,  -0.087742, -0.032747 
  0.063837 ,  -0.089303, -0.024303 
  0.059874 ,  -0.090554, -0.013574 
  0.055851 ,  -0.091469, -0.001626 
  0.051775 ,  -0.092024, 0.010390 
  0.047649 ,  -0.092199, 0.021351 
  0.043480 ,  -0.091975, 0.030268 
  0.039273 ,  -0.091339, 0.036370 
  0.035032 ,  -0.090280, 0.039160 
  0.030764 ,  -0.088792, 0.038448 
  0.026474 ,  -0.086874, 0.034340 
  0.022167 ,  -0.084526, 0.027212 
  0.017849 ,  -0.081757, 0.017657 
  0.013525 ,  -0.078576, 0.006420 
  0.009201 ,  -0.075000, -0.005671 
  0.004881 ,  -0.071046, -0.017772 
  0.000572 ,  -0.066739, -0.029078 
  -0.003721 ,  -0.062105, -0.038871 
  -0.007993 ,  -0.057176, -0.046553 
  -0.012239 ,  -0.051983, -0.051661 
  -0.016454 ,  -0.046565, -0.053885 
  -0.020631 ,  -0.040960, -0.053064 
  -0.024767 ,  -0.035209, -0.049191 
  -0.028856 ,  -0.029354, -0.042412 
  -0.032893 ,  -0.023440, -0.033021 
  -0.036874 ,  -0.017510, -0.021459 
  -0.040793 ,  -0.011610, -0.008307 
  -0.044646 ,  -0.005784, 0.005729 
  -0.048429 ,  -0.000074, 0.019840 
  -0.052136 ,  0.005475, 0.033152 
  -0.055763 ,  0.010824, 0.044772 
  -0.059307 ,  0.015935, 0.053851 
  -0.062763 ,  0.020770, 0.059655 
  -0.066127 ,  0.025296, 0.061631 
  -0.069395 ,  0.029484, 0.059477 
  -0.072564 ,  0.033307, 0.053192 
  -0.075629 ,  0.036742, 0.043104 
  -0.078588 ,  0.039771, 0.029875 
  -0.081437 ,  0.042377, 0.014466 
  -0.084173 ,  0.044552, -0.001924 
  -0.086793 ,  0.046289, -0.017955 
  -0.089295 ,  0.047586, -0.032257 
  -0.091675 ,  0.048445, -0.043558 
  -0.093931 ,  0.048874, -0.050809 
  -0.096060 ,  0.048883, -0.053294 
  -0.098062 ,  0.048486, -0.050714 
  -0.099933 ,  0.047703, -0.043227 
  -0.101672 ,  0.046555, -0.031455 
  -0.103277 ,  0.045066, -0.016435 
  -0.104747 ,  0.043266, 0.000468 
  -0.106080 ,  0.041185, 0.017684 
  -0.107276 ,  0.038854, 0.033585 
  -0.108334 ,  0.036309, 0.046641 
  -0.109252 ,  0.033586, 0.055568 
  -0.110031 ,  0.030720, 0.059452 
  -0.110669 ,  0.027749, 0.057840 
  -0.111168 ,  0.024710, 0.050791 
  -0.111526 ,  0.021641, 0.038863 
  -0.111745 ,  0.018577, 0.023070 
  -0.111824 ,  0.015555, 0.004782 
  -0.111764 ,  0.012607, -0.014408 
  -0.111565 ,  0.009767, -0.032828 
  -0.111230 ,  0.007064, -0.048886 
  -0.110758 ,  0.004526, -0.061217 
  -0.110151 ,  0.002179, -0.068804 
  -0.109411 ,  0.000045, -0.071068 
  -0.108539 ,  -0.001856, -0.067907 
  -0.107537 ,  -0.003508, -0.059705 
  -0.106407 ,  -0.004898, -0.047275 
  -0.105150 ,  -0.006016, -0.031784 
  -0.103770 ,  -0.006854, -0.014631 
  -0.102269 ,  -0.007409, 0.002681 
  -0.100649 ,  -0.007682, 0.018690 
  -0.098913 ,  -0.007674, 0.032098 
  -0.097064 ,  -0.007392, 0.041893 
  -0.095105 ,  -0.006843, 0.047426 
  -0.093039 ,  -0.006041, 0.048459 
  -0.090869 ,  -0.004998, 0.045177 
  -0.088598 ,  -0.003730, 0.038155 
  -0.086231 ,  -0.002255, 0.028294 
  -0.083771 ,  -0.000594, 0.016731 
  -0.081221 ,  0.001233, 0.004722 
  -0.078586 ,  0.003203, -0.006476 
  -0.075869 ,  0.005292, -0.015720 
  -0.073074 ,  0.007477, -0.022092 
  -0.070206 ,  0.009733, -0.024978 
  -0.067269 ,  0.012036, -0.024125 
  -0.064267 ,  0.014361, -0.019655 
  -0.061204 ,  0.016684, -0.012058 
  -0.058086 ,  0.018983, -0.002134 
  -0.054916 ,  0.021235, 0.009078 
  -0.051698 ,  0.023419, 0.020405 
  -0.048439 ,  0.025515, 0.030648 
  -0.045142 ,  0.027504, 0.038703 
  -0.041811 ,  0.029370, 0.043662 
  -0.038453 ,  0.031098, 0.044905 
  -0.035071 ,  0.032674, 0.042162 
  -0.031670 ,  0.034088, 0.035540 
  -0.028256 ,  0.035329, 0.025517 
  -0.024832 ,  0.036390, 0.012900 
  -0.021404 ,  0.037265, -0.001246 
  -0.017977 ,  0.037951, -0.015703 
  -0.014555 ,  0.038447, -0.029212 
  -0.011143 ,  0.038751, -0.040589 
  -0.007746 ,  0.038867, -0.048845 
  -0.004369 ,  0.038796, -0.053276 
  -0.001016 ,  0.038545, -0.053533 
  0.002308 ,  0.038120, -0.049654 
  0.005599 ,  0.037527, -0.042061 
  0.008851 ,  0.036776, -0.031521 
  0.012060 ,  0.035877, -0.019065 
  0.015222 ,  0.034839, -0.005890 
  0.018333 ,  0.033675, 0.006756 
  0.021388 ,  0.032395, 0.017702 
  0.024382 ,  0.031012, 0.025961 
  0.027313 ,  0.029537, 0.030829 
  0.030174 ,  0.027983, 0.031949 
  0.032964 ,  0.026362, 0.029339 
  0.035677 ,  0.024687, 0.023388 
  0.038310 ,  0.022968, 0.014807 
  0.040859 ,  0.021216, 0.004554 
  0.043320 ,  0.019443, -0.006266 
  0.045691 ,  0.017659, -0.016513 
  0.047968 ,  0.015873, -0.025129 
  0.050147 ,  0.014093, -0.031237 
  0.052226 ,  0.012327, -0.034227 
  0.054201 ,  0.010582, -0.033804 
  0.056069 ,  0.008865, -0.030011 
  0.057828 ,  0.007180, -0.023209 
  0.059476 ,  0.005531, -0.014033 
  0.061010 ,  0.003923, -0.003315 
  0.062427 ,  0.002358, 0.008002 
  0.063725 ,  0.000837, 0.018966 
  0.064903 ,  -0.000638, 0.028704 
  0.065958 ,  -0.002067, 0.036505 
  0.066889 ,  -0.003451, 0.041875 
  0.067694 ,  -0.004790, 0.044571 
  0.068372 ,  -0.006087, 0.044603 
  0.068921 ,  -0.007343, 0.042212 
  0.069341 ,  -0.008562, 0.037822 
  0.069631 ,  -0.009745, 0.031981 
  0.069789 ,  -0.010896, 0.025288 
  0.069816 ,  -0.012019, 0.018329 
  0.069710 ,  -0.013118, 0.011614 
  0.069472 ,  -0.014195, 0.005533 
  0.069100 ,  -0.015256, 0.000326 
  0.068597 ,  -0.016302, -0.003917 
  0.067960 ,  -0.017339, -0.007249 
  0.067192 ,  -0.018369, -0.009831 
  0.066292 ,  -0.019396, -0.011898 
  0.065261 ,  -0.020422, -0.013709 
  0.064100 ,  -0.021451, -0.015502 
  0.062810 ,  -0.022483, -0.017461 
  0.061392 ,  -0.023521, -0.019687 
  0.059847 ,  -0.024567, -0.022184 
  0.058177 ,  -0.025620, -0.024863 
  0.056383 ,  -0.026682, -0.027551 
  0.054468 ,  -0.027752, -0.030022 
  0.052432 ,  -0.028829, -0.032023 
  0.050279 ,  -0.029912, -0.033307 
  0.048009 ,  -0.031000, -0.033666 
  0.045627 ,  -0.032089, -0.032949 
  0.043133 ,  -0.033177, -0.031086 
  0.040531 ,  -0.034260, -0.028087 
  0.037824 ,  -0.035334, -0.024041 
  0.035013 ,  -0.036395, -0.019104 
  0.032103 ,  -0.037438, -0.013481 
  0.029096 ,  -0.038457, -0.007408 
  0.025996 ,  -0.039446, -0.001124 
  0.022805 ,  -0.040399, 0.005141 
  0.019528 ,  -0.041309, 0.011185 
  0.016168 ,  -0.042170, 0.016840 
  0.012728 ,  -0.042974, 0.021979 
  0.009212 ,  -0.043714, 0.026509 
  0.005625 ,  -0.044382, 0.030372 
  0.001969 ,  -0.044972, 0.033529 
  -0.001750 ,  -0.045475, 0.035957 
  -0.005529 ,  -0.045883, 0.037639 
  -0.009364 ,  -0.046191, 0.038555 
  -0.013250 ,  -0.046390, 0.038682 
  -0.017183 ,  -0.046474, 0.037994 
  -0.021159 ,  -0.046436, 0.036462 
  -0.025173 ,  -0.046270, 0.034064 
  -0.029221 ,  -0.045971, 0.030788 
  -0.033297 ,  -0.045533, 0.026644 
  -0.037399 ,  -0.044953, 0.021669 
  -0.041520 ,  -0.044227, 0.015935 
  -0.045656 ,  -0.043352, 0.009554 
  -0.049803 ,  -0.042325, 0.002680 
  -0.053956 ,  -0.041147, -0.004490 
  -0.058110 ,  -0.039816, -0.011724 
  -0.062260 ,  -0.038333, -0.018758 
  -0.066402 ,  -0.036701, -0.025310 
  -0.070530 ,  -0.034921, -0.031093 
  -0.074641 ,  -0.032999, -0.035835 
  -0.078728 ,  -0.030938, -0.039293 
  -0.082788 ,  -0.028745, -0.041274 
  -0.086816 ,  -0.026428, -0.041657 
  -0.090807 ,  -0.023993, -0.040404 
  -0.094756 ,  -0.021450, -0.037572 
  -0.098658 ,  -0.018810, -0.033317 
  -0.102510 ,  -0.016082, -0.027890 
  -0.106306 ,  -0.013279, -0.021626 
  -0.110042 ,  -0.010414, -0.014918 
  -0.113714 ,  -0.007499, -0.008193 
  -0.117316 ,  -0.004548, -0.001876 
  -0.120845 ,  -0.001576, 0.003648 
  -0.124296 ,  0.001403, 0.008070 
  -0.127665 ,  0.004374, 0.011186 
  -0.130948 ,  0.007322, 0.012916 
  -0.134141 ,  0.010233, 0.013320 
  -0.137239 ,  0.013091, 0.012587 
  -0.140240 ,  0.015881, 0.011021 
  -0.143138 ,  0.018591, 0.009006 
  -0.145930 ,  0.021206, 0.006966 
  -0.148613 ,  0.023713, 0.005317 
  -0.151183 ,  0.026100, 0.004416 
  -0.153637 ,  0.028356, 0.004523 
  -0.155971 ,  0.030471, 0.005763 
  -0.158182 ,  0.032436, 0.008112 
  -0.160267 ,  0.034244, 0.011390 
  -0.162223 ,  0.035887, 0.015283 
  -0.164047 ,  0.037360, 0.019370 
  -0.165737 ,  0.038661, 0.023171 
  -0.167289 ,  0.039788, 0.026198 
  -0.168701 ,  0.040739, 0.028011 
  -0.169972 ,  0.041516, 0.028266 
  -0.171098 ,  0.042122, 0.026756 
  -0.172078 ,  0.042561, 0.023433 
  -0.172910 ,  0.042838, 0.018418 
  -0.173592 ,  0.042960, 0.011989 
  -0.174123 ,  0.042937, 0.004556 
  -0.174500 ,  0.042778, -0.003379 
  -0.174723 ,  0.042494, -0.011272 
  -0.174790 ,  0.042097, -0.018582 
  -0.174701 ,  0.041600, -0.024820 
  -0.174454 ,  0.041017, -0.029588 
  -0.174049 ,  0.040363, -0.032606 
  -0.173485 ,  0.039653, -0.033728 
  -0.172763 ,  0.038902, -0.032942 
  -0.171880 ,  0.038125, -0.030361 
  -0.170839 ,  0.037339, -0.026202 
  -0.169638 ,  0.036558, -0.020765 
  -0.168278 ,  0.035797, -0.014408 
  -0.166759 ,  0.035071, -0.007516 
  -0.165081 ,  0.034393, -0.000485 
  -0.163247 ,  0.033775, 0.006298 
  -0.161256 ,  0.033230, 0.012466 
  -0.159109 ,  0.032768, 0.017687 
  -0.156807 ,  0.032398, 0.021668 
  -0.154353 ,  0.032127, 0.024169 
  -0.151747 ,  0.031961, 0.025010 
  -0.148992 ,  0.031904, 0.024085 
  -0.146088 ,  0.031959, 0.021378 
  -0.143038 ,  0.032126, 0.016975 
  -0.139844 ,  0.032404, 0.011076 
  -0.136508 ,  0.032790, 0.003996 
  -0.133033 ,  0.033278, -0.003833 
  -0.129421 ,  0.033862, -0.011886 
  -0.125675 ,  0.034533, -0.019566 
  -0.121798 ,  0.035280, -0.026252 
  -0.117793 ,  0.036091, -0.031344 
  -0.113662 ,  0.036952, -0.034318 
  -0.109410 ,  0.037848, -0.034786 
  -0.105039 ,  0.038762, -0.032539 
  -0.100553 ,  0.039677, -0.027586 
  -0.095956 ,  0.040573, -0.020168 
  -0.091251 ,  0.041431, -0.010753 
  -0.086442 ,  0.042231, -0.000009 
  -0.081534 ,  0.042951, 0.011249 
  -0.076529 ,  0.043572, 0.022128 
  -0.071434 ,  0.044072, 0.031734 
  -0.066251 ,  0.044431, 0.039262 
  -0.060986 ,  0.044627, 0.044067 
  -0.055642 ,  0.044642, 0.045735 
  -0.050225 ,  0.044457, 0.044123 
  -0.044739 ,  0.044053, 0.039375 
  -0.039189 ,  0.043415, 0.031912 
  -0.033579 ,  0.042526, 0.022393 
  -0.027915 ,  0.041374, 0.011650 
  -0.022202 ,  0.039947, 0.000607 
  -0.016444 ,  0.038234, -0.009802 
  -0.010647 ,  0.036228, -0.018730 
  -0.004816 ,  0.033924, -0.025490 
  0.001044 ,  0.031317, -0.029616 
  0.006928 ,  0.028406, -0.030901 
  0.012829 ,  0.025193, -0.029408 
  0.018744 ,  0.021681, -0.025454 
  0.024666 ,  0.017876, -0.019569 
  0.030590 ,  0.013786, -0.012438 
  0.036511 ,  0.009423, -0.004828 
  0.042424 ,  0.004800, 0.002487 
  0.048322 ,  -0.000069, 0.008799 
  0.054200 ,  -0.005165, 0.013530 
  0.060054 ,  -0.010470, 0.016280 
  0.065877 ,  -0.015960, 0.016851 
  0.071664 ,  -0.021612, 0.015258 
  0.077409 ,  -0.027402, 0.011718 
  0.083108 ,  -0.033303, 0.006615 
  0.088754 ,  -0.039285, 0.000457 
  0.094343 ,  -0.045321, -0.006170 
  0.099870 ,  -0.051379, -0.012663 
  0.105328 ,  -0.057428, -0.018452 
  0.110713 ,  -0.063437, -0.023048 
  0.116020 ,  -0.069373, -0.026076 
  0.121243 ,  -0.075204, -0.027301 
  0.126378 ,  -0.080898, -0.026639 
  0.131419 ,  -0.086422, -0.024151 
  0.136361 ,  -0.091744, -0.020033 
  0.141201 ,  -0.096834, -0.014591 
  0.145933 ,  -0.101662, -0.008208 
  0.150552 ,  -0.106197, -0.001314 
  0.155054 ,  -0.110412, 0.005654 
  0.159435 ,  -0.114281, 0.012277 
  0.163689 ,  -0.117778, 0.018190 
  0.167814 ,  -0.120879, 0.023095 
  0.171804 ,  -0.123564, 0.026781 
  0.175657 ,  -0.125812, 0.029128 
  0.179367 ,  -0.127606, 0.030101 
  0.182931 ,  -0.128930, 0.029748 
  0.186346 ,  -0.129772, 0.028179 
  0.189608 ,  -0.130121, 0.025557 
  0.192714 ,  -0.129969, 0.022071 
  0.195661 ,  -0.129310, 0.017926 
  0.198444 ,  -0.128140, 0.013325 
  0.201063 ,  -0.126460, 0.008460 
  0.203513 ,  -0.124270, 0.003503 
  0.205792 ,  -0.121576, -0.001393 
  0.207898 ,  -0.118385, -0.006093 
  0.209828 ,  -0.114706, -0.010477 
  0.211581 ,  -0.110550, -0.014432 
  0.213154 ,  -0.105933, -0.017848 
  0.214545 ,  -0.100872, -0.020618 
  0.215753 ,  -0.095384, -0.022634 
  0.216777 ,  -0.089491, -0.023796 
  0.217615 ,  -0.083216, -0.024018 
  0.218266 ,  -0.076585, -0.023240 
  0.218730 ,  -0.069624, -0.021442 
  0.219005 ,  -0.062361, -0.018651 
  0.219090 ,  -0.054827, -0.014959 
  0.218986 ,  -0.047053, -0.010519 
  0.218693 ,  -0.039071, -0.005547 
  0.218209 ,  -0.030914, -0.000315 
  0.217537 ,  -0.022618, 0.004868 
  0.216675 ,  -0.014216, 0.009677 
  0.215624 ,  -0.005745, 0.013792 
  0.214386 ,  0.002760, 0.016933 
  0.212960 ,  0.011264, 0.018879 
  0.211349 ,  0.019730, 0.019491 
  0.209553 ,  0.028124, 0.018728 
  0.207574 ,  0.036411, 0.016654 
  0.205414 ,  0.044557, 0.013433 
  0.203074 ,  0.052528, 0.009315 
  0.200556 ,  0.060292, 0.004622 
  0.197863 ,  0.067819, -0.000284 
  0.194997 ,  0.075079, -0.005030 
  0.191960 ,  0.082043, -0.009258 
  0.188756 ,  0.088687, -0.012660 
  0.185386 ,  0.094985, -0.014994 
  0.181855 ,  0.100915, -0.016104 
  0.178165 ,  0.106457, -0.015931 
  0.174320 ,  0.111591, -0.014509 
  0.170322 ,  0.116304, -0.011964 
  0.166177 ,  0.120579, -0.008499 
  0.161888 ,  0.124408, -0.004376 
  0.157458 ,  0.127779, 0.000101 
  0.152892 ,  0.130688, 0.004609 
  0.148194 ,  0.133130, 0.008828 
  0.143369 ,  0.135103, 0.012461 
  0.138420 ,  0.136607, 0.015252 
  0.133354 ,  0.137647, 0.017002 
  0.128174 ,  0.138226, 0.017580 
  0.122886 ,  0.138353, 0.016936 
  0.117494 ,  0.138037, 0.015099 
  0.112004 ,  0.137288, 0.012185 
  0.106420 ,  0.136120, 0.008388 
  0.100749 ,  0.134548, 0.003972 
  0.094996 ,  0.132588, -0.000746 
  0.089166 ,  0.130258, -0.005412 
  0.083265 ,  0.127575, -0.009664 
  0.077298 ,  0.124560, -0.013156 
  0.071271 ,  0.121234, -0.015592 
  0.065191 ,  0.117617, -0.016746 
  0.059062 ,  0.113730, -0.016494 
  0.052892 ,  0.109597, -0.014826 
  0.046685 ,  0.105237, -0.011856 
  0.040449 ,  0.100674, -0.007818 
  0.034189 ,  0.095929, -0.003054 
  0.027910 ,  0.091022, 0.002012 
  0.021620 ,  0.085974, 0.006912 
  0.015325 ,  0.080805, 0.011172 
  0.009030 ,  0.075533, 0.014360 
  0.002741 ,  0.070177, 0.016127 
  -0.003534 ,  0.064754, 0.016248 
  -0.009790 ,  0.059278, 0.014646 
  -0.016021 ,  0.053765, 0.011407 
  -0.022221 ,  0.048228, 0.006780 
  -0.028383 ,  0.042679, 0.001157 
  -0.034502 ,  0.037128, -0.004958 
  -0.040572 ,  0.031586, -0.010993 
  -0.046586 ,  0.026060, -0.016364 
  -0.052538 ,  0.020558, -0.020529 
  -0.058423 ,  0.015086, -0.023040 
  -0.064236 ,  0.009649, -0.023589 
  -0.069969 ,  0.004250, -0.022043 
  -0.075618 ,  -0.001107, -0.018457 
  -0.081178 ,  -0.006419, -0.013078 
  -0.086641 ,  -0.011685, -0.006318 
  -0.092004 ,  -0.016902, 0.001272 
  -0.097261 ,  -0.022070, 0.009058 
  -0.102406 ,  -0.027189, 0.016376 
  -0.107436 ,  -0.032256, 0.022596 
  -0.112343 ,  -0.037270, 0.027174 
  -0.117125 ,  -0.042232, 0.029708 
  -0.121776 ,  -0.047138, 0.029969 
  -0.126291 ,  -0.051986, 0.027928 
  -0.130667 ,  -0.056774, 0.023753 
  -0.134899 ,  -0.061498, 0.017798 
  -0.138982 ,  -0.066154, 0.010566 
  -0.142913 ,  -0.070735, 0.002668 
  -0.146688 ,  -0.075237, -0.005240 
  -0.150303 ,  -0.079651, -0.012508 
  -0.153755 ,  -0.083969, -0.018560 
  -0.157040 ,  -0.088182, -0.022938 
  -0.160156 ,  -0.092279, -0.025343 
  -0.163099 ,  -0.096248, -0.025662 
  -0.165866 ,  -0.100076, -0.023971 
  -0.168455 ,  -0.103751, -0.020523 
  -0.170863 ,  -0.107258, -0.015718 
  -0.173088 ,  -0.110582, -0.010063 
  -0.175128 ,  -0.113706, -0.004117 
  -0.176981 ,  -0.116614, 0.001566 
  -0.178646 ,  -0.119291, 0.006487 
  -0.180120 ,  -0.121718, 0.010253 
  -0.181403 ,  -0.123878, 0.012609 
  -0.182493 ,  -0.125755, 0.013456 
  -0.183390 ,  -0.127332, 0.012854 
  -0.184093 ,  -0.128593, 0.011007 
  -0.184600 ,  -0.129522, 0.008226 
  -0.184913 ,  -0.130105, 0.004899 
  -0.185030 ,  -0.130327, 0.001434 
  -0.184953 ,  -0.130176, -0.001782 
  -0.184680 ,  -0.129641, -0.004426 
  -0.184213 ,  -0.128711, -0.006271 
  -0.183553 ,  -0.127379, -0.007200 
  -0.182700 ,  -0.125639, -0.007212 
  -0.181655 ,  -0.123485, -0.006408 
  -0.180420 ,  -0.120916, -0.004965 
  -0.178995 ,  -0.117930, -0.003107 
  -0.177384 ,  -0.114530, -0.001069 
  -0.175587 ,  -0.110719, 0.000942 
  -0.173607 ,  -0.106504, 0.002764 
  -0.171445 ,  -0.101892, 0.004308 
  -0.169105 ,  -0.096894, 0.005549 
  -0.166589 ,  -0.091524, 0.006528 
  -0.163899 ,  -0.085795, 0.007325 
  -0.161040 ,  -0.079725, 0.008038 
  -0.158012 ,  -0.073332, 0.008747 
  -0.154821 ,  -0.066638, 0.009494 
  -0.151469 ,  -0.059665, 0.010263 
  -0.147961 ,  -0.052437, 0.010968 
  -0.144299 ,  -0.044980, 0.011460 
  -0.140488 ,  -0.037321, 0.011548 
  -0.136532 ,  -0.029488, 0.011022 
  -0.132435 ,  -0.021511, 0.009690 
  -0.128202 ,  -0.013420, 0.007417 
  -0.123836 ,  -0.005245, 0.004152 
  -0.119343 ,  0.002983, -0.000043 
  -0.114728 ,  0.011231, -0.004989 
  -0.109994 ,  0.019467, -0.010393 
  -0.105148 ,  0.027661, -0.015874 
  -0.100194 ,  0.035780, -0.020995 
  -0.095137 ,  0.043794, -0.025312 
  -0.089983 ,  0.051671, -0.028424 
  -0.084737 ,  0.059383, -0.030017 
  -0.079404 ,  0.066898, -0.029901 
  -0.073990 ,  0.074190, -0.028039 
  -0.068501 ,  0.081231, -0.024546 
  -0.062942 ,  0.087994, -0.019684 
  -0.057319 ,  0.094456, -0.013828 
  -0.051638 ,  0.100591, -0.007424 
  -0.045905 ,  0.106379, -0.000942 
  -0.040124 ,  0.111798, 0.005174 
  -0.034303 ,  0.116830, 0.010557 
  -0.028448 ,  0.121455, 0.014945 
  -0.022563 ,  0.125659, 0.018201 
  -0.016656 ,  0.129426, 0.020320 
  -0.010731 ,  0.132743, 0.021406 
  -0.004796 ,  0.135600, 0.021651 
  0.001145 ,  0.137986, 0.021293 
  0.007084 ,  0.139893, 0.020577 
  0.013017 ,  0.141315, 0.019714 
  0.018937 ,  0.142247, 0.018855 
  0.024839 ,  0.142686, 0.018071 
  0.030716 ,  0.142629, 0.017346 
  0.036563 ,  0.142078, 0.016591 
  0.042374 ,  0.141033, 0.015666 
  0.048143 ,  0.139498, 0.014409 
  0.053865 ,  0.137477, 0.012669 
  0.059535 ,  0.134978, 0.010340 
  0.065146 ,  0.132007, 0.007381 
  0.070694 ,  0.128576, 0.003836 
  0.076173 ,  0.124694, -0.000171 
  0.081578 ,  0.120375, -0.004442 
  0.086903 ,  0.115634, -0.008731 
  0.092144 ,  0.110487, -0.012772 
  0.097296 ,  0.104951, -0.016312 
  0.102355 ,  0.099046, -0.019139 
  0.107314 ,  0.092793, -0.021111 
  0.112170 ,  0.086214, -0.022167 
  0.116919 ,  0.079334, -0.022333 
  0.121556 ,  0.072179, -0.021712 
  0.126077 ,  0.064775, -0.020467 
  0.130477 ,  0.057151, -0.018796 
  0.134754 ,  0.049338, -0.016904 
  0.138902 ,  0.041366, -0.014975 
  0.142920 ,  0.033268, -0.013147 
  0.146802 ,  0.025079, -0.011503 
  0.150547 ,  0.016831, -0.010061 
  0.154150 ,  0.008562, -0.008778 
  0.157609 ,  0.000306, -0.007569 
  0.160921 ,  -0.007899, -0.006318 
  0.164084 ,  -0.016016, -0.004908 
  0.167094 ,  -0.024008, -0.003240 
  0.169950 ,  -0.031838, -0.001250 
  0.172649 ,  -0.039469, 0.001076 
  0.175190 ,  -0.046864, 0.003702 
  0.177570 ,  -0.053989, 0.006541 
  0.179789 ,  -0.060808, 0.009470 
  0.181844 ,  -0.067288, 0.012345 
  0.183734 ,  -0.073397, 0.015021 
  0.185459 ,  -0.079104, 0.017368 
  0.187017 ,  -0.084382, 0.019289 
  0.188408 ,  -0.089205, 0.020728 
  0.189631 ,  -0.093548, 0.021673 
  0.190686 ,  -0.097390, 0.022152 
  0.191572 ,  -0.100715, 0.022219 
  0.192290 ,  -0.103506, 0.021944 
  0.192839 ,  -0.105752, 0.021393 
  0.193220 ,  -0.107445, 0.020609 
  0.193434 ,  -0.108579, 0.019603 
  0.193481 ,  -0.109153, 0.018346 
  0.193361 ,  -0.109170, 0.016768 
  0.193077 ,  -0.108636, 0.014766 
  0.192629 ,  -0.107560, 0.012223 
  0.192018 ,  -0.105956, 0.009024 
  0.191246 ,  -0.103841, 0.005086 
  0.190315 ,  -0.101235, 0.000375 
  0.189226 ,  -0.098163, -0.005065 
  0.187981 ,  -0.094652, -0.011102 
  0.186582 ,  -0.090732, -0.017514 
  0.185032 ,  -0.086436, -0.023986 
  0.183333 ,  -0.081799, -0.030136 
  0.181487 ,  -0.076860, -0.035535 
  0.179497 ,  -0.071658, -0.039750 
  0.177366 ,  -0.066235, -0.042379 
  0.175097 ,  -0.060634, -0.043096 
  0.172692 ,  -0.054898, -0.041691 
  0.170155 ,  -0.049071, -0.038099 
  0.167489 ,  -0.043199, -0.032422 
  0.164698 ,  -0.037324, -0.024932 
  0.161784 ,  -0.031490, -0.016058 
  0.158752 ,  -0.025740, -0.006363 
  0.155604 ,  -0.020115, 0.003504 
  0.152346 ,  -0.014654, 0.012860 
  0.148979 ,  -0.009395, 0.021045 
  0.145509 ,  -0.004372, 0.027486 
  0.141940 ,  0.000383, 0.031749 
  0.138275 ,  0.004841, 0.033581 
  0.134518 ,  0.008975, 0.032936 
  0.130674 ,  0.012765, 0.029982 
  0.126746 ,  0.016190, 0.025088 
  0.122740 ,  0.019236, 0.018784 
  0.118658 ,  0.021893, 0.011716 
  0.114507 ,  0.024153, 0.004579 
  0.110289 ,  0.026013, -0.001948 
  0.106010 ,  0.027474, -0.007266 
  0.101673 ,  0.028541, -0.010917 
  0.097284 ,  0.029222, -0.012620 
  0.092846 ,  0.029530, -0.012293 
  0.088364 ,  0.029480, -0.010059 
  0.083843 ,  0.029091, -0.006219 
  0.079286 ,  0.028386, -0.001218 
  0.074699 ,  0.027387, 0.004403 
  0.070085 ,  0.026123, 0.010071 
  0.065450 ,  0.024622, 0.015234 
  0.060797 ,  0.022915, 0.019412 
  0.056131 ,  0.021035, 0.022240 
  0.051456 ,  0.019013, 0.023488 
  0.046776 ,  0.016884, 0.023075 
  0.042096 ,  0.014682, 0.021059 
  0.037419 ,  0.012440, 0.017613 
  0.032751 ,  0.010192, 0.013002 
  0.028094 ,  0.007970, 0.007546 
  0.023454 ,  0.005804, 0.001588 
  0.018833 ,  0.003725, -0.004535 
  0.014236 ,  0.001761, -0.010514 
  0.009667 ,  -0.000064, -0.016078 
  0.005129 ,  -0.001725, -0.020998 
  0.000626 ,  -0.003202, -0.025089 
  -0.003839 ,  -0.004478, -0.028201 
  -0.008261 ,  -0.005536, -0.030216 
  -0.012638 ,  -0.006365, -0.031043 
  -0.016966 ,  -0.006956, -0.030624 
  -0.021242 ,  -0.007302, -0.028934 
  -0.025463 ,  -0.007402, -0.025999 
  -0.029625 ,  -0.007254, -0.021900 
  -0.033727 ,  -0.006861, -0.016791 
  -0.037765 ,  -0.006231, -0.010900 
  -0.041736 ,  -0.005370, -0.004528 
  -0.045637 ,  -0.004291, 0.001962 
  -0.049467 ,  -0.003006, 0.008172 
  -0.053223 ,  -0.001532, 0.013694 
  -0.056902 ,  0.000116, 0.018155 
  -0.060502 ,  0.001917, 0.021250 
  -0.064022 ,  0.003852, 0.022784 
  -0.067459 ,  0.005900, 0.022690 
  -0.070811 ,  0.008038, 0.021050 
  -0.074077 ,  0.010244, 0.018083 
  -0.077256 ,  0.012496, 0.014131 
  -0.080344 ,  0.014770, 0.009619 
  -0.083342 ,  0.017045, 0.005009 
  -0.086248 ,  0.019299, 0.000749 
  -0.089061 ,  0.021511, -0.002778 
  -0.091780 ,  0.023661, -0.005295 
  -0.094403 ,  0.025731, -0.006661 
  -0.096930 ,  0.027704, -0.006877 
  -0.099361 ,  0.029564, -0.006078 
  -0.101695 ,  0.031297, -0.004508 
  -0.103930 ,  0.032890, -0.002476 
  -0.106068 ,  0.034334, -0.000312 
  -0.108108 ,  0.035619, 0.001684 
  -0.110048 ,  0.036740, 0.003283 
  -0.111891 ,  0.037690, 0.004355 
  -0.113635 ,  0.038468, 0.004878 
  -0.115280 ,  0.039070, 0.004936 
  -0.116828 ,  0.039498, 0.004694 
  -0.118278 ,  0.039753, 0.004359 
  -0.119631 ,  0.039838, 0.004142 
  -0.120887 ,  0.039757, 0.004216 
  -0.122047 ,  0.039516, 0.004677 
  -0.123112 ,  0.039120, 0.005527 
  -0.124083 ,  0.038577, 0.006669 
  -0.124959 ,  0.037893, 0.007915 
  -0.125744 ,  0.037077, 0.009021 
  -0.126437 ,  0.036137, 0.009716 
  -0.127039 ,  0.035081, 0.009755 
  -0.127553 ,  0.033918, 0.008951 
  -0.127979 ,  0.032654, 0.007214 
  -0.128318 ,  0.031298, 0.004564 
  -0.128572 ,  0.029856, 0.001135 
  -0.128743 ,  0.028336, -0.002845 
  -0.128831 ,  0.026743, -0.007076 
  -0.128840 ,  0.025083, -0.011235 
  -0.128769 ,  0.023360, -0.015010 
  -0.128621 ,  0.021579, -0.018144 
  -0.128398 ,  0.019742, -0.020461 
  -0.128102 ,  0.017853, -0.021885 
  -0.127734 ,  0.015914, -0.022432 
  -0.127296 ,  0.013926, -0.022201 
  -0.126790 ,  0.011891, -0.021344 
  -0.126218 ,  0.009809, -0.020034 
  -0.125582 ,  0.007681, -0.018427 
  -0.124884 ,  0.005508, -0.016641 
  -0.124125 ,  0.003291, -0.014734 
  -0.123309 ,  0.001030, -0.012705 
  -0.122437 ,  -0.001273, -0.010502 
  -0.121511 ,  -0.003618, -0.008047 
  -0.120533 ,  -0.006001, -0.005263 
  -0.119505 ,  -0.008420, -0.002105 
  -0.118429 ,  -0.010871, 0.001413 
  -0.117308 ,  -0.013350, 0.005208 
  -0.116142 ,  -0.015852, 0.009129 
  -0.114936 ,  -0.018369, 0.012970 
  -0.113690 ,  -0.020893, 0.016504 
  -0.112406 ,  -0.023417, 0.019517 
  -0.111087 ,  -0.025930, 0.021848 
  -0.109734 ,  -0.028421, 0.023423 
  -0.108350 ,  -0.030878, 0.024275 
  -0.106936 ,  -0.033287, 0.024545 
  -0.105495 ,  -0.035635, 0.024459 
  -0.104028 ,  -0.037907, 0.024294 
  -0.102538 ,  -0.040086, 0.024325 
  -0.101026 ,  -0.042157, 0.024758 
  -0.099493 ,  -0.044104, 0.025683 
  -0.097943 ,  -0.045909, 0.027026 
  -0.096376 ,  -0.047555, 0.028530 
  -0.094795 ,  -0.049027, 0.029766 
  -0.093200 ,  -0.050307, 0.030175 
  -0.091595 ,  -0.051381, 0.029135 
  -0.089979 ,  -0.052234, 0.026050 
  -0.088356 ,  -0.052853, 0.020449 
  -0.086726 ,  -0.053224, 0.012085 
  -0.085091 ,  -0.053338, 0.001001 
  -0.083452 ,  -0.053186, -0.012421 
  -0.081811 ,  -0.052761, -0.027458 
  -0.080170 ,  -0.052057, -0.043094 
  -0.078528 ,  -0.051071, -0.058100 
  -0.076889 ,  -0.049804, -0.071157 
  -0.075253 ,  -0.048257, -0.080999 
  -0.073621 ,  -0.046436, -0.086554 
  -0.071994 ,  -0.044345, -0.087076 
  -0.070373 ,  -0.041996, -0.082247 
  -0.068760 ,  -0.039401, -0.072224 
  -0.067155 ,  -0.036573, -0.057644 
  -0.065559 ,  -0.033530, -0.039570 
  -0.063974 ,  -0.030290, -0.019381 
