   432m__436m 
  -0.012105 ,  -0.043126, -0.081517 
  -0.012055 ,  -0.043731, -0.073865 
  -0.011994 ,  -0.043992, -0.058790 
  -0.011923 ,  -0.043905, -0.038122 
  -0.011842 ,  -0.043469, -0.014358 
  -0.011751 ,  -0.042686, 0.009654 
  -0.011650 ,  -0.041564, 0.031086 
  -0.011538 ,  -0.040111, 0.047483 
  -0.011417 ,  -0.038340, 0.057075 
  -0.011287 ,  -0.036269, 0.058980 
  -0.011146 ,  -0.033916, 0.053298 
  -0.010997 ,  -0.031303, 0.041062 
  -0.010838 ,  -0.028455, 0.024070 
  -0.010670 ,  -0.025400, 0.004620 
  -0.010493 ,  -0.022165, -0.014811 
  -0.010308 ,  -0.018783, -0.031904 
  -0.010114 ,  -0.015284, -0.044788 
  -0.009911 ,  -0.011702, -0.052264 
  -0.009701 ,  -0.008069, -0.053920 
  -0.009483 ,  -0.004421, -0.050122 
  -0.009258 ,  -0.000790, -0.041910 
  -0.009025 ,  0.002791, -0.030791 
  -0.008785 ,  0.006289, -0.018487 
  -0.008538 ,  0.009673, -0.006660 
  -0.008285 ,  0.012915, 0.003324 
  -0.008026 ,  0.015987, 0.010577 
  -0.007761 ,  0.018864, 0.014782 
  -0.007490 ,  0.021521, 0.016187 
  -0.007213 ,  0.023940, 0.015512 
  -0.006932 ,  0.026103, 0.013782 
  -0.006646 ,  0.027995, 0.012124 
  -0.006356 ,  0.029605, 0.011548 
  -0.006061 ,  0.030925, 0.012773 
  -0.005763 ,  0.031949, 0.016096 
  -0.005462 ,  0.032676, 0.021349 
  -0.005157 ,  0.033108, 0.027929 
  -0.004850 ,  0.033247, 0.034906 
  -0.004540 ,  0.033104, 0.041182 
  -0.004228 ,  0.032686, 0.045679 
  -0.003914 ,  0.032008, 0.047515 
  -0.003599 ,  0.031085, 0.046152 
  -0.003283 ,  0.029935, 0.041476 
  -0.002966 ,  0.028577, 0.033819 
  -0.002649 ,  0.027033, 0.023896 
  -0.002332 ,  0.025326, 0.012694 
  -0.002015 ,  0.023480, 0.001312 
  -0.001699 ,  0.021519, -0.009207 
  -0.001383 ,  0.019469, -0.018027 
  -0.001069 ,  0.017356, -0.024634 
  -0.000757 ,  0.015204, -0.028894 
  -0.000446 ,  0.013039, -0.031040 
  -0.000138 ,  0.010885, -0.031604 
  0.000167 ,  0.008766, -0.031297 
  0.000470 ,  0.006703, -0.030870 
  0.000770 ,  0.004717, -0.030964 
  0.001066 ,  0.002827, -0.031989 
  0.001358 ,  0.001050, -0.034054 
  0.001646 ,  -0.000600, -0.036939 
  0.001930 ,  -0.002108, -0.040137 
  0.002209 ,  -0.003465, -0.042946 
  0.002483 ,  -0.004663, -0.044590 
  0.002752 ,  -0.005695, -0.044363 
  0.003016 ,  -0.006559, -0.041752 
  0.003273 ,  -0.007252, -0.036538 
  0.003525 ,  -0.007776, -0.028838 
  0.003771 ,  -0.008133, -0.019103 
  0.004011 ,  -0.008331, -0.008051 
  0.004244 ,  -0.008375, 0.003435 
  0.004470 ,  -0.008274, 0.014437 
  0.004689 ,  -0.008040, 0.024139 
  0.004901 ,  -0.007684, 0.031937 
  0.005106 ,  -0.007220, 0.037518 
  0.005303 ,  -0.006662, 0.040884 
  0.005493 ,  -0.006025, 0.042330 
  0.005675 ,  -0.005324, 0.042368 
  0.005849 ,  -0.004575, 0.041622 
  0.006015 ,  -0.003794, 0.040702 
  0.006173 ,  -0.002998, 0.040092 
  0.006323 ,  -0.002200, 0.040058 
  0.006464 ,  -0.001416, 0.040603 
  0.006597 ,  -0.000661, 0.041467 
  0.006722 ,  0.000054, 0.042175 
  0.006838 ,  0.000715, 0.042127 
  0.006946 ,  0.001313, 0.040714 
  0.007045 ,  0.001837, 0.037433 
  0.007136 ,  0.002280, 0.031985 
  0.007218 ,  0.002636, 0.024349 
  0.007291 ,  0.002899, 0.014799 
  0.007356 ,  0.003067, 0.003880 
  0.007413 ,  0.003137, -0.007663 
  0.007461 ,  0.003110, -0.018989 
  0.007501 ,  0.002986, -0.029278 
  0.007532 ,  0.002770, -0.037849 
  0.007555 ,  0.002465, -0.044247 
  0.007570 ,  0.002076, -0.048300 
  0.007576 ,  0.001611, -0.050121 
  0.007575 ,  0.001077, -0.050076 
  0.007565 ,  0.000483, -0.048697 
  0.007548 ,  -0.000162, -0.046585 
  0.007523 ,  -0.000847, -0.044297 
  0.007491 ,  -0.001562, -0.042247 
  0.007451 ,  -0.002297, -0.040640 
  0.007404 ,  -0.003041, -0.039438 
  0.007350 ,  -0.003782, -0.038376 
  0.007290 ,  -0.004511, -0.037022 
  0.007222 ,  -0.005217, -0.034862 
  0.007148 ,  -0.005890, -0.031405 
  0.007067 ,  -0.006522, -0.026283 
  0.006981 ,  -0.007103, -0.019336 
  0.006888 ,  -0.007627, -0.010657 
  0.006790 ,  -0.008086, -0.000597 
  0.006686 ,  -0.008476, 0.010273 
  0.006576 ,  -0.008792, 0.021234 
  0.006462 ,  -0.009029, 0.031523 
  0.006343 ,  -0.009186, 0.040437 
  0.006220 ,  -0.009262, 0.047428 
  0.006091 ,  -0.009257, 0.052179 
  0.005959 ,  -0.009170, 0.054632 
  0.005823 ,  -0.009005, 0.054980 
  0.005684 ,  -0.008764, 0.053620 
  0.005541 ,  -0.008452, 0.051071 
  0.005394 ,  -0.008072, 0.047876 
  0.005245 ,  -0.007630, 0.044507 
  0.005094 ,  -0.007133, 0.041286 
  0.004940 ,  -0.006587, 0.038333 
  0.004784 ,  -0.005998, 0.035559 
  0.004626 ,  -0.005375, 0.032693 
  0.004466 ,  -0.004726, 0.029346 
  0.004305 ,  -0.004057, 0.025100 
  0.004143 ,  -0.003376, 0.019601 
  0.003981 ,  -0.002692, 0.012643 
  0.003817 ,  -0.002011, 0.004231 
  0.003654 ,  -0.001341, -0.005394 
  0.003490 ,  -0.000688, -0.015774 
  0.003327 ,  -0.000059, -0.026282 
  0.003163 ,  0.000540, -0.036207 
  0.003001 ,  0.001106, -0.044851 
  0.002839 ,  0.001632, -0.051630 
  0.002679 ,  0.002115, -0.056149 
  0.002520 ,  0.002552, -0.058257 
  0.002362 ,  0.002941, -0.058057 
  0.002206 ,  0.003280, -0.055880 
  0.002052 ,  0.003568, -0.052217 
  0.001900 ,  0.003804, -0.047636 
  0.001751 ,  0.003989, -0.042684 
  0.001604 ,  0.004124, -0.037800 
  0.001460 ,  0.004210, -0.033247 
  0.001319 ,  0.004250, -0.029079 
  0.001181 ,  0.004245, -0.025153 
  0.001047 ,  0.004199, -0.021166 
  0.000915 ,  0.004115, -0.016732 
  0.000788 ,  0.003997, -0.011474 
  0.000664 ,  0.003848, -0.005107 
  0.000544 ,  0.003673, 0.002478 
  0.000427 ,  0.003474, 0.011175 
  0.000315 ,  0.003257, 0.020652 
  0.000208 ,  0.003026, 0.030384 
  0.000104 ,  0.002783, 0.039713 
  0.000005 ,  0.002533, 0.047945 
  -0.000090 ,  0.002280, 0.054441 
  -0.000180 ,  0.002026, 0.058714 
  -0.000265 ,  0.001775, 0.060498 
  -0.000346 ,  0.001529, 0.059779 
  -0.000422 ,  0.001291, 0.056794 
  -0.000493 ,  0.001064, 0.051988 
  -0.000559 ,  0.000848, 0.045940 
  -0.000620 ,  0.000645, 0.039268 
  -0.000677 ,  0.000457, 0.032535 
  -0.000729 ,  0.000285, 0.026166 
  -0.000775 ,  0.000128, 0.020392 
  -0.000817 ,  -0.000013, 0.015228 
  -0.000854 ,  -0.000138, 0.010498 
  -0.000886 ,  -0.000247, 0.005881 
  -0.000914 ,  -0.000341, 0.000999 
  -0.000936 ,  -0.000419, -0.004499 
  -0.000954 ,  -0.000483, -0.010846 
  -0.000967 ,  -0.000534, -0.018092 
  -0.000975 ,  -0.000572, -0.026071 
  -0.000979 ,  -0.000598, -0.034405 
  -0.000979 ,  -0.000612, -0.042541 
  -0.000974 ,  -0.000617, -0.049833 
  -0.000965 ,  -0.000612, -0.055626 
  -0.000951 ,  -0.000599, -0.059361 
  -0.000933 ,  -0.000577, -0.060652 
  -0.000912 ,  -0.000547, -0.059354 
  -0.000886 ,  -0.000511, -0.055578 
  -0.000857 ,  -0.000467, -0.049679 
  -0.000824 ,  -0.000417, -0.042203 
  -0.000788 ,  -0.000361, -0.033803 
  -0.000748 ,  -0.000298, -0.025144 
  -0.000705 ,  -0.000229, -0.016813 
  -0.000658 ,  -0.000153, -0.009235 
  -0.000609 ,  -0.000071, -0.002629 
  -0.000557 ,  0.000018, 0.003000 
  -0.000503 ,  0.000113, 0.007843 
  -0.000445 ,  0.000215, 0.012219 
  -0.000386 ,  0.000324, 0.016498 
  -0.000324 ,  0.000440, 0.021014 
  -0.000261 ,  0.000562, 0.025981 
  -0.000195 ,  0.000690, 0.031437 
  -0.000128 ,  0.000824, 0.037222 
  -0.000059 ,  0.000963, 0.042985 
  0.000011 ,  0.001107, 0.048231 
  0.000082 ,  0.001255, 0.052400 
  0.000154 ,  0.001405, 0.054951 
  0.000227 ,  0.001556, 0.055455 
  0.000301 ,  0.001708, 0.053663 
  0.000375 ,  0.001858, 0.049557 
  0.000450 ,  0.002005, 0.043358 
  0.000525 ,  0.002147, 0.035497 
  0.000599 ,  0.002282, 0.026560 
  0.000674 ,  0.002409, 0.017200 
  0.000748 ,  0.002524, 0.008048 
  0.000822 ,  0.002627, -0.000369 
  0.000894 ,  0.002716, -0.007700 
  0.000967 ,  0.002787, -0.013798 
  0.001038 ,  0.002841, -0.018724 
  0.001108 ,  0.002874, -0.022705 
  0.001176 ,  0.002886, -0.026077 
  0.001244 ,  0.002875, -0.029196 
  0.001309 ,  0.002840, -0.032364 
  0.001373 ,  0.002780, -0.035753 
  0.001436 ,  0.002695, -0.039363 
  0.001496 ,  0.002585, -0.043010 
  0.001554 ,  0.002449, -0.046345 
  0.001610 ,  0.002289, -0.048914 
  0.001664 ,  0.002105, -0.050228 
  0.001715 ,  0.001898, -0.049854 
  0.001763 ,  0.001670, -0.047487 
  0.001810 ,  0.001423, -0.043017 
  0.001853 ,  0.001159, -0.036556 
  0.001893 ,  0.000881, -0.028433 
  0.001931 ,  0.000591, -0.019156 
  0.001966 ,  0.000292, -0.009344 
  0.001998 ,  -0.000011, 0.000357 
  0.002026 ,  -0.000317, 0.009359 
  0.002052 ,  -0.000621, 0.017212 
  0.002074 ,  -0.000919, 0.023651 
  0.002093 ,  -0.001208, 0.028621 
  0.002109 ,  -0.001485, 0.032258 
  0.002121 ,  -0.001746, 0.034844 
  0.002130 ,  -0.001987, 0.036739 
  0.002136 ,  -0.002206, 0.038297 
  0.002139 ,  -0.002400, 0.039794 
  0.002138 ,  -0.002566, 0.041367 
  0.002133 ,  -0.002701, 0.042980 
  0.002126 ,  -0.002805, 0.044427 
  0.002115 ,  -0.002876, 0.045365 
  0.002100 ,  -0.002912, 0.045377 
  0.002083 ,  -0.002914, 0.044046 
  0.002062 ,  -0.002882, 0.041038 
  0.002038 ,  -0.002816, 0.036173 
  0.002011 ,  -0.002717, 0.029467 
  0.001980 ,  -0.002587, 0.021153 
  0.001947 ,  -0.002428, 0.011657 
  0.001910 ,  -0.002243, 0.001550 
  0.001870 ,  -0.002034, -0.008529 
  0.001828 ,  -0.001804, -0.017952 
  0.001783 ,  -0.001559, -0.026193 
  0.001735 ,  -0.001301, -0.032884 
  0.001684 ,  -0.001035, -0.037863 
  0.001631 ,  -0.000765, -0.041172 
  0.001575 ,  -0.000495, -0.043032 
  0.001517 ,  -0.000231, -0.043787 
  0.001457 ,  0.000024, -0.043829 
  0.001394 ,  0.000264, -0.043517 
  0.001329 ,  0.000487, -0.043110 
  0.001263 ,  0.000687, -0.042715 
  0.001194 ,  0.000862, -0.042268 
  0.001124 ,  0.001007, -0.041548 
  0.001052 ,  0.001121, -0.040220 
  0.000979 ,  0.001201, -0.037907 
  0.000904 ,  0.001245, -0.034259 
  0.000828 ,  0.001253, -0.029040 
  0.000751 ,  0.001222, -0.022179 
  0.000672 ,  0.001154, -0.013809 
  0.000593 ,  0.001050, -0.004264 
  0.000514 ,  0.000909, 0.005951 
  0.000433 ,  0.000735, 0.016222 
  0.000352 ,  0.000530, 0.025906 
  0.000271 ,  0.000297, 0.034418 
  0.000190 ,  0.000039, 0.041301 
  0.000108 ,  -0.000239, 0.046288 
  0.000026 ,  -0.000532, 0.049322 
  -0.000055 ,  -0.000837, 0.050550 
  -0.000136 ,  -0.001148, 0.050282 
  -0.000217 ,  -0.001459, 0.048925 
  -0.000297 ,  -0.001765, 0.046903 
  -0.000376 ,  -0.002060, 0.044583 
  -0.000455 ,  -0.002340, 0.042207 
  -0.000532 ,  -0.002598, 0.039855 
  -0.000609 ,  -0.002829, 0.037438 
  -0.000685 ,  -0.003029, 0.034724 
  -0.000759 ,  -0.003193, 0.031390 
  -0.000832 ,  -0.003317, 0.027093 
  -0.000903 ,  -0.003398, 0.021555 
  -0.000973 ,  -0.003434, 0.014626 
  -0.001041 ,  -0.003420, 0.006337 
  -0.001107 ,  -0.003358, -0.003077 
  -0.001171 ,  -0.003245, -0.013195 
  -0.001234 ,  -0.003081, -0.023453 
  -0.001294 ,  -0.002868, -0.033212 
  -0.001352 ,  -0.002608, -0.041848 
  -0.001408 ,  -0.002302, -0.048828 
  -0.001462 ,  -0.001953, -0.053785 
  -0.001513 ,  -0.001567, -0.056561 
  -0.001562 ,  -0.001147, -0.057217 
  -0.001608 ,  -0.000698, -0.056009 
  -0.001652 ,  -0.000227, -0.053341 
  -0.001693 ,  0.000261, -0.049684 
  -0.001732 ,  0.000759, -0.045499 
  -0.001767 ,  0.001259, -0.041158 
  -0.001800 ,  0.001755, -0.036891 
  -0.001831 ,  0.002240, -0.032751 
  -0.001858 ,  0.002706, -0.028624 
  -0.001883 ,  0.003146, -0.024261 
  -0.001905 ,  0.003553, -0.019348 
  -0.001924 ,  0.003920, -0.013574 
  -0.001940 ,  0.004242, -0.006715 
  -0.001953 ,  0.004513, 0.001301 
  -0.001964 ,  0.004728, 0.010357 
  -0.001971 ,  0.004882, 0.020136 
  -0.001976 ,  0.004972, 0.030146 
  -0.001978 ,  0.004995, 0.039779 
  -0.001977 ,  0.004950, 0.048391 
  -0.001973 ,  0.004836, 0.055384 
  -0.001967 ,  0.004652, 0.060293 
  -0.001958 ,  0.004401, 0.062846 
  -0.001946 ,  0.004083, 0.062998 
  -0.001931 ,  0.003703, 0.060929 
  -0.001915 ,  0.003264, 0.057013 
  -0.001895 ,  0.002771, 0.051745 
  -0.001873 ,  0.002230, 0.045670 
  -0.001849 ,  0.001647, 0.039288 
  -0.001822 ,  0.001031, 0.032986 
  -0.001793 ,  0.000388, 0.026984 
  -0.001762 ,  -0.000273, 0.021316 
  -0.001729 ,  -0.000943, 0.015843 
  -0.001694 ,  -0.001614, 0.010302 
  -0.001656 ,  -0.002275, 0.004374 
  -0.001617 ,  -0.002919, -0.002230 
  -0.001576 ,  -0.003535, -0.009698 
  -0.001534 ,  -0.004115, -0.018049 
  -0.001489 ,  -0.004650, -0.027105 
  -0.001444 ,  -0.005133, -0.036487 
  -0.001397 ,  -0.005556, -0.045658 
  -0.001348 ,  -0.005912, -0.053984 
  -0.001298 ,  -0.006196, -0.060822 
  -0.001248 ,  -0.006402, -0.065607 
  -0.001196 ,  -0.006527, -0.067935 
  -0.001143 ,  -0.006567, -0.067620 
  -0.001090 ,  -0.006521, -0.064722 
  -0.001036 ,  -0.006387, -0.059533 
  -0.000981 ,  -0.006167, -0.052535 
  -0.000926 ,  -0.005862, -0.044328 
  -0.000870 ,  -0.005475, -0.035538 
  -0.000814 ,  -0.005010, -0.026737 
  -0.000758 ,  -0.004471, -0.018361 
  -0.000702 ,  -0.003865, -0.010664 
  -0.000646 ,  -0.003198, -0.003705 
  -0.000590 ,  -0.002480, 0.002639 
  -0.000534 ,  -0.001717, 0.008616 
  -0.000479 ,  -0.000919, 0.014531 
  -0.000424 ,  -0.000097, 0.020665 
  -0.000370 ,  0.000740, 0.027197 
  -0.000316 ,  0.001581, 0.034150 
  -0.000263 ,  0.002416, 0.041360 
  -0.000211 ,  0.003234, 0.048485 
  -0.000160 ,  0.004024, 0.055044 
  -0.000110 ,  0.004777, 0.060481 
  -0.000061 ,  0.005482, 0.064249 
  -0.000013 ,  0.006131, 0.065897 
  0.000033 ,  0.006715, 0.065136 
  0.000078 ,  0.007227, 0.061895 
  0.000122 ,  0.007660, 0.056333 
  0.000164 ,  0.008008, 0.048820 
  0.000205 ,  0.008266, 0.039890 
  0.000244 ,  0.008431, 0.030164 
  0.000281 ,  0.008502, 0.020265 
  0.000317 ,  0.008476, 0.010738 
  0.000350 ,  0.008354, 0.001980 
  0.000382 ,  0.008138, -0.005795 
  0.000412 ,  0.007830, -0.012566 
  0.000440 ,  0.007435, -0.018480 
  0.000466 ,  0.006957, -0.023793 
  0.000490 ,  0.006402, -0.028803 
  0.000511 ,  0.005778, -0.033768 
  0.000531 ,  0.005093, -0.038844 
  0.000549 ,  0.004356, -0.044033 
  0.000564 ,  0.003575, -0.049166 
  0.000577 ,  0.002762, -0.053917 
  0.000588 ,  0.001927, -0.057850 
  0.000597 ,  0.001080, -0.060482 
  0.000604 ,  0.000232, -0.061366 
  0.000608 ,  -0.000605, -0.060166 
  0.000611 ,  -0.001422, -0.056718 
  0.000611 ,  -0.002209, -0.051069 
  0.000609 ,  -0.002954, -0.043476 
  0.000605 ,  -0.003650, -0.034383 
  0.000598 ,  -0.004287, -0.024359 
  0.000590 ,  -0.004858, -0.014027 
  0.000579 ,  -0.005356, -0.003979 
  0.000567 ,  -0.005777, 0.005298 
  0.000552 ,  -0.006114, 0.013478 
  0.000536 ,  -0.006365, 0.020421 
  0.000517 ,  -0.006527, 0.026170 
  0.000497 ,  -0.006600, 0.030917 
  0.000475 ,  -0.006584, 0.034943 
  0.000451 ,  -0.006481, 0.038546 
  0.000425 ,  -0.006292, 0.041967 
  0.000397 ,  -0.006023, 0.045336 
  0.000368 ,  -0.005678, 0.048626 
  0.000338 ,  -0.005263, 0.051658 
  0.000306 ,  -0.004785, 0.054112 
  0.000272 ,  -0.004252, 0.055590 
  0.000237 ,  -0.003672, 0.055675 
  0.000201 ,  -0.003055, 0.054013 
  0.000164 ,  -0.002410, 0.050379 
  0.000125 ,  -0.001746, 0.044729 
  0.000086 ,  -0.001075, 0.037219 
  0.000045 ,  -0.000406, 0.028199 
  0.000004 ,  0.000251, 0.018174 
  -0.000039 ,  0.000886, 0.007738 
  -0.000081 ,  0.001490, -0.002498 
  -0.000125 ,  0.002054, -0.011990 
  -0.000169 ,  0.002569, -0.020323 
  -0.000214 ,  0.003030, -0.027257 
  -0.000259 ,  0.003428, -0.032742 
  -0.000304 ,  0.003759, -0.036898 
  -0.000350 ,  0.004017, -0.039974 
  -0.000396 ,  0.004201, -0.042283 
  -0.000441 ,  0.004306, -0.044132 
  -0.000487 ,  0.004332, -0.045749 
  -0.000533 ,  0.004280, -0.047240 
  -0.000578 ,  0.004150, -0.048556 
  -0.000623 ,  0.003945, -0.049503 
  -0.000668 ,  0.003668, -0.049773 
  -0.000712 ,  0.003325, -0.049001 
  -0.000756 ,  0.002920, -0.046834 
  -0.000799 ,  0.002460, -0.043007 
  -0.000841 ,  0.001953, -0.037400 
  -0.000883 ,  0.001406, -0.030075 
  -0.000924 ,  0.000828, -0.021289 
  -0.000964 ,  0.000228, -0.011471 
  -0.001003 ,  -0.000384, -0.001171 
  -0.001040 ,  -0.001000, 0.009006 
  -0.001077 ,  -0.001609, 0.018481 
  -0.001113 ,  -0.002201, 0.026769 
  -0.001147 ,  -0.002769, 0.033544 
  -0.001180 ,  -0.003302, 0.038664 
  -0.001211 ,  -0.003793, 0.042176 
  -0.001242 ,  -0.004233, 0.044286 
  -0.001270 ,  -0.004616, 0.045308 
  -0.001298 ,  -0.004936, 0.045591 
  -0.001323 ,  -0.005187, 0.045453 
  -0.001347 ,  -0.005365, 0.045117 
  -0.001370 ,  -0.005467, 0.044666 
  -0.001391 ,  -0.005491, 0.044032 
  -0.001410 ,  -0.005437, 0.043012 
  -0.001427 ,  -0.005303, 0.041308 
  -0.001443 ,  -0.005093, 0.038588 
  -0.001456 ,  -0.004808, 0.034564 
  -0.001468 ,  -0.004452, 0.029050 
  -0.001478 ,  -0.004030, 0.022022 
  -0.001487 ,  -0.003548, 0.013639 
  -0.001493 ,  -0.003011, 0.004240 
  -0.001498 ,  -0.002429, -0.005686 
  -0.001501 ,  -0.001808, -0.015560 
  -0.001502 ,  -0.001157, -0.024789 
  -0.001501 ,  -0.000486, -0.032841 
  -0.001498 ,  0.000196, -0.039312 
  -0.001493 ,  0.000879, -0.043974 
  -0.001487 ,  0.001554, -0.046797 
  -0.001479 ,  0.002210, -0.047933 
  -0.001469 ,  0.002840, -0.047680 
  -0.001457 ,  0.003432, -0.046417 
  -0.001444 ,  0.003980, -0.044533 
  -0.001429 ,  0.004475, -0.042357 
  -0.001412 ,  0.004909, -0.040103 
  -0.001393 ,  0.005277, -0.037834 
  -0.001373 ,  0.005573, -0.035459 
  -0.001352 ,  0.005792, -0.032764 
  -0.001329 ,  0.005931, -0.029456 
  -0.001304 ,  0.005988, -0.025236 
  -0.001278 ,  0.005961, -0.019867 
  -0.001251 ,  0.005851, -0.013236 
  -0.001222 ,  0.005658, -0.005402 
  -0.001192 ,  0.005386, 0.003396 
  -0.001161 ,  0.005037, 0.012749 
  -0.001129 ,  0.004616, 0.022126 
  -0.001095 ,  0.004129, 0.030938 
  -0.001061 ,  0.003581, 0.038619 
  -0.001025 ,  0.002981, 0.044696 
  -0.000989 ,  0.002337, 0.048856 
  -0.000952 ,  0.001656, 0.050982 
  -0.000914 ,  0.000949, 0.051159 
  -0.000876 ,  0.000224, 0.049648 
  -0.000836 ,  -0.000508, 0.046840 
  -0.000796 ,  -0.001237, 0.043183 
  -0.000756 ,  -0.001953, 0.039105 
  -0.000715 ,  -0.002647, 0.034948 
  -0.000674 ,  -0.003310, 0.030918 
  -0.000633 ,  -0.003931, 0.027056 
  -0.000591 ,  -0.004502, 0.023250 
  -0.000549 ,  -0.005016, 0.019271 
  -0.000507 ,  -0.005466, 0.014828 
  -0.000465 ,  -0.005844, 0.009645 
  -0.000424 ,  -0.006146, 0.003526 
  -0.000382 ,  -0.006368, -0.003580 
  -0.000340 ,  -0.006506, -0.011551 
  -0.000299 ,  -0.006557, -0.020084 
  -0.000258 ,  -0.006522, -0.028720 
  -0.000218 ,  -0.006401, -0.036902 
  -0.000177 ,  -0.006193, -0.044048 
  -0.000138 ,  -0.005903, -0.049628 
  -0.000099 ,  -0.005534, -0.053241 
  -0.000060 ,  -0.005089, -0.054670 
  -0.000023 ,  -0.004575, -0.053909 
  0.000014 ,  -0.003999, -0.051161 
  0.000051 ,  -0.003367, -0.046799 
  0.000086 ,  -0.002687, -0.041307 
  0.000120 ,  -0.001968, -0.035203 
  0.000154 ,  -0.001220, -0.028961 
  0.000186 ,  -0.000451, -0.022942 
  0.000218 ,  0.000328, -0.017350 
  0.000248 ,  0.001108, -0.012214 
  0.000277 ,  0.001880, -0.007405 
  0.000306 ,  0.002632, -0.002681 
  0.000332 ,  0.003357, 0.002251 
  0.000358 ,  0.004044, 0.007658 
  0.000383 ,  0.004687, 0.013707 
  0.000406 ,  0.005276, 0.020418 
  0.000427 ,  0.005804, 0.027631 
  0.000448 ,  0.006266, 0.035011 
  0.000467 ,  0.006656, 0.042083 
  0.000485 ,  0.006970, 0.048294 
  0.000501 ,  0.007203, 0.053090 
  0.000516 ,  0.007355, 0.055997 
  0.000530 ,  0.007422, 0.056694 
  0.000542 ,  0.007406, 0.055062 
  0.000553 ,  0.007307, 0.051201 
  0.000563 ,  0.007127, 0.045423 
  0.000571 ,  0.006868, 0.038201 
  0.000577 ,  0.006536, 0.030106 
  0.000583 ,  0.006133, 0.021723 
  0.000586 ,  0.005667, 0.013571 
  0.000589 ,  0.005144, 0.006041 
  0.000590 ,  0.004570, -0.000651 
  0.000590 ,  0.003954, -0.006471 
  0.000588 ,  0.003303, -0.011551 
  0.000586 ,  0.002626, -0.016135 
  0.000582 ,  0.001932, -0.020515 
  0.000576 ,  0.001230, -0.024958 
  0.000570 ,  0.000528, -0.029633 
  0.000562 ,  -0.000165, -0.034568 
  0.000554 ,  -0.000841, -0.039623 
  0.000544 ,  -0.001490, -0.044501 
  0.000533 ,  -0.002106, -0.048784 
  0.000521 ,  -0.002681, -0.051999 
  0.000508 ,  -0.003209, -0.053688 
  0.000494 ,  -0.003684, -0.053489 
  0.000479 ,  -0.004101, -0.051195 
  0.000464 ,  -0.004456, -0.046797 
  0.000447 ,  -0.004745, -0.040491 
  0.000430 ,  -0.004965, -0.032661 
  0.000412 ,  -0.005117, -0.023824 
  0.000394 ,  -0.005198, -0.014562 
  0.000375 ,  -0.005209, -0.005445 
  0.000355 ,  -0.005153, 0.003044 
  0.000335 ,  -0.005030, 0.010568 
  0.000314 ,  -0.004845, 0.016966 
  0.000293 ,  -0.004600, 0.022254 
  0.000272 ,  -0.004301, 0.026598 
  0.000250 ,  -0.003953, 0.030260 
  0.000228 ,  -0.003562, 0.033532 
  0.000206 ,  -0.003134, 0.036662 
  0.000184 ,  -0.002677, 0.039797 
  0.000162 ,  -0.002196, 0.042938 
  0.000140 ,  -0.001700, 0.045936 
  0.000118 ,  -0.001196, 0.048500 
  0.000096 ,  -0.000691, 0.050247 
  0.000074 ,  -0.000193, 0.050767 
  0.000052 ,  0.000291, 0.049692 
  0.000031 ,  0.000755, 0.046769 
  0.000010 ,  0.001192, 0.041908 
  -0.000011 ,  0.001596, 0.035216 
  -0.000032 ,  0.001961, 0.026989 
  -0.000051 ,  0.002283, 0.017682 
  -0.000071 ,  0.002558, 0.007854 
  -0.000090 ,  0.002782, -0.001907 
  -0.000108 ,  0.002953, -0.011059 
  -0.000126 ,  0.003069, -0.019176 
  -0.000143 ,  0.003129, -0.025989 
  -0.000159 ,  0.003132, -0.031414 
  -0.000174 ,  0.003079, -0.035535 
  -0.000189 ,  0.002972, -0.038572 
  -0.000203 ,  0.002813, -0.040818 
  -0.000216 ,  0.002604, -0.042572 
  -0.000228 ,  0.002349, -0.044073 
  -0.000239 ,  0.002053, -0.045445 
  -0.000249 ,  0.001720, -0.046668 
  -0.000259 ,  0.001355, -0.047575 
  -0.000267 ,  0.000964, -0.047883 
  -0.000274 ,  0.000553, -0.047241 
  -0.000281 ,  0.000128, -0.045296 
  -0.000286 ,  -0.000304, -0.041767 
  -0.000290 ,  -0.000738, -0.036504 
  -0.000294 ,  -0.001166, -0.029531 
  -0.000296 ,  -0.001582, -0.021061 
  -0.000297 ,  -0.001981, -0.011482 
  -0.000297 ,  -0.002357, -0.001312 
  -0.000296 ,  -0.002703, 0.008861 
  -0.000293 ,  -0.003016, 0.018459 
  -0.000290 ,  -0.003290, 0.026981 
  -0.000286 ,  -0.003522, 0.034071 
  -0.000281 ,  -0.003708, 0.039545 
  -0.000274 ,  -0.003846, 0.043409 
  -0.000267 ,  -0.003933, 0.045827 
  -0.000258 ,  -0.003969, 0.047084 
  -0.000249 ,  -0.003952, 0.047512 
  -0.000238 ,  -0.003884, 0.047427 
  -0.000227 ,  -0.003765, 0.047063 
  -0.000214 ,  -0.003596, 0.046527 
  -0.000201 ,  -0.003380, 0.045780 
  -0.000187 ,  -0.003120, 0.044645 
  -0.000172 ,  -0.002820, 0.042843 
  -0.000156 ,  -0.002482, 0.040054 
  -0.000139 ,  -0.002113, 0.035982 
  -0.000122 ,  -0.001717, 0.030426 
  -0.000103 ,  -0.001300, 0.023330 
  -0.000084 ,  -0.000866, 0.014820 
  -0.000065 ,  -0.000423, 0.005202 
  -0.000044 ,  0.000024, -0.005060 
  -0.000024 ,  0.000469, -0.015403 
  -0.000002 ,  0.000905, -0.025230 
  0.000020 ,  0.001328, -0.033987 
  0.000042 ,  0.001730, -0.041235 
  0.000065 ,  0.002108, -0.046700 
  0.000088 ,  0.002455, -0.050297 
  0.000112 ,  0.002766, -0.052127 
  0.000136 ,  0.003038, -0.052446 
  0.000160 ,  0.003268, -0.051604 
  0.000184 ,  0.003450, -0.049976 
  0.000208 ,  0.003585, -0.047896 
  0.000233 ,  0.003668, -0.045594 
  0.000257 ,  0.003700, -0.043161 
  0.000282 ,  0.003679, -0.040539 
  0.000306 ,  0.003607, -0.037538 
  0.000331 ,  0.003483, -0.033887 
  0.000355 ,  0.003310, -0.029295 
  0.000379 ,  0.003089, -0.023519 
  0.000403 ,  0.002824, -0.016431 
  0.000427 ,  0.002518, -0.008065 
  0.000450 ,  0.002175, 0.001365 
  0.000473 ,  0.001800, 0.011471 
  0.000495 ,  0.001397, 0.021732 
  0.000517 ,  0.000973, 0.031555 
  0.000539 ,  0.000532, 0.040352 
  0.000560 ,  0.000080, 0.047614 
  0.000580 ,  -0.000375, 0.052976 
  0.000600 ,  -0.000829, 0.056262 
  0.000619 ,  -0.001275, 0.057499 
  0.000638 ,  -0.001707, 0.056895 
  0.000655 ,  -0.002119, 0.054799 
  0.000672 ,  -0.002505, 0.051636 
  0.000689 ,  -0.002860, 0.047825 
  0.000704 ,  -0.003179, 0.043720 
  0.000718 ,  -0.003456, 0.039547 
  0.000732 ,  -0.003689, 0.035378 
  0.000745 ,  -0.003873, 0.031133 
  0.000756 ,  -0.004005, 0.026608 
  0.000767 ,  -0.004083, 0.021530 
  0.000777 ,  -0.004105, 0.015629 
  0.000786 ,  -0.004070, 0.008706 
  0.000793 ,  -0.003978, 0.000696 
  0.000800 ,  -0.003829, -0.008294 
  0.000806 ,  -0.003624, -0.017975 
  0.000810 ,  -0.003365, -0.027892 
  0.000814 ,  -0.003054, -0.037482 
  0.000816 ,  -0.002695, -0.046137 
  0.000818 ,  -0.002291, -0.053290 
  0.000818 ,  -0.001846, -0.058485 
  0.000817 ,  -0.001366, -0.061443 
  0.000816 ,  -0.000855, -0.062096 
  0.000813 ,  -0.000319, -0.060583 
  0.000809 ,  0.000236, -0.057230 
  0.000804 ,  0.000803, -0.052486 
  0.000798 ,  0.001377, -0.046852 
  0.000791 ,  0.001949, -0.040802 
  0.000782 ,  0.002515, -0.034713 
  0.000773 ,  0.003067, -0.028812 
  0.000763 ,  0.003598, -0.023156 
  0.000752 ,  0.004103, -0.017644 
  0.000740 ,  0.004575, -0.012050 
  0.000727 ,  0.005009, -0.006095 
  0.000713 ,  0.005399, 0.000485 
  0.000698 ,  0.005740, 0.007863 
  0.000682 ,  0.006029, 0.016065 
  0.000665 ,  0.006261, 0.024930 
  0.000648 ,  0.006433, 0.034116 
  0.000630 ,  0.006543, 0.043124 
  0.000611 ,  0.006589, 0.051360 
  0.000591 ,  0.006570, 0.058213 
  0.000571 ,  0.006486, 0.063137 
  0.000550 ,  0.006336, 0.065730 
  0.000528 ,  0.006123, 0.065792 
  0.000506 ,  0.005848, 0.063351 
  0.000483 ,  0.005513, 0.058659 
  0.000460 ,  0.005123, 0.052154 
  0.000436 ,  0.004680, 0.044392 
  0.000412 ,  0.004189, 0.035971 
  0.000388 ,  0.003655, 0.027442 
  0.000363 ,  0.003083, 0.019243 
  0.000338 ,  0.002481, 0.011643 
  0.000313 ,  0.001853, 0.004727 
  0.000288 ,  0.001206, -0.001590 
  0.000262 ,  0.000548, -0.007524 
  0.000236 ,  -0.000116, -0.013350 
  0.000211 ,  -0.000778, -0.019333 
  0.000185 ,  -0.001430, -0.025651 
  0.000159 ,  -0.002067, -0.032339 
  0.000133 ,  -0.002682, -0.039264 
  0.000108 ,  -0.003268, -0.046118 
  0.000082 ,  -0.003819, -0.052459 
  0.000057 ,  -0.004329, -0.057768 
  0.000032 ,  -0.004794, -0.061521 
  0.000008 ,  -0.005208, -0.063278 
  -0.000017 ,  -0.005568, -0.062746 
  -0.000041 ,  -0.005871, -0.059830 
  -0.000064 ,  -0.006112, -0.054657 
  -0.000087 ,  -0.006291, -0.047557 
  -0.000110 ,  -0.006405, -0.039025 
  -0.000132 ,  -0.006454, -0.029648 
  -0.000154 ,  -0.006439, -0.020028 
  -0.000175 ,  -0.006360, -0.010701 
  -0.000195 ,  -0.006218, -0.002074 
  -0.000215 ,  -0.006016, 0.005619 
  -0.000234 ,  -0.005757, 0.012328 
  -0.000252 ,  -0.005444, 0.018166 
  -0.000270 ,  -0.005081, 0.023362 
  -0.000286 ,  -0.004673, 0.028193 
  -0.000302 ,  -0.004226, 0.032912 
  -0.000318 ,  -0.003745, 0.037682 
  -0.000332 ,  -0.003235, 0.042527 
  -0.000345 ,  -0.002704, 0.047310 
  -0.000358 ,  -0.002157, 0.051743 
  -0.000370 ,  -0.001601, 0.055424 
  -0.000381 ,  -0.001043, 0.057902 
  -0.000391 ,  -0.000490, 0.058745 
  -0.000400 ,  0.000053, 0.057620 
  -0.000408 ,  0.000578, 0.054352 
  -0.000415 ,  0.001081, 0.048960 
  -0.000421 ,  0.001554, 0.041670 
  -0.000426 ,  0.001993, 0.032888 
  -0.000430 ,  0.002393, 0.023151 
  -0.000434 ,  0.002749, 0.013057 
  -0.000436 ,  0.003059, 0.003187 
  -0.000437 ,  0.003318, -0.005971 
  -0.000438 ,  0.003524, -0.014075 
  -0.000437 ,  0.003677, -0.020960 
  -0.000435 ,  0.003773, -0.026641 
  -0.000433 ,  0.003814, -0.031280 
  -0.000430 ,  0.003800, -0.035138 
  -0.000425 ,  0.003731, -0.038499 
  -0.000420 ,  0.003610, -0.041611 
  -0.000414 ,  0.003439, -0.044615 
  -0.000407 ,  0.003220, -0.047515 
  -0.000399 ,  0.002959, -0.050163 
  -0.000391 ,  0.002658, -0.052278 
  -0.000381 ,  0.002323, -0.053491 
  -0.000371 ,  0.001958, -0.053407 
  -0.000360 ,  0.001570, -0.051684 
  -0.000348 ,  0.001163, -0.048090 
  -0.000336 ,  0.000745, -0.042564 
  -0.000323 ,  0.000320, -0.035235 
  -0.000309 ,  -0.000105, -0.026421 
  -0.000295 ,  -0.000523, -0.016596 
  -0.000280 ,  -0.000930, -0.006331 
  -0.000265 ,  -0.001318, 0.003782 
  -0.000249 ,  -0.001684, 0.013199 
  -0.000232 ,  -0.002020, 0.021495 
  -0.000215 ,  -0.002324, 0.028411 
  -0.000198 ,  -0.002590, 0.033868 
  -0.000180 ,  -0.002814, 0.037960 
  -0.000162 ,  -0.002995, 0.040912 
  -0.000144 ,  -0.003128, 0.043023 
  -0.000125 ,  -0.003213, 0.044596 
  -0.000106 ,  -0.003248, 0.045870 
  -0.000087 ,  -0.003232, 0.046972 
  -0.000068 ,  -0.003166, 0.047884 
  -0.000048 ,  -0.003052, 0.048446 
  -0.000029 ,  -0.002889, 0.048380 
  -0.000009 ,  -0.002682, 0.047348 
  0.000010 ,  -0.002432, 0.045013 
  0.000030 ,  -0.002143, 0.041111 
  0.000050 ,  -0.001820, 0.035510 
  0.000069 ,  -0.001467, 0.028253 
  0.000088 ,  -0.001089, 0.019570 
  0.000107 ,  -0.000691, 0.009861 
  0.000126 ,  -0.000280, -0.000349 
  0.000145 ,  0.000140, -0.010471 
  0.000164 ,  0.000561, -0.019932 
  0.000182 ,  0.000979, -0.028243 
  0.000199 ,  0.001386, -0.035059 
  0.000217 ,  0.001776, -0.040215 
  0.000234 ,  0.002145, -0.043732 
  0.000251 ,  0.002487, -0.045791 
  0.000267 ,  0.002796, -0.046686 
  0.000283 ,  0.003068, -0.046762 
  0.000298 ,  0.003299, -0.046340 
  0.000313 ,  0.003486, -0.045658 
  0.000327 ,  0.003624, -0.044825 
  0.000340 ,  0.003712, -0.043805 
  0.000353 ,  0.003749, -0.042424 
  0.000366 ,  0.003733, -0.040411 
  0.000377 ,  0.003665, -0.037456 
  0.000389 ,  0.003544, -0.033274 
  0.000399 ,  0.003373, -0.027679 
  0.000409 ,  0.003153, -0.020629 
  0.000418 ,  0.002887, -0.012262 
  0.000426 ,  0.002579, -0.002892 
  0.000434 ,  0.002232, 0.007017 
  0.000441 ,  0.001852, 0.016903 
  0.000447 ,  0.001443, 0.026182 
  0.000453 ,  0.001011, 0.034319 
  0.000457 ,  0.000562, 0.040897 
  0.000461 ,  0.000103, 0.045669 
  0.000465 ,  -0.000360, 0.048577 
  0.000467 ,  -0.000821, 0.049749 
  0.000469 ,  -0.001272, 0.049461 
  0.000470 ,  -0.001708, 0.048082 
  0.000470 ,  -0.002121, 0.046000 
  0.000470 ,  -0.002506, 0.043554 
  0.000469 ,  -0.002857, 0.040978 
  0.000467 ,  -0.003167, 0.038360 
  0.000464 ,  -0.003433, 0.035642 
  0.000461 ,  -0.003650, 0.032634 
  0.000457 ,  -0.003814, 0.029065 
  0.000452 ,  -0.003922, 0.024648 
  0.000447 ,  -0.003971, 0.019145 
  0.000441 ,  -0.003961, 0.012435 
  0.000435 ,  -0.003890, 0.004557 
  0.000428 ,  -0.003758, -0.004270 
  0.000420 ,  -0.003567, -0.013660 
  0.000412 ,  -0.003318, -0.023101 
  0.000403 ,  -0.003014, -0.032014 
  0.000393 ,  -0.002657, -0.039833 
  0.000384 ,  -0.002253, -0.046076 
  0.000373 ,  -0.001805, -0.050413 
  0.000363 ,  -0.001320, -0.052701 
  0.000351 ,  -0.000803, -0.053001 
  0.000340 ,  -0.000261, -0.051552 
  0.000328 ,  0.000299, -0.048730 
  0.000316 ,  0.000871, -0.044976 
  0.000303 ,  0.001446, -0.040724 
  0.000290 ,  0.002016, -0.036330 
  0.000277 ,  0.002576, -0.032021 
  0.000263 ,  0.003116, -0.027866 
  0.000250 ,  0.003629, -0.023780 
  0.000236 ,  0.004108, -0.019553 
  0.000222 ,  0.004547, -0.014911 
  0.000208 ,  0.004939, -0.009580 
  0.000194 ,  0.005278, -0.003360 
  0.000179 ,  0.005559, 0.003816 
  0.000165 ,  0.005778, 0.011844 
  0.000151 ,  0.005931, 0.020441 
  0.000136 ,  0.006014, 0.029168 
  0.000122 ,  0.006027, 0.037479 
  0.000108 ,  0.005968, 0.044795 
  0.000094 ,  0.005836, 0.050580 
  0.000080 ,  0.005633, 0.054419 
  0.000066 ,  0.005360, 0.056073 
  0.000052 ,  0.005019, 0.055511 
  0.000039 ,  0.004615, 0.052913 
  0.000026 ,  0.004151, 0.048633 
  0.000013 ,  0.003632, 0.043145 
  0.000000 ,  0.003064, 0.036968 
  -0.000012 ,  0.002454, 0.030584 
  -0.000024 ,  0.001808, 0.024372 
  -0.000036 ,  0.001135, 0.018561 
  -0.000047 ,  0.000441, 0.013202 
  -0.000058 ,  -0.000264, 0.008189 
  -0.000069 ,  -0.000973, 0.003294 
  -0.000079 ,  -0.001677, -0.001767 
  -0.000089 ,  -0.002368, -0.007263 
  -0.000099 ,  -0.003036, -0.013374 
  -0.000108 ,  -0.003675, -0.020135 
  -0.000116 ,  -0.004276, -0.027406 
  -0.000124 ,  -0.004833, -0.034870 
  -0.000132 ,  -0.005338, -0.042066 
  -0.000139 ,  -0.005786, -0.048448 
  -0.000145 ,  -0.006170, -0.053459 
  -0.000151 ,  -0.006488, -0.056614 
  -0.000157 ,  -0.006734, -0.057572 
  -0.000162 ,  -0.006905, -0.056191 
  -0.000166 ,  -0.007001, -0.052549 
  -0.000170 ,  -0.007020, -0.046937 
  -0.000174 ,  -0.006962, -0.039815 
  -0.000177 ,  -0.006828, -0.031747 
  -0.000179 ,  -0.006619, -0.023324 
  -0.000181 ,  -0.006340, -0.015078 
  -0.000183 ,  -0.005993, -0.007418 
  -0.000184 ,  -0.005583, -0.000581 
  -0.000184 ,  -0.005115, 0.005379 
  -0.000184 ,  -0.004596, 0.010577 
  -0.000184 ,  -0.004033, 0.015248 
  -0.000183 ,  -0.003431, 0.019685 
  -0.000181 ,  -0.002800, 0.024161 
  -0.000179 ,  -0.002148, 0.028861 
  -0.000177 ,  -0.001482, 0.033828 
  -0.000174 ,  -0.000810, 0.038943 
  -0.000171 ,  -0.000143, 0.043921 
  -0.000168 ,  0.000513, 0.048355 
  -0.000164 ,  0.001150, 0.051769 
  -0.000159 ,  0.001758, 0.053701 
  -0.000155 ,  0.002331, 0.053770 
  -0.000150 ,  0.002863, 0.051750 
  -0.000145 ,  0.003346, 0.047610 
  -0.000139 ,  0.003775, 0.041524 
  -0.000133 ,  0.004145, 0.033861 
  -0.000127 ,  0.004452, 0.025128 
  -0.000121 ,  0.004694, 0.015910 
  -0.000114 ,  0.004866, 0.006783 
  -0.000107 ,  0.004969, -0.001756 
  -0.000101 ,  0.005002, -0.009349 
  -0.000094 ,  0.004965, -0.015818 
  -0.000086 ,  0.004860, -0.021163 
  -0.000079 ,  0.004689, -0.025541 
  -0.000072 ,  0.004456, -0.029211 
  -0.000064 ,  0.004164, -0.032470 
  -0.000057 ,  0.003818, -0.035579 
  -0.000049 ,  0.003425, -0.038701 
  -0.000042 ,  0.002989, -0.041855 
  -0.000035 ,  0.002518, -0.044905 
  -0.000027 ,  0.002019, -0.047574 
  -0.000020 ,  0.001499, -0.049480 
  -0.000013 ,  0.000966, -0.050209 
  -0.000005 ,  0.000428, -0.049381 
  0.000002 ,  -0.000108, -0.046723 
  0.000008 ,  -0.000633, -0.042128 
  0.000015 ,  -0.001141, -0.035678 
  0.000022 ,  -0.001623, -0.027655 
  0.000028 ,  -0.002073, -0.018503 
  0.000034 ,  -0.002485, -0.008777 
  0.000040 ,  -0.002853, 0.000930 
  0.000045 ,  -0.003172, 0.010065 
  0.000051 ,  -0.003437, 0.018186 
  0.000056 ,  -0.003645, 0.025009 
  0.000061 ,  -0.003793, 0.030434 
  0.000065 ,  -0.003880, 0.034535 
  0.000069 ,  -0.003903, 0.037527 
  0.000073 ,  -0.003864, 0.039709 
  0.000076 ,  -0.003763, 0.041390 
  0.000079 ,  -0.003602, 0.042822 
  0.000082 ,  -0.003383, 0.044147 
  0.000085 ,  -0.003110, 0.045361 
  0.000087 ,  -0.002786, 0.046311 
  0.000088 ,  -0.002417, 0.046718 
  0.000090 ,  -0.002008, 0.046229 
  0.000090 ,  -0.001566, 0.044483 
  0.000091 ,  -0.001096, 0.041185 
  0.000091 ,  -0.000607, 0.036165 
  0.000091 ,  -0.000104, 0.029427 
  0.000090 ,  0.000405, 0.021168 
  0.000089 ,  0.000912, 0.011763 
  0.000088 ,  0.001410, 0.001726 
  0.000086 ,  0.001891, -0.008355 
  0.000084 ,  0.002349, -0.017893 
  0.000081 ,  0.002777, -0.026375 
  0.000078 ,  0.003168, -0.033429 
  0.000075 ,  0.003517, -0.038859 
  0.000071 ,  0.003820, -0.042659 
  0.000067 ,  0.004070, -0.044989 
  0.000063 ,  0.004265, -0.046135 
  0.000059 ,  0.004402, -0.046440 
  0.000054 ,  0.004479, -0.046231 
  0.000049 ,  0.004494, -0.045761 
  0.000043 ,  0.004447, -0.045151 
  0.000037 ,  0.004340, -0.044377 
  0.000031 ,  0.004172, -0.043270 
  0.000025 ,  0.003947, -0.041552 
  0.000019 ,  0.003668, -0.038898 
  0.000012 ,  0.003339, -0.035001 
  0.000005 ,  0.002964, -0.029641 
  -0.000002 ,  0.002549, -0.022748 
  -0.000009 ,  0.002099, -0.014428 
  -0.000016 ,  0.001621, -0.004977 
  -0.000023 ,  0.001123, 0.005150 
  -0.000031 ,  0.000610, 0.015390 
  -0.000038 ,  0.000090, 0.025140 
  -0.000046 ,  -0.000428, 0.033837 
  -0.000053 ,  -0.000938, 0.041027 
  -0.000061 ,  -0.001433, 0.046422 
  -0.000068 ,  -0.001904, 0.049929 
  -0.000076 ,  -0.002346, 0.051644 
  -0.000083 ,  -0.002751, 0.051821 
  -0.000091 ,  -0.003114, 0.050817 
  -0.000098 ,  -0.003429, 0.049022 
  -0.000105 ,  -0.003692, 0.046784 
  -0.000112 ,  -0.003898, 0.044349 
  -0.000119 ,  -0.004044, 0.041824 
  -0.000126 ,  -0.004129, 0.039159 
  -0.000132 ,  -0.004150, 0.036170 
  -0.000138 ,  -0.004106, 0.032584 
  -0.000144 ,  -0.003998, 0.028099 
  -0.000150 ,  -0.003828, 0.022460 
  -0.000156 ,  -0.003597, 0.015523 
  -0.000161 ,  -0.003308, 0.007307 
  -0.000166 ,  -0.002965, -0.001987 
  -0.000170 ,  -0.002573, -0.011980 
  -0.000175 ,  -0.002137, -0.022152 
  -0.000179 ,  -0.001662, -0.031907 
  -0.000182 ,  -0.001156, -0.040647 
  -0.000185 ,  -0.000626, -0.047851 
  -0.000188 ,  -0.000078, -0.053143 
  -0.000190 ,  0.000479, -0.056335 
  -0.000192 ,  0.001038, -0.057448 
  -0.000194 ,  0.001590, -0.056690 
  -0.000195 ,  0.002128, -0.054415 
  -0.000196 ,  0.002643, -0.051058 
  -0.000196 ,  0.003129, -0.047054 
  -0.000196 ,  0.003578, -0.042772 
  -0.000195 ,  0.003983, -0.038453 
  -0.000194 ,  0.004337, -0.034181 
  -0.000192 ,  0.004636, -0.029883 
  -0.000190 ,  0.004875, -0.025353 
  -0.000187 ,  0.005049, -0.020316 
  -0.000184 ,  0.005154, -0.014488 
  -0.000181 ,  0.005190, -0.007657 
  -0.000177 ,  0.005153, 0.000256 
  -0.000172 ,  0.005044, 0.009156 
  -0.000167 ,  0.004862, 0.018761 
  -0.000162 ,  0.004610, 0.028622 
  -0.000156 ,  0.004290, 0.038170 
  -0.000150 ,  0.003904, 0.046793 
  -0.000143 ,  0.003457, 0.053909 
  -0.000136 ,  0.002954, 0.059053 
  -0.000129 ,  0.002401, 0.061935 
  -0.000121 ,  0.001803, 0.062477 
  -0.000112 ,  0.001169, 0.060820 
  -0.000103 ,  0.000505, 0.057291 
  -0.000094 ,  -0.000180, 0.052349 
  -0.000085 ,  -0.000879, 0.046507 
  -0.000075 ,  -0.001582, 0.040256 
  -0.000065 ,  -0.002281, 0.033986 
  -0.000054 ,  -0.002967, 0.027938 
  -0.000044 ,  -0.003632, 0.022179 
  -0.000033 ,  -0.004268, 0.016606 
  -0.000021 ,  -0.004865, 0.010994 
  -0.000010 ,  -0.005418, 0.005053 
  0.000002 ,  -0.005918, -0.001491 
  0.000014 ,  -0.006359, -0.008825 
  0.000026 ,  -0.006736, -0.016985 
  0.000038 ,  -0.007044, -0.025820 
  0.000050 ,  -0.007277, -0.034989 
  0.000063 ,  -0.007434, -0.043994 
  0.000075 ,  -0.007511, -0.052233 
  0.000088 ,  -0.007508, -0.059085 
  0.000100 ,  -0.007424, -0.063992 
  0.000113 ,  -0.007259, -0.066543 
  0.000126 ,  -0.007016, -0.066528 
  0.000138 ,  -0.006696, -0.063972 
  0.000151 ,  -0.006304, -0.059129 
  0.000163 ,  -0.005843, -0.052444 
  0.000176 ,  -0.005319, -0.044484 
  0.000188 ,  -0.004737, -0.035862 
  0.000200 ,  -0.004105, -0.027144 
  0.000212 ,  -0.003429, -0.018778 
  0.000223 ,  -0.002717, -0.011045 
  0.000235 ,  -0.001978, -0.004033 
  0.000246 ,  -0.001220, 0.002344 
  0.000257 ,  -0.000451, 0.008309 
  0.000267 ,  0.000319, 0.014146 
  0.000278 ,  0.001082, 0.020132 
  0.000288 ,  0.001830, 0.026453 
  0.000297 ,  0.002553, 0.033155 
  0.000306 ,  0.003245, 0.040106 
  0.000315 ,  0.003896, 0.046999 
  0.000324 ,  0.004500, 0.053385 
  0.000332 ,  0.005051, 0.058736 
  0.000339 ,  0.005542, 0.062518 
  0.000346 ,  0.005969, 0.064277 
  0.000353 ,  0.006326, 0.063713 
  0.000359 ,  0.006612, 0.060727 
  0.000365 ,  0.006823, 0.055444 
  0.000370 ,  0.006958, 0.048201 
  0.000374 ,  0.007015, 0.039502 
  0.000378 ,  0.006996, 0.029946 
  0.000382 ,  0.006901, 0.020149 
  0.000385 ,  0.006734, 0.010661 
  0.000387 ,  0.006495, 0.001895 
  0.000389 ,  0.006190, -0.005907 
  0.000390 ,  0.005824, -0.012698 
  0.000391 ,  0.005400, -0.018593 
  0.000391 ,  0.004926, -0.023830 
  0.000390 ,  0.004408, -0.028696 
  0.000389 ,  0.003853, -0.033454 
  0.000387 ,  0.003267, -0.038274 
  0.000385 ,  0.002660, -0.043184 
  0.000382 ,  0.002038, -0.048045 
  0.000378 ,  0.001410, -0.052565 
  0.000374 ,  0.000783, -0.056334 
  0.000370 ,  0.000165, -0.058886 
  0.000364 ,  -0.000436, -0.059781 
  0.000359 ,  -0.001013, -0.058676 
  0.000352 ,  -0.001559, -0.055388 
  0.000345 ,  -0.002068, -0.049937 
  0.000338 ,  -0.002535, -0.042551 
  0.000330 ,  -0.002953, -0.033644 
  0.000322 ,  -0.003319, -0.023765 
  0.000313 ,  -0.003628, -0.013524 
  0.000303 ,  -0.003878, -0.003513 
  0.000294 ,  -0.004068, 0.005769 
  0.000283 ,  -0.004194, 0.013976 
  0.000272 ,  -0.004258, 0.020942 
  0.000261 ,  -0.004259, 0.026685 
  0.000250 ,  -0.004198, 0.031376 
  0.000238 ,  -0.004079, 0.035283 
  0.000226 ,  -0.003902, 0.038701 
  0.000213 ,  -0.003673, 0.041883 
  0.000200 ,  -0.003395, 0.044976 
  0.000187 ,  -0.003073, 0.047982 
  0.000174 ,  -0.002712, 0.050750 
  0.000160 ,  -0.002318, 0.052988 
  0.000146 ,  -0.001897, 0.054316 
  0.000132 ,  -0.001455, 0.054330 
  0.000118 ,  -0.001000, 0.052674 
  0.000103 ,  -0.000538, 0.049112 
  0.000089 ,  -0.000076, 0.043578 
  0.000074 ,  0.000380, 0.036204 
  0.000059 ,  0.000823, 0.027314 
  0.000045 ,  0.001247, 0.017393 
  0.000030 ,  0.001645, 0.007021 
  0.000015 ,  0.002013, -0.003197 
  0.000000 ,  0.002345, -0.012709 
  -0.000014 ,  0.002636, -0.021084 
  -0.000029 ,  0.002884, -0.028062 
  -0.000044 ,  0.003083, -0.033568 
  -0.000058 ,  0.003233, -0.037702 
  -0.000072 ,  0.003330, -0.040698 
  -0.000087 ,  0.003375, -0.042863 
  -0.000100 ,  0.003366, -0.044508 
  -0.000114 ,  0.003304, -0.045878 
  -0.000128 ,  0.003190, -0.047098 
  -0.000141 ,  0.003026, -0.048146 
  -0.000154 ,  0.002815, -0.048853 
  -0.000166 ,  0.002560, -0.048932 
  -0.000179 ,  0.002264, -0.048031 
  -0.000191 ,  0.001933, -0.045803 
  -0.000203 ,  0.001570, -0.041976 
  -0.000214 ,  0.001182, -0.036414 
  -0.000225 ,  0.000774, -0.029161 
  -0.000235 ,  0.000352, -0.020451 
  -0.000245 ,  -0.000079, -0.010692 
  -0.000255 ,  -0.000511, -0.000421 
  -0.000264 ,  -0.000939, 0.009765 
  -0.000273 ,  -0.001356, 0.019282 
  -0.000281 ,  -0.001757, 0.027637 
  -0.000289 ,  -0.002135, 0.034483 
  -0.000297 ,  -0.002485, 0.039660 
  -0.000304 ,  -0.002803, 0.043192 
  -0.000310 ,  -0.003083, 0.045272 
  -0.000316 ,  -0.003322, 0.046203 
  -0.000321 ,  -0.003516, 0.046337 
  -0.000326 ,  -0.003661, 0.045998 
  -0.000331 ,  -0.003757, 0.045428 
  -0.000335 ,  -0.003801, 0.044730 
  -0.000338 ,  -0.003793, 0.043861 
  -0.000341 ,  -0.003732, 0.042637 
  -0.000344 ,  -0.003620, 0.040775 
  -0.000346 ,  -0.003457, 0.037953 
  -0.000347 ,  -0.003246, 0.033878 
  -0.000348 ,  -0.002989, 0.028357 
  -0.000349 ,  -0.002690, 0.021349 
  -0.000349 ,  -0.002353, 0.012995 
  -0.000348 ,  -0.001983, 0.003617 
  -0.000348 ,  -0.001584, -0.006311 
  -0.000346 ,  -0.001161, -0.016220 
  -0.000345 ,  -0.000721, -0.025515 
  -0.000343 ,  -0.000270, -0.033657 
  -0.000340 ,  0.000186, -0.040227 
  -0.000337 ,  0.000641, -0.044981 
  -0.000334 ,  0.001088, -0.047869 
  -0.000331 ,  0.001522, -0.049028 
  -0.000327 ,  0.001936, -0.048743 
  -0.000322 ,  0.002324, -0.047390 
  -0.000318 ,  0.002680, -0.045365 
  -0.000313 ,  0.003000, -0.043009 
  -0.000308 ,  0.003278, -0.040550 
  -0.000303 ,  0.003511, -0.038074 
  -0.000298 ,  0.003695, -0.035508 
  -0.000292 ,  0.003827, -0.032654 
  -0.000286 ,  0.003904, -0.029227 
  -0.000280 ,  0.003925, -0.024931 
  -0.000274 ,  0.003890, -0.019523 
  -0.000268 ,  0.003797, -0.012880 
  -0.000262 ,  0.003648, -0.005044 
  -0.000256 ,  0.003444, 0.003760 
  -0.000249 ,  0.003187, 0.013138 
  -0.000243 ,  0.002880, 0.022568 
  -0.000237 ,  0.002526, 0.031463 
  -0.000231 ,  0.002130, 0.039250 
  -0.000224 ,  0.001697, 0.045449 
  -0.000218 ,  0.001231, 0.049730 
  -0.000212 ,  0.000739, 0.051958 
  -0.000207 ,  0.000226, 0.052204 
  -0.000201 ,  -0.000301, 0.050717 
  -0.000196 ,  -0.000835, 0.047882 
  -0.000190 ,  -0.001370, 0.044146 
  -0.000185 ,  -0.001899, 0.039948 
  -0.000180 ,  -0.002414, 0.035642 
  -0.000176 ,  -0.002909, 0.031448 
  -0.000172 ,  -0.003378, 0.027428 
  -0.000168 ,  -0.003814, 0.023482 
  -0.000164 ,  -0.004211, 0.019391 
  -0.000161 ,  -0.004564, 0.014870 
  -0.000158 ,  -0.004869, 0.009638 
  -0.000155 ,  -0.005119, 0.003493 
  -0.000153 ,  -0.005312, -0.003628 
  -0.000151 ,  -0.005445, -0.011618 
  -0.000150 ,  -0.005516, -0.020185 
  -0.000149 ,  -0.005522, -0.028879 
  -0.000148 ,  -0.005463, -0.037148 
  -0.000148 ,  -0.005339, -0.044407 
  -0.000149 ,  -0.005151, -0.050118 
  -0.000150 ,  -0.004900, -0.053868 
  -0.000151 ,  -0.004589, -0.055425 
  -0.000153 ,  -0.004221, -0.054769 
  -0.000155 ,  -0.003799, -0.052089 
  -0.000157 ,  -0.003329, -0.047752 
  -0.000161 ,  -0.002814, -0.042239 
  -0.000164 ,  -0.002262, -0.036073 
  -0.000168 ,  -0.001678, -0.029737 
  -0.000173 ,  -0.001068, -0.023605 
  -0.000178 ,  -0.000440, -0.017895 
  -0.000184 ,  0.000200, -0.012650 
  -0.000190 ,  0.000844, -0.007753 
  -0.000196 ,  0.001484, -0.002964 
  -0.000203 ,  0.002114, 0.002008 
  -0.000210 ,  0.002726, 0.007433 
  -0.000218 ,  0.003314, 0.013490 
  -0.000226 ,  0.003870, 0.020210 
  -0.000235 ,  0.004387, 0.027444 
  -0.000244 ,  0.004861, 0.034865 
  -0.000253 ,  0.005286, 0.042006 
  -0.000263 ,  0.005657, 0.048313 
  -0.000273 ,  0.005969, 0.053227 
  -0.000283 ,  0.006220, 0.056268 
  -0.000294 ,  0.006407, 0.057100 
  -0.000305 ,  0.006527, 0.055593 
  -0.000316 ,  0.006579, 0.051836 
  -0.000327 ,  0.006563, 0.046131 
  -0.000339 ,  0.006481, 0.038947 
  -0.000351 ,  0.006331, 0.030855 
  -0.000363 ,  0.006118, 0.022444 
  -0.000375 ,  0.005844, 0.014245 
  -0.000387 ,  0.005512, 0.006657 
  -0.000399 ,  0.005126, -0.000094 
  -0.000412 ,  0.004691, -0.005964 
  -0.000424 ,  0.004214, -0.011079 
  -0.000437 ,  0.003699, -0.015683 
  -0.000449 ,  0.003153, -0.020070 
  -0.000462 ,  0.002583, -0.024512 
  -0.000474 ,  0.001995, -0.029188 
  -0.000486 ,  0.001397, -0.034135 
  -0.000498 ,  0.000796, -0.039220 
  -0.000510 ,  0.000199, -0.044152 
  -0.000522 ,  -0.000387, -0.048515 
  -0.000533 ,  -0.000955, -0.051833 
  -0.000545 ,  -0.001499, -0.053642 
  -0.000556 ,  -0.002011, -0.053572 
  -0.000566 ,  -0.002487, -0.051404 
  -0.000577 ,  -0.002921, -0.047121 
  -0.000587 ,  -0.003309, -0.040910 
  -0.000596 ,  -0.003646, -0.033150 
  -0.000605 ,  -0.003928, -0.024356 
  -0.000614 ,  -0.004154, -0.015113 
  -0.000623 ,  -0.004321, -0.005997 
  -0.000630 ,  -0.004428, 0.002503 
  -0.000638 ,  -0.004475, 0.010041 
  -0.000644 ,  -0.004462, 0.016449 
  -0.000651 ,  -0.004390, 0.021740 
  -0.000656 ,  -0.004262, 0.026076 
  -0.000661 ,  -0.004079, 0.029723 
  -0.000666 ,  -0.003846, 0.032976 
  -0.000670 ,  -0.003566, 0.036089 
  -0.000673 ,  -0.003244, 0.039216 
  -0.000675 ,  -0.002885, 0.042367 
  -0.000677 ,  -0.002494, 0.045395 
  -0.000678 ,  -0.002078, 0.048012 
  -0.000678 ,  -0.001642, 0.049835 
  -0.000678 ,  -0.001194, 0.050449 
  -0.000677 ,  -0.000739, 0.049481 
  -0.000675 ,  -0.000284, 0.046669 
  -0.000673 ,  0.000163, 0.041916 
  -0.000669 ,  0.000598, 0.035321 
  -0.000665 ,  0.001013, 0.027176 
  -0.000660 ,  0.001403, 0.017934 
  -0.000655 ,  0.001762, 0.008155 
  -0.000648 ,  0.002085, -0.001570 
  -0.000641 ,  0.002368, -0.010696 
  -0.000634 ,  0.002606, -0.018789 
  -0.000625 ,  0.002798, -0.025578 
  -0.000616 ,  0.002939, -0.030974 
  -0.000606 ,  0.003028, -0.035061 
  -0.000595 ,  0.003063, -0.038058 
  -0.000583 ,  0.003046, -0.040263 
  -0.000571 ,  0.002975, -0.041980 
  -0.000558 ,  0.002852, -0.043452 
  -0.000545 ,  0.002679, -0.044809 
  -0.000530 ,  0.002458, -0.046034 
  -0.000515 ,  0.002193, -0.046965 
  -0.000500 ,  0.001887, -0.047316 
  -0.000484 ,  0.001545, -0.046734 
  -0.000467 ,  0.001172, -0.044863 
  -0.000450 ,  0.000773, -0.041417 
  -0.000432 ,  0.000354, -0.036239 
  -0.000414 ,  -0.000079, -0.029348 
  -0.000396 ,  -0.000520, -0.020955 
  -0.000376 ,  -0.000962, -0.011445 
  -0.000357 ,  -0.001400, -0.001336 
  -0.000337 ,  -0.001826, 0.008784 
  -0.000317 ,  -0.002235, 0.018331 
  -0.000296 ,  -0.002620, 0.026805 
  -0.000275 ,  -0.002977, 0.033843 
  -0.000254 ,  -0.003299, 0.039264 
  -0.000233 ,  -0.003582, 0.043070 
  -0.000211 ,  -0.003823, 0.045430 
  -0.000190 ,  -0.004016, 0.046627 
  -0.000168 ,  -0.004160, 0.046999 
  -0.000146 ,  -0.004251, 0.046866 
  -0.000124 ,  -0.004289, 0.046466 
  -0.000102 ,  -0.004273, 0.045908 
  -0.000080 ,  -0.004202, 0.045155 
  -0.000059 ,  -0.004077, 0.044029 
  -0.000037 ,  -0.003900, 0.042252 
  -0.000016 ,  -0.003673, 0.039499 
  0.000006 ,  -0.003399, 0.035473 
  0.000027 ,  -0.003081, 0.029968 
  0.000047 ,  -0.002723, 0.022927 
  0.000068 ,  -0.002332, 0.014473 
  0.000088 ,  -0.001911, 0.004912 
  0.000108 ,  -0.001466, -0.005294 
  0.000127 ,  -0.001004, -0.015580 
  0.000146 ,  -0.000531, -0.025348 
  0.000164 ,  -0.000053, -0.034043 
  0.000182 ,  0.000422, -0.041225 
  0.000199 ,  0.000889, -0.046620 
  0.000215 ,  0.001341, -0.050145 
  0.000231 ,  0.001771, -0.051903 
  0.000247 ,  0.002173, -0.052150 
  0.000261 ,  0.002541, -0.051240 
  0.000275 ,  0.002871, -0.049552 
  0.000288 ,  0.003157, -0.047422 
  0.000301 ,  0.003396, -0.045080 
  0.000312 ,  0.003583, -0.042619 
  0.000323 ,  0.003716, -0.039978 
  0.000333 ,  0.003792, -0.036970 
  0.000342 ,  0.003811, -0.033320 
  0.000350 ,  0.003772, -0.028736 
  0.000357 ,  0.003675, -0.022974 
  0.000364 ,  0.003521, -0.015906 
  0.000369 ,  0.003312, -0.007565 
  0.000373 ,  0.003051, 0.001834 
  0.000377 ,  0.002742, 0.011901 
  0.000379 ,  0.002388, 0.022116 
  0.000381 ,  0.001994, 0.031886 
  0.000382 ,  0.001566, 0.040620 
  0.000381 ,  0.001110, 0.047812 
  0.000380 ,  0.000632, 0.053099 
  0.000377 ,  0.000140, 0.056308 
  0.000374 ,  -0.000361, 0.057466 
  0.000370 ,  -0.000863, 0.056786 
  0.000364 ,  -0.001358, 0.054621 
  0.000358 ,  -0.001838, 0.051393 
  0.000351 ,  -0.002298, 0.047527 
  0.000343 ,  -0.002729, 0.043374 
  0.000334 ,  -0.003126, 0.039160 
  0.000324 ,  -0.003481, 0.034955 
  0.000313 ,  -0.003788, 0.030679 
  0.000301 ,  -0.004044, 0.026125 
  0.000289 ,  -0.004243, 0.021022 
  0.000275 ,  -0.004380, 0.015099 
  0.000261 ,  -0.004454, 0.008159 
  0.000246 ,  -0.004462, 0.000139 
  0.000230 ,  -0.004402, -0.008851 
  0.000214 ,  -0.004273, -0.018519 
  0.000197 ,  -0.004077, -0.028411 
  0.000179 ,  -0.003815, -0.037961 
  0.000160 ,  -0.003488, -0.046563 
  0.000141 ,  -0.003099, -0.053651 
  0.000122 ,  -0.002654, -0.058774 
  0.000102 ,  -0.002155, -0.061656 
  0.000081 ,  -0.001610, -0.062232 
  0.000061 ,  -0.001023, -0.060648 
  0.000039 ,  -0.000402, -0.057229 
  0.000018 ,  0.000246, -0.052427 
  -0.000004 ,  0.000914, -0.046741 
  -0.000026 ,  0.001593, -0.040646 
  -0.000049 ,  0.002275, -0.034515 
  -0.000071 ,  0.002951, -0.028572 
  -0.000094 ,  0.003614, -0.022872 
  -0.000116 ,  0.004255, -0.017312 
  -0.000139 ,  0.004865, -0.011669 
  -0.000161 ,  0.005437, -0.005663 
  -0.000184 ,  0.005963, 0.000965 
  -0.000206 ,  0.006437, 0.008386 
  -0.000228 ,  0.006851, 0.016617 
  -0.000250 ,  0.007201, 0.025497 
  -0.000272 ,  0.007481, 0.034679 
  -0.000293 ,  0.007687, 0.043664 
  -0.000314 ,  0.007815, 0.051859 
  -0.000334 ,  0.007864, 0.058655 
  -0.000354 ,  0.007833, 0.063513 
  -0.000374 ,  0.007719, 0.066036 
  -0.000392 ,  0.007525, 0.066029 
  -0.000411 ,  0.007252, 0.063525 
  -0.000428 ,  0.006902, 0.058781 
  -0.000445 ,  0.006478, 0.052234 
  -0.000461 ,  0.005985, 0.044439 
  -0.000476 ,  0.005429, 0.035991 
  -0.000490 ,  0.004815, 0.027436 
  -0.000504 ,  0.004150, 0.019206 
  -0.000516 ,  0.003440, 0.011568 
  -0.000528 ,  0.002695, 0.004603 
  -0.000538 ,  0.001923, -0.001775 
  -0.000548 ,  0.001131, -0.007777 
  -0.000556 ,  0.000329, -0.013676 
  -0.000563 ,  -0.000473, -0.019729 
  -0.000569 ,  -0.001268, -0.026107 
  -0.000575 ,  -0.002046, -0.032839 
  -0.000578 ,  -0.002799, -0.039785 
  -0.000581 ,  -0.003518, -0.046637 
  -0.000582 ,  -0.004195, -0.052954 
  -0.000583 ,  -0.004822, -0.058218 
  -0.000581 ,  -0.005394, -0.061914 
  -0.000579 ,  -0.005904, -0.063608 
  -0.000575 ,  -0.006346, -0.063015 
  -0.000570 ,  -0.006716, -0.060049 
  -0.000564 ,  -0.007012, -0.054839 
  -0.000557 ,  -0.007229, -0.047718 
  -0.000548 ,  -0.007366, -0.039178 
  -0.000538 ,  -0.007423, -0.029802 
  -0.000526 ,  -0.007400, -0.020183 
  -0.000513 ,  -0.007298, -0.010852 
  -0.000499 ,  -0.007120, -0.002208 
  -0.000484 ,  -0.006869, 0.005521 
  -0.000467 ,  -0.006549, 0.012286 
  -0.000449 ,  -0.006164, 0.018198 
  -0.000430 ,  -0.005721, 0.023480 
  -0.000409 ,  -0.005225, 0.028402 
  -0.000388 ,  -0.004684, 0.033207 
  -0.000365 ,  -0.004106, 0.038049 
  -0.000341 ,  -0.003497, 0.042943 
  -0.000316 ,  -0.002867, 0.047749 
  -0.000289 ,  -0.002223, 0.052177 
  -0.000262 ,  -0.001575, 0.055830 
  -0.000234 ,  -0.000929, 0.058260 
  -0.000204 ,  -0.000296, 0.059049 
  -0.000174 ,  0.000318, 0.057871 
  -0.000143 ,  0.000904, 0.054560 
  -0.000111 ,  0.001455, 0.049143 
  -0.000078 ,  0.001965, 0.041848 
  -0.000044 ,  0.002428, 0.033080 
  -0.000009 ,  0.002837, 0.023371 
  0.000026 ,  0.003189, 0.013309 
  0.000062 ,  0.003479, 0.003465 
  0.000098 ,  0.003705, -0.005681 
  0.000135 ,  0.003865, -0.013797 
  0.000172 ,  0.003957, -0.020720 
  0.000210 ,  0.003982, -0.026467 
  0.000248 ,  0.003939, -0.031194 
  0.000287 ,  0.003831, -0.035152 
  0.000326 ,  0.003661, -0.038616 
  0.000365 ,  0.003431, -0.041820 
  0.000404 ,  0.003145, -0.044895 
  0.000443 ,  0.002809, -0.047838 
  0.000482 ,  0.002429, -0.050498 
  0.000521 ,  0.002009, -0.052596 
  0.000560 ,  0.001557, -0.053769 
  0.000599 ,  0.001081, -0.053634 
  0.000638 ,  0.000586, -0.051859 
  0.000676 ,  0.000081, -0.048225 
  0.000714 ,  -0.000427, -0.042679 
  0.000752 ,  -0.000931, -0.035356 
  0.000789 ,  -0.001422, -0.026574 
  0.000826 ,  -0.001893, -0.016801 
  0.000862 ,  -0.002338, -0.006598 
  0.000897 ,  -0.002751, 0.003454 
  0.000932 ,  -0.003124, 0.012824 
  0.000965 ,  -0.003454, 0.021100 
  0.000999 ,  -0.003734, 0.028027 
  0.001031 ,  -0.003961, 0.033531 
  0.001062 ,  -0.004132, 0.037700 
  0.001092 ,  -0.004244, 0.040751 
  0.001122 ,  -0.004296, 0.042971 
  0.001150 ,  -0.004286, 0.044648 
  0.001177 ,  -0.004216, 0.046009 
  0.001203 ,  -0.004085, 0.047169 
  0.001227 ,  -0.003896, 0.048105 
  0.001251 ,  -0.003652, 0.048657 
  0.001273 ,  -0.003355, 0.048554 
  0.001294 ,  -0.003010, 0.047469 
  0.001314 ,  -0.002622, 0.045077 
  0.001332 ,  -0.002197, 0.041129 
  0.001348 ,  -0.001739, 0.035506 
  0.001364 ,  -0.001256, 0.028259 
  0.001378 ,  -0.000755, 0.019618 
  0.001390 ,  -0.000242, 0.009979 
  0.001401 ,  0.000276, -0.000142 
  0.001411 ,  0.000791, -0.010171 
  0.001418 ,  0.001296, -0.019550 
  0.001425 ,  0.001785, -0.027803 
  0.001430 ,  0.002250, -0.034597 
  0.001433 ,  0.002685, -0.039772 
  0.001435 ,  0.003084, -0.043348 
  0.001435 ,  0.003441, -0.045496 
  0.001434 ,  0.003753, -0.046500 
  0.001431 ,  0.004014, -0.046686 
  0.001427 ,  0.004221, -0.046361 
  0.001421 ,  0.004371, -0.045747 
  0.001414 ,  0.004462, -0.044947 
  0.001405 ,  0.004494, -0.043921 
  0.001395 ,  0.004466, -0.042502 
  0.001383 ,  0.004378, -0.040428 
  0.001370 ,  0.004233, -0.037404 
  0.001356 ,  0.004032, -0.033163 
  0.001340 ,  0.003778, -0.027534 
  0.001323 ,  0.003475, -0.020484 
  0.001305 ,  0.003129, -0.012158 
  0.001286 ,  0.002743, -0.002866 
  0.001265 ,  0.002324, 0.006935 
  0.001244 ,  0.001877, 0.016701 
  0.001221 ,  0.001410, 0.025864 
  0.001197 ,  0.000929, 0.033907 
  0.001172 ,  0.000442, 0.040427 
  0.001147 ,  -0.000045, 0.045186 
  0.001120 ,  -0.000524, 0.048128 
  0.001093 ,  -0.000988, 0.049374 
  0.001065 ,  -0.001430, 0.049189 
  0.001036 ,  -0.001843, 0.047922 
  0.001006 ,  -0.002221, 0.045943 
  0.000977 ,  -0.002559, 0.043575 
  0.000946 ,  -0.002850, 0.041038 
  0.000915 ,  -0.003091, 0.038418 
  0.000884 ,  -0.003276, 0.035657 
  0.000852 ,  -0.003404, 0.032576 
  0.000821 ,  -0.003471, 0.028922 
  0.000789 ,  -0.003476, 0.024423 
  0.000757 ,  -0.003418, 0.018863 
  0.000725 ,  -0.003297, 0.012135 
  0.000693 ,  -0.003115, 0.004286 
  0.000661 ,  -0.002873, -0.004466 
  0.000630 ,  -0.002573, -0.013742 
  0.000598 ,  -0.002219, -0.023044 
  0.000567 ,  -0.001816, -0.031814 
  0.000537 ,  -0.001369, -0.039506 
  0.000506 ,  -0.000882, -0.045657 
  0.000477 ,  -0.000363, -0.049948 
  0.000448 ,  0.000182, -0.052244 
  0.000420 ,  0.000747, -0.052600 
  0.000392 ,  0.001323, -0.051244 
  0.000365 ,  0.001903, -0.048533 
  0.000339 ,  0.002480, -0.044888 
  0.000315 ,  0.003045, -0.040722 
  0.000291 ,  0.003590, -0.036376 
  0.000268 ,  0.004110, -0.032068 
  0.000246 ,  0.004595, -0.027867 
  0.000225 ,  0.005040, -0.023696 
  0.000206 ,  0.005438, -0.019363 
  0.000188 ,  0.005783, -0.014613 
  0.000171 ,  0.006071, -0.009195 
  0.000155 ,  0.006296, -0.002927 
  0.000141 ,  0.006455, 0.004244 
  0.000128 ,  0.006545, 0.012211 
  0.000117 ,  0.006565, 0.020697 
  0.000107 ,  0.006512, 0.029277 
  0.000099 ,  0.006387, 0.037426 
  0.000093 ,  0.006190, 0.044588 
  0.000087 ,  0.005923, 0.050250 
  0.000084 ,  0.005589, 0.054013 
  0.000082 ,  0.005190, 0.055647 
  0.000082 ,  0.004730, 0.055122 
  0.000083 ,  0.004215, 0.052607 
  0.000086 ,  0.003649, 0.048437 
  0.000091 ,  0.003040, 0.043064 
  0.000097 ,  0.002393, 0.036983 
  0.000105 ,  0.001716, 0.030656 
  0.000115 ,  0.001017, 0.024451 
  0.000126 ,  0.000302, 0.018590 
  0.000139 ,  -0.000420, 0.013135 
  0.000154 ,  -0.001140, 0.007994 
  0.000170 ,  -0.001852, 0.002963 
  0.000187 ,  -0.002546, -0.002218 
  0.000207 ,  -0.003216, -0.007794 
  0.000227 ,  -0.003854, -0.013928 
  0.000250 ,  -0.004453, -0.020646 
  0.000273 ,  -0.005007, -0.027812 
  0.000298 ,  -0.005509, -0.035122 
  0.000324 ,  -0.005955, -0.042136 
  0.000352 ,  -0.006340, -0.048334 
  0.000381 ,  -0.006660, -0.053187 
  0.000411 ,  -0.006912, -0.056233 
  0.000442 ,  -0.007095, -0.057144 
  0.000475 ,  -0.007206, -0.055783 
  0.000508 ,  -0.007246, -0.052221 
  0.000542 ,  -0.007215, -0.046730 
  0.000577 ,  -0.007114, -0.039745 
  0.000613 ,  -0.006946, -0.031804 
  0.000650 ,  -0.006713, -0.023471 
  0.000688 ,  -0.006420, -0.015260 
  0.000726 ,  -0.006070, -0.007571 
  0.000764 ,  -0.005669, -0.000644 
  0.000803 ,  -0.005222, 0.005452 
  0.000842 ,  -0.004736, 0.010810 
  0.000882 ,  -0.004217, 0.015637 
  0.000922 ,  -0.003672, 0.020197 
  0.000962 ,  -0.003108, 0.024741 
  0.001001 ,  -0.002533, 0.029438 
  0.001041 ,  -0.001954, 0.034332 
  0.001081 ,  -0.001378, 0.039309 
  0.001120 ,  -0.000813, 0.044109 
  0.001159 ,  -0.000264, 0.048349 
  0.001198 ,  0.000260, 0.051587 
  0.001236 ,  0.000754, 0.053384 
  0.001273 ,  0.001212, 0.053383 
  0.001310 ,  0.001630, 0.051365 
  0.001346 ,  0.002001, 0.047296 
  0.001381 ,  0.002323, 0.041335 
  0.001415 ,  0.002592, 0.033825 
  0.001448 ,  0.002806, 0.025244 
  0.001480 ,  0.002963, 0.016146 
  0.001510 ,  0.003063, 0.007083 
  0.001540 ,  0.003104, -0.001460 
  0.001568 ,  0.003088, -0.009131 
  0.001594 ,  0.003017, -0.015738 
  0.001619 ,  0.002891, -0.021260 
  0.001642 ,  0.002715, -0.025824 
  0.001663 ,  0.002492, -0.029657 
  0.001683 ,  0.002226, -0.033028 
  0.001701 ,  0.001922, -0.036177 
  0.001717 ,  0.001585, -0.039258 
  0.001731 ,  0.001220, -0.042297 
  0.001743 ,  0.000833, -0.045176 
  0.001753 ,  0.000431, -0.047645 
  0.001760 ,  0.000020, -0.049356 
  0.001766 ,  -0.000393, -0.049927 
  0.001769 ,  -0.000803, -0.049004 
  0.001770 ,  -0.001203, -0.046329 
  0.001768 ,  -0.001587, -0.041795 
  0.001764 ,  -0.001949, -0.035475 
  0.001758 ,  -0.002284, -0.027623 
  0.001749 ,  -0.002586, -0.018652 
  0.001738 ,  -0.002852, -0.009084 
  0.001725 ,  -0.003076, 0.000519 
  0.001708 ,  -0.003256, 0.009626 
  0.001690 ,  -0.003388, 0.017800 
  0.001669 ,  -0.003471, 0.024751 
  0.001645 ,  -0.003503, 0.030359 
  0.001619 ,  -0.003483, 0.034669 
  0.001590 ,  -0.003412, 0.037860 
  0.001559 ,  -0.003289, 0.040195 
  0.001525 ,  -0.003118, 0.041957 
  0.001489 ,  -0.002898, 0.043385 
  0.001451 ,  -0.002634, 0.044621 
  0.001410 ,  -0.002328, 0.045674 
  0.001367 ,  -0.001985, 0.046420 
  0.001321 ,  -0.001608, 0.046615 
  0.001273 ,  -0.001203, 0.045942 
  0.001223 ,  -0.000775, 0.044074 
  0.001171 ,  -0.000329, 0.040734 
  0.001116 ,  0.000129, 0.035763 
  0.001060 ,  0.000593, 0.029155 
  0.001001 ,  0.001057, 0.021085 
  0.000941 ,  0.001516, 0.011893 
  0.000878 ,  0.001963, 0.002057 
  0.000814 ,  0.002394, -0.007873 
  0.000748 ,  0.002801, -0.017336 
  0.000681 ,  0.003181, -0.025834 
  0.000612 ,  0.003529, -0.032994 
  0.000541 ,  0.003840, -0.038603 
  0.000470 ,  0.004112, -0.042623 
  0.000397 ,  0.004339, -0.045179 
  0.000323 ,  0.004521, -0.046516 
  0.000247 ,  0.004656, -0.046943 
  0.000171 ,  0.004741, -0.046768 
  0.000094 ,  0.004776, -0.046234 
  0.000017 ,  0.004762, -0.045476 
  -0.000062 ,  0.004699, -0.044494 
  -0.000140 ,  0.004588, -0.043155 
  -0.000219 ,  0.004432, -0.041224 
  -0.000299 ,  0.004233, -0.038413 
  -0.000378 ,  0.003995, -0.034444 
  -0.000458 ,  0.003721, -0.029112 
  -0.000537 ,  0.003416, -0.022342 
  -0.000616 ,  0.003083, -0.014223 
  -0.000695 ,  0.002729, -0.005016 
  -0.000774 ,  0.002358, 0.004866 
  -0.000851 ,  0.001976, 0.014901 
  -0.000928 ,  0.001589, 0.024521 
  -0.001005 ,  0.001202, 0.033185 
  -0.001080 ,  0.000820, 0.040445 
  -0.001154 ,  0.000451, 0.046002 
  -0.001227 ,  0.000098, 0.049731 
  -0.001298 ,  -0.000233, 0.051690 
  -0.001368 ,  -0.000537, 0.052090 
  -0.001437 ,  -0.000810, 0.051248 
  -0.001504 ,  -0.001048, 0.049522 
  -0.001569 ,  -0.001247, 0.047247 
  -0.001632 ,  -0.001404, 0.044677 
  -0.001693 ,  -0.001517, 0.041938 
  -0.001752 ,  -0.001585, 0.039019 
  -0.001809 ,  -0.001606, 0.035782 
  -0.001864 ,  -0.001579, 0.031996 
  -0.001916 ,  -0.001506, 0.027397 
  -0.001966 ,  -0.001387, 0.021753 
  -0.002013 ,  -0.001224, 0.014923 
  -0.002057 ,  -0.001018, 0.006910 
  -0.002099 ,  -0.000774, -0.002117 
  -0.002138 ,  -0.000494, -0.011822 
  -0.002174 ,  -0.000182, -0.021734 
  -0.002207 ,  0.000157, -0.031298 
  -0.002237 ,  0.000517, -0.039949 
  -0.002264 ,  0.000895, -0.047179 
  -0.002288 ,  0.001283, -0.052603 
  -0.002309 ,  0.001677, -0.056011 
  -0.002327 ,  0.002071, -0.057381 
  -0.002341 ,  0.002457, -0.056874 
  -0.002352 ,  0.002831, -0.054796 
  -0.002360 ,  0.003185, -0.051544 
  -0.002365 ,  0.003515, -0.047532 
  -0.002366 ,  0.003815, -0.043126 
  -0.002365 ,  0.004079, -0.038587 
  -0.002359 ,  0.004303, -0.034035 
  -0.002351 ,  0.004482, -0.029443 
  -0.002339 ,  0.004612, -0.024660 
  -0.002324 ,  0.004690, -0.019452 
  -0.002306 ,  0.004713, -0.013571 
  -0.002285 ,  0.004679, -0.006814 
  -0.002260 ,  0.004587, 0.000907 
  -0.002233 ,  0.004435, 0.009526 
  -0.002202 ,  0.004225, 0.018808 
  -0.002168 ,  0.003956, 0.028355 
  -0.002132 ,  0.003630, 0.037652 
  -0.002093 ,  0.003250, 0.046123 
  -0.002050 ,  0.002818, 0.053213 
  -0.002006 ,  0.002338, 0.058455 
  -0.001958 ,  0.001814, 0.061538 
  -0.001908 ,  0.001251, 0.062346 
  -0.001856 ,  0.000654, 0.060966 
  -0.001802 ,  0.000030, 0.057670 
  -0.001745 ,  -0.000617, 0.052872 
  -0.001686 ,  -0.001279, 0.047053 
  -0.001625 ,  -0.001950, 0.040692 
  -0.001562 ,  -0.002623, 0.034195 
  -0.001498 ,  -0.003290, 0.027836 
  -0.001432 ,  -0.003944, 0.021732 
  -0.001365 ,  -0.004580, 0.015839 
  -0.001296 ,  -0.005189, 0.009985 
  -0.001227 ,  -0.005766, 0.003925 
  -0.001156 ,  -0.006303, -0.002596 
  -0.001085 ,  -0.006796, -0.009765 
  -0.001012 ,  -0.007239, -0.017645 
  -0.000940 ,  -0.007626, -0.026129 
  -0.000867 ,  -0.007954, -0.034936 
  -0.000793 ,  -0.008219, -0.043626 
  -0.000720 ,  -0.008418, -0.051649 
  -0.000647 ,  -0.008549, -0.058416 
  -0.000574 ,  -0.008610, -0.063381 
  -0.000502 ,  -0.008601, -0.066116 
  -0.000430 ,  -0.008521, -0.066373 
  -0.000360 ,  -0.008372, -0.064124 
  -0.000290 ,  -0.008155, -0.059560 
  -0.000221 ,  -0.007872, -0.053068 
  -0.000154 ,  -0.007526, -0.045175 
  -0.000088 ,  -0.007122, -0.036471 
  -0.000024 ,  -0.006663, -0.027528 
  0.000038 ,  -0.006155, -0.018826 
  0.000098 ,  -0.005604, -0.010696 
  0.000156 ,  -0.005014, -0.003292 
  0.000211 ,  -0.004394, 0.003412 
  0.000264 ,  -0.003749, 0.009580 
  0.000314 ,  -0.003086, 0.015465 
  0.000362 ,  -0.002413, 0.021335 
  0.000406 ,  -0.001738, 0.027397 
  0.000447 ,  -0.001066, 0.033739 
  0.000485 ,  -0.000406, 0.040293 
  0.000519 ,  0.000235, 0.046818 
  0.000550 ,  0.000851, 0.052928 
  0.000577 ,  0.001435, 0.058139 
  0.000600 ,  0.001982, 0.061939 
  0.000619 ,  0.002485, 0.063867 
  0.000634 ,  0.002939, 0.063588 
  0.000645 ,  0.003341, 0.060946 
  0.000652 ,  0.003686, 0.055998 
  0.000654 ,  0.003972, 0.049014 
  0.000651 ,  0.004195, 0.040441 
  0.000644 ,  0.004355, 0.030847 
  0.000632 ,  0.004450, 0.020841 
  0.000616 ,  0.004481, 0.010999 
  0.000594 ,  0.004448, 0.001789 
  0.000568 ,  0.004353, -0.006484 
  0.000537 ,  0.004198, -0.013694 
  0.000501 ,  0.003985, -0.019892 
  0.000459 ,  0.003720, -0.025269 
  0.000413 ,  0.003405, -0.030090 
  0.000362 ,  0.003047, -0.034630 
  0.000305 ,  0.002649, -0.039102 
  0.000244 ,  0.002219, -0.043595 
  0.000177 ,  0.001762, -0.048048 
  0.000106 ,  0.001285, -0.052241 
  0.000029 ,  0.000794, -0.055822 
  -0.000053 ,  0.000298, -0.058361 
  -0.000139 ,  -0.000198, -0.059417 
  -0.000231 ,  -0.000687, -0.058619 
  -0.000327 ,  -0.001160, -0.055726 
  -0.000428 ,  -0.001613, -0.050682 
  -0.000534 ,  -0.002038, -0.043636 
  -0.000645 ,  -0.002429, -0.034935 
  -0.000760 ,  -0.002781, -0.025078 
  -0.000879 ,  -0.003089, -0.014660 
  -0.001002 ,  -0.003348, -0.004291 
  -0.001130 ,  -0.003553, 0.005481 
  -0.001262 ,  -0.003703, 0.014235 
  -0.001398 ,  -0.003793, 0.021721 
  -0.001537 ,  -0.003823, 0.027878 
  -0.001680 ,  -0.003791, 0.032813 
  -0.001827 ,  -0.003697, 0.036760 
  -0.001977 ,  -0.003542, 0.040016 
  -0.002129 ,  -0.003325, 0.042871 
  -0.002285 ,  -0.003051, 0.045537 
  -0.002444 ,  -0.002720, 0.048099 
  -0.002605 ,  -0.002337, 0.050492 
  -0.002768 ,  -0.001906, 0.052498 
  -0.002933 ,  -0.001430, 0.053786 
  -0.003100 ,  -0.000917, 0.053963 
  -0.003269 ,  -0.000370, 0.052650 
  -0.003439 ,  0.000204, 0.049552 
  -0.003610 ,  0.000798, 0.044522 
  -0.003782 ,  0.001405, 0.037599 
  -0.003955 ,  0.002020, 0.029024 
  -0.004129 ,  0.002635, 0.019214 
  -0.004302 ,  0.003242, 0.008722 
  -0.004475 ,  0.003836, -0.001839 
  -0.004648 ,  0.004409, -0.011868 
  -0.004821 ,  0.004956, -0.020860 
  -0.004992 ,  0.005469, -0.028456 
  -0.005162 ,  0.005943, -0.034487 
  -0.005331 ,  0.006374, -0.038973 
  -0.005498 ,  0.006756, -0.042099 
  -0.005663 ,  0.007085, -0.044162 
  -0.005826 ,  0.007359, -0.045503 
  -0.005986 ,  0.007573, -0.046435 
  -0.006143 ,  0.007727, -0.047175 
  -0.006298 ,  0.007819, -0.047802 
  -0.006448 ,  0.007848, -0.048237 
  -0.006596 ,  0.007816, -0.048256 
  -0.006739 ,  0.007723, -0.047533 
  -0.006878 ,  0.007570, -0.045703 
  -0.007012 ,  0.007362, -0.042433 
  -0.007142 ,  0.007100, -0.037499 
  -0.007267 ,  0.006789, -0.030836 
  -0.007387 ,  0.006434, -0.022576 
  -0.007501 ,  0.006040, -0.013046 
  -0.007609 ,  0.005611, -0.002736 
  -0.007711 ,  0.005155, 0.007755 
  -0.007807 ,  0.004678, 0.017799 
  -0.007896 ,  0.004186, 0.026819 
  -0.007979 ,  0.003686, 0.034360 
  -0.008055 ,  0.003185, 0.040150 
  -0.008124 ,  0.002689, 0.044117 
  -0.008185 ,  0.002206, 0.046389 
  -0.008239 ,  0.001741, 0.047252 
  -0.008285 ,  0.001301, 0.047088 
  -0.008323 ,  0.000892, 0.046298 
  -0.008353 ,  0.000518, 0.045226 
  -0.008375 ,  0.000185, 0.044094 
  -0.008388 ,  -0.000104, 0.042964 
  -0.008393 ,  -0.000345, 0.041727 
  -0.008389 ,  -0.000535, 0.040129 
  -0.008376 ,  -0.000673, 0.037821 
  -0.008354 ,  -0.000757, 0.034434 
  -0.008324 ,  -0.000787, 0.029661 
  -0.008284 ,  -0.000764, 0.023324 
  -0.008235 ,  -0.000689, 0.015435 
  -0.008176 ,  -0.000565, 0.006218 
  -0.008108 ,  -0.000395, -0.003903 
  -0.008031 ,  -0.000183, -0.014345 
  -0.007944 ,  0.000066, -0.024436 
  -0.007848 ,  0.000347, -0.033505 
  -0.007742 ,  0.000654, -0.040971 
  -0.007627 ,  0.000980, -0.046417 
  -0.007502 ,  0.001318, -0.049647 
  -0.007368 ,  0.001659, -0.050702 
  -0.007225 ,  0.001997, -0.049843 
  -0.007072 ,  0.002323, -0.047501 
  -0.006909 ,  0.002628, -0.044198 
  -0.006738 ,  0.002905, -0.040463 
  -0.006557 ,  0.003145, -0.036742 
  -0.006367 ,  0.003340, -0.033330 
  -0.006169 ,  0.003483, -0.030329 
  -0.005961 ,  0.003566, -0.027643 
  -0.005745 ,  0.003582, -0.025005 
  -0.005520 ,  0.003527, -0.022043 
  -0.005287 ,  0.003393, -0.018356 
  -0.005046 ,  0.003178, -0.013605 
  -0.004796 ,  0.002877, -0.007590 
  -0.004539 ,  0.002487, -0.000307 
  -0.004274 ,  0.002008, 0.008027 
  -0.004001 ,  0.001439, 0.016989 
  -0.003722 ,  0.000780, 0.026000 
  -0.003435 ,  0.000033, 0.034399 
  -0.003142 ,  -0.000799, 0.041539 
  -0.002842 ,  -0.001711, 0.046877 
  -0.002536 ,  -0.002699, 0.050055 
  -0.002224 ,  -0.003756, 0.050948 
  -0.001907 ,  -0.004874, 0.049677 
  -0.001584 ,  -0.006046, 0.046586 
  -0.001256 ,  -0.007261, 0.042180 
  -0.000923 ,  -0.008511, 0.037041 
  -0.000586 ,  -0.009782, 0.031732 
  -0.000245 ,  -0.011065, 0.026711 
  0.000100 ,  -0.012346, 0.022256 
  0.000448 ,  -0.013614, 0.018435 
  0.000800 ,  -0.014854, 0.015104 
  0.001154 ,  -0.016055, 0.011950 
  0.001510 ,  -0.017202, 0.008559 
  0.001869 ,  -0.018283, 0.004514 
  0.002229 ,  -0.019284, -0.000516 
  0.002590 ,  -0.020195, -0.006694 
  0.002952 ,  -0.021001, -0.013957 
  0.003315 ,  -0.021693, -0.022005 
  0.003678 ,  -0.022259, -0.030322 
  0.004040 ,  -0.022691, -0.038246 
  0.004402 ,  -0.022979, -0.045056 
  0.004763 ,  -0.023117, -0.050082 
  0.005123 ,  -0.023097, -0.052806 
  0.005480 ,  -0.022916, -0.052945 
  0.005836 ,  -0.022570, -0.050497 
  0.006189 ,  -0.022056, -0.045747 
  0.006539 ,  -0.021374, -0.039222 
  0.006886 ,  -0.020525, -0.031616 
  0.007229 ,  -0.019512, -0.023682 
  0.007568 ,  -0.018338, -0.016118 
  0.007902 ,  -0.017010, -0.009465 
  0.008232 ,  -0.015534, -0.004026 
  0.008556 ,  -0.013918, 0.000167 
  0.008875 ,  -0.012172, 0.003342 
  0.009188 ,  -0.010308, 0.005932 
  0.009495 ,  -0.008338, 0.008484 
  0.009795 ,  -0.006274, 0.011540 
  0.010088 ,  -0.004132, 0.015525 
  0.010374 ,  -0.001926, 0.020646 
  0.010653 ,  0.000327, 0.026832 
  0.010923 ,  0.002612, 0.033720 
  0.011186 ,  0.004912, 0.040688 
  0.011440 ,  0.007209, 0.046942 
  0.011685 ,  0.009485, 0.051634 
  0.011921 ,  0.011726, 0.053996 
  0.012147 ,  0.013912, 0.053468 
  0.012365 ,  0.016028, 0.049803 
  0.012572 ,  0.018057, 0.043118 
  0.012769 ,  0.019985, 0.033901 
  0.012956 ,  0.021796, 0.022948 
  0.013133 ,  0.023478, 0.011260 
  0.013298 ,  0.025017, -0.000101 
  0.013453 ,  0.026402, -0.010167 
  0.013597 ,  0.027624, -0.018202 
  0.013730 ,  0.028673, -0.023814 
  0.013851 ,  0.029543, -0.027005 
  0.013961 ,  0.030228, -0.028158 
  0.014059 ,  0.030723, -0.027966 
  0.014145 ,  0.031025, -0.027302 
  0.014220 ,  0.031135, -0.027055 
  0.014282 ,  0.031053, -0.027964 
  0.014333 ,  0.030780, -0.030462 
  0.014372 ,  0.030320, -0.034572 
  0.014398 ,  0.029680, -0.039869 
  0.014412 ,  0.028864, -0.045508 
  0.014415 ,  0.027882, -0.050333 
  0.014405 ,  0.026742, -0.053046 
  0.014383 ,  0.025455, -0.052407 
  0.014348 ,  0.024033, -0.047447 
  0.014302 ,  0.022488, -0.037655 
  0.014244 ,  0.020832, -0.023109 
  0.014174 ,  0.019081, -0.004532 
  0.014092 ,  0.017248, 0.016745 
  0.013998 ,  0.015349, 0.038899 
  0.013893 ,  0.013397, 0.059823 
  0.013776 ,  0.011410, 0.077365 
  0.013648 ,  0.009401, 0.089602 
  0.013509 ,  0.007385, 0.095083 
  0.013358 ,  0.005378, 0.093029 
  0.013197 ,  0.003394, 0.083447 
  0.013025 ,  0.001447, 0.067149 
  0.012842 ,  -0.000451, 0.045670 
  0.012649 ,  -0.002288, 0.021095 
  0.012446 ,  -0.004051, -0.004179 
  0.012234 ,  -0.005731, -0.027729 
  0.012011 ,  -0.007318, -0.047379 
