   24m__28m 
  -0.002086 ,  0.081394, 0.040352 
  -0.001834 ,  0.081500, 0.059291 
  -0.001582 ,  0.080900, 0.074078 
  -0.001331 ,  0.079572, 0.083559 
  -0.001082 ,  0.077501, 0.087115 
  -0.000838 ,  0.074678, 0.084728 
  -0.000599 ,  0.071102, 0.076977 
  -0.000368 ,  0.066780, 0.064957 
  -0.000145 ,  0.061724, 0.050142 
  0.000067 ,  0.055957, 0.034199 
  0.000268 ,  0.049507, 0.018782 
  0.000455 ,  0.042409, 0.005335 
  0.000628 ,  0.034707, -0.005075 
  0.000784 ,  0.026449, -0.011870 
  0.000923 ,  0.017691, -0.015010 
  0.001042 ,  0.008494, -0.014959 
  0.001141 ,  -0.001076, -0.012595 
  0.001217 ,  -0.010950, -0.009059 
  0.001270 ,  -0.021051, -0.005576 
  0.001297 ,  -0.031304, -0.003265 
  0.001298 ,  -0.041629, -0.002976 
  0.001271 ,  -0.051944, -0.005162 
  0.001215 ,  -0.062167, -0.009816 
  0.001129 ,  -0.072217, -0.016474 
  0.001010 ,  -0.082012, -0.024287 
  0.000859 ,  -0.091472, -0.032145 
  0.000673 ,  -0.100520, -0.038847 
  0.000452 ,  -0.109082, -0.043276 
  0.000195 ,  -0.117088, -0.044570 
  -0.000100 ,  -0.124472, -0.042253 
  -0.000434 ,  -0.131174, -0.036317 
  -0.000807 ,  -0.137137, -0.027233 
  -0.001221 ,  -0.142314, -0.015900 
  -0.001676 ,  -0.146663, -0.003533 
  -0.002173 ,  -0.150147, 0.008498 
  -0.002713 ,  -0.152739, 0.018844 
  -0.003297 ,  -0.154419, 0.026359 
  -0.003924 ,  -0.155173, 0.030246 
  -0.004597 ,  -0.154997, 0.030166 
  -0.005314 ,  -0.153892, 0.026280 
  -0.006077 ,  -0.151869, 0.019223 
  -0.006886 ,  -0.148945, 0.010022 
  -0.007741 ,  -0.145145, -0.000042 
  -0.008643 ,  -0.140498, -0.009607 
  -0.009591 ,  -0.135043, -0.017404 
  -0.010585 ,  -0.128824, -0.022422 
  -0.011626 ,  -0.121888, -0.024034 
  -0.012714 ,  -0.114291, -0.022072 
  -0.013848 ,  -0.106089, -0.016836 
  -0.015027 ,  -0.097345, -0.009048 
  -0.016253 ,  -0.088123, 0.000260 
  -0.017523 ,  -0.078490, 0.009886 
  -0.018839 ,  -0.068516, 0.018625 
  -0.020199 ,  -0.058271, 0.025429 
  -0.021602 ,  -0.047824, 0.029543 
  -0.023048 ,  -0.037247, 0.030594 
  -0.024536 ,  -0.026607, 0.028637 
  -0.026066 ,  -0.015974, 0.024125 
  -0.027635 ,  -0.005413, 0.017840 
  -0.029244 ,  0.005014, 0.010774 
  -0.030891 ,  0.015245, 0.003979 
  -0.032575 ,  0.025225, -0.001577 
  -0.034295 ,  0.034900, -0.005150 
  -0.036049 ,  0.044221, -0.006320 
  -0.037836 ,  0.053145, -0.005045 
  -0.039654 ,  0.061632, -0.001663 
  -0.041503 ,  0.069647, 0.003164 
  -0.043380 ,  0.077160, 0.008544 
  -0.045283 ,  0.084147, 0.013490 
  -0.047212 ,  0.090588, 0.017059 
  -0.049164 ,  0.096467, 0.018490 
  -0.051138 ,  0.101775, 0.017312 
  -0.053131 ,  0.106506, 0.013415 
  -0.055141 ,  0.110658, 0.007069 
  -0.057167 ,  0.114235, -0.001111 
  -0.059207 ,  0.117243, -0.010244 
  -0.061258 ,  0.119693, -0.019304 
  -0.063319 ,  0.121598, -0.027255 
  -0.065386 ,  0.122974, -0.033191 
  -0.067459 ,  0.123841, -0.036456 
  -0.069534 ,  0.124219, -0.036733 
  -0.071609 ,  0.124131, -0.034082 
  -0.073682 ,  0.123603, -0.028929 
  -0.075751 ,  0.122658, -0.022009 
  -0.077813 ,  0.121324, -0.014257 
  -0.079866 ,  0.119626, -0.006687 
  -0.081908 ,  0.117592, -0.000244 
  -0.083935 ,  0.115247, 0.004317 
  -0.085946 ,  0.112618, 0.006537 
  -0.087938 ,  0.109731, 0.006315 
  -0.089909 ,  0.106609, 0.003917 
  -0.091855 ,  0.103276, -0.000062 
  -0.093775 ,  0.099754, -0.004782 
  -0.095667 ,  0.096065, -0.009278 
  -0.097527 ,  0.092228, -0.012596 
  -0.099353 ,  0.088261, -0.013926 
  -0.101143 ,  0.084182, -0.012722 
  -0.102894 ,  0.080007, -0.008779 
  -0.104605 ,  0.075749, -0.002269 
  -0.106271 ,  0.071421, 0.006272 
  -0.107892 ,  0.067036, 0.016011 
  -0.109465 ,  0.062604, 0.025921 
  -0.110987 ,  0.058136, 0.034909 
  -0.112456 ,  0.053640, 0.041954 
  -0.113871 ,  0.049125, 0.046238 
  -0.115228 ,  0.044598, 0.047240 
  -0.116526 ,  0.040067, 0.044807 
  -0.117762 ,  0.035538, 0.039159 
  -0.118935 ,  0.031019, 0.030865 
  -0.120042 ,  0.026517, 0.020759 
  -0.121082 ,  0.022037, 0.009836 
  -0.122052 ,  0.017587, -0.000871 
  -0.122952 ,  0.013173, -0.010417 
  -0.123778 ,  0.008803, -0.018053 
  -0.124529 ,  0.004484, -0.023300 
  -0.125204 ,  0.000224, -0.025991 
  -0.125802 ,  -0.003969, -0.026262 
  -0.126319 ,  -0.008088, -0.024517 
  -0.126756 ,  -0.012124, -0.021343 
  -0.127111 ,  -0.016068, -0.017423 
  -0.127382 ,  -0.019912, -0.013433 
  -0.127569 ,  -0.023648, -0.009948 
  -0.127670 ,  -0.027266, -0.007381 
  -0.127684 ,  -0.030758, -0.005935 
  -0.127610 ,  -0.034117, -0.005599 
  -0.127448 ,  -0.037335, -0.006177 
  -0.127196 ,  -0.040405, -0.007336 
  -0.126854 ,  -0.043319, -0.008677 
  -0.126421 ,  -0.046073, -0.009807 
  -0.125897 ,  -0.048662, -0.010402 
  -0.125282 ,  -0.051081, -0.010262 
  -0.124574 ,  -0.053328, -0.009328 
  -0.123775 ,  -0.055400, -0.007689 
  -0.122882 ,  -0.057296, -0.005548 
  -0.121898 ,  -0.059018, -0.003182 
  -0.120821 ,  -0.060566, -0.000889 
  -0.119652 ,  -0.061944, 0.001073 
  -0.118390 ,  -0.063155, 0.002526 
  -0.117037 ,  -0.064203, 0.003403 
  -0.115593 ,  -0.065096, 0.003756 
  -0.114058 ,  -0.065839, 0.003737 
  -0.112432 ,  -0.066442, 0.003568 
  -0.110717 ,  -0.066912, 0.003495 
  -0.108913 ,  -0.067258, 0.003734 
  -0.107021 ,  -0.067491, 0.004433 
  -0.105043 ,  -0.067620, 0.005634 
  -0.102978 ,  -0.067656, 0.007264 
  -0.100828 ,  -0.067608, 0.009147 
  -0.098594 ,  -0.067487, 0.011027 
  -0.096278 ,  -0.067303, 0.012615 
  -0.093881 ,  -0.067064, 0.013641 
  -0.091405 ,  -0.066780, 0.013897 
  -0.088850 ,  -0.066457, 0.013284 
  -0.086219 ,  -0.066102, 0.011824 
  -0.083513 ,  -0.065722, 0.009663 
  -0.080734 ,  -0.065320, 0.007051 
  -0.077884 ,  -0.064899, 0.004294 
  -0.074964 ,  -0.064461, 0.001709 
  -0.071978 ,  -0.064006, -0.000433 
  -0.068925 ,  -0.063533, -0.001955 
  -0.065809 ,  -0.063040, -0.002801 
  -0.062633 ,  -0.062522, -0.003050 
  -0.059397 ,  -0.061973, -0.002897 
  -0.056104 ,  -0.061387, -0.002615 
  -0.052757 ,  -0.060755, -0.002504 
  -0.049359 ,  -0.060069, -0.002827 
  -0.045910 ,  -0.059319, -0.003755 
  -0.042414 ,  -0.058493, -0.005318 
  -0.038874 ,  -0.057581, -0.007392 
  -0.035291 ,  -0.056571, -0.009695 
  -0.031669 ,  -0.055450, -0.011834 
  -0.028009 ,  -0.054206, -0.013353 
  -0.024316 ,  -0.052830, -0.013818 
  -0.020591 ,  -0.051308, -0.012892 
  -0.016836 ,  -0.049632, -0.010406 
  -0.013055 ,  -0.047791, -0.006412 
  -0.009251 ,  -0.045778, -0.001199 
  -0.005426 ,  -0.043585, 0.004720 
  -0.001583 ,  -0.041209, 0.010665 
  0.002276 ,  -0.038645, 0.015867 
  0.006147 ,  -0.035893, 0.019576 
  0.010027 ,  -0.032952, 0.021162 
  0.013915 ,  -0.029826, 0.020218 
  0.017807 ,  -0.026520, 0.016630 
  0.021700 ,  -0.023040, 0.010610 
  0.025592 ,  -0.019398, 0.002695 
  0.029480 ,  -0.015603, -0.006313 
  0.033361 ,  -0.011671, -0.015434 
  0.037232 ,  -0.007616, -0.023626 
  0.041091 ,  -0.003458, -0.029915 
  0.044935 ,  0.000784, -0.033524 
  0.048761 ,  0.005089, -0.033966 
  0.052566 ,  0.009434, -0.031113 
  0.056348 ,  0.013796, -0.025216 
  0.060105 ,  0.018148, -0.016874 
  0.063834 ,  0.022467, -0.006963 
  0.067531 ,  0.026725, 0.003473 
  0.071195 ,  0.030898, 0.013350 
  0.074824 ,  0.034960, 0.021671 
  0.078414 ,  0.038886, 0.027648 
  0.081963 ,  0.042652, 0.030784 
  0.085470 ,  0.046235, 0.030927 
  0.088931 ,  0.049614, 0.028271 
  0.092345 ,  0.052769, 0.023316 
  0.095709 ,  0.055684, 0.016797 
  0.099021 ,  0.058342, 0.009581 
  0.102279 ,  0.060732, 0.002556 
  0.105481 ,  0.062842, -0.003475 
  0.108625 ,  0.064667, -0.007886 
  0.111709 ,  0.066202, -0.010286 
  0.114732 ,  0.067446, -0.010552 
  0.117690 ,  0.068400, -0.008822 
  0.120583 ,  0.069070, -0.005458 
  0.123409 ,  0.069463, -0.000990 
  0.126166 ,  0.069591, 0.003963 
  0.128853 ,  0.069466, 0.008765 
  0.131467 ,  0.069106, 0.012833 
  0.134009 ,  0.068529, 0.015693 
  0.136475 ,  0.067756, 0.017022 
  0.138866 ,  0.066810, 0.016656 
  0.141179 ,  0.065715, 0.014597 
  0.143414 ,  0.064497, 0.010992 
  0.145569 ,  0.063184, 0.006105 
  0.147644 ,  0.061802, 0.000291 
  0.149637 ,  0.060380, -0.006040 
  0.151547 ,  0.058944, -0.012453 
  0.153374 ,  0.057523, -0.018511 
  0.155117 ,  0.056143, -0.023798 
  0.156774 ,  0.054828, -0.027940 
  0.158346 ,  0.053603, -0.030623 
  0.159832 ,  0.052488, -0.031612 
  0.161231 ,  0.051502, -0.030770 
  0.162543 ,  0.050664, -0.028077 
  0.163767 ,  0.049986, -0.023643 
  0.164904 ,  0.049479, -0.017716 
  0.165952 ,  0.049151, -0.010677 
  0.166912 ,  0.049006, -0.003024 
  0.167783 ,  0.049044, 0.004665 
  0.168566 ,  0.049263, 0.011774 
  0.169260 ,  0.049656, 0.017715 
  0.169865 ,  0.050213, 0.021984 
  0.170382 ,  0.050920, 0.024227 
  0.170810 ,  0.051760, 0.024284 
  0.171151 ,  0.052713, 0.022224 
  0.171404 ,  0.053755, 0.018342 
  0.171569 ,  0.054860, 0.013141 
  0.171647 ,  0.055998, 0.007274 
  0.171638 ,  0.057139, 0.001472 
  0.171543 ,  0.058251, -0.003543 
  0.171363 ,  0.059297, -0.007154 
  0.171097 ,  0.060243, -0.008923 
  0.170747 ,  0.061052, -0.008659 
  0.170313 ,  0.061688, -0.006440 
  0.169797 ,  0.062114, -0.002605 
  0.169198 ,  0.062295, 0.002280 
  0.168518 ,  0.062194, 0.007507 
  0.167757 ,  0.061779, 0.012314 
  0.166916 ,  0.061019, 0.015991 
  0.165997 ,  0.059884, 0.017980 
  0.165001 ,  0.058347, 0.017946 
  0.163927 ,  0.056386, 0.015830 
  0.162778 ,  0.053979, 0.011855 
  0.161555 ,  0.051111, 0.006491 
  0.160258 ,  0.047769, 0.000396 
  0.158889 ,  0.043945, -0.005685 
  0.157450 ,  0.039635, -0.011014 
  0.155940 ,  0.034839, -0.014970 
  0.154362 ,  0.029563, -0.017131 
  0.152717 ,  0.023817, -0.017326 
  0.151006 ,  0.017615, -0.015657 
  0.149231 ,  0.010976, -0.012474 
  0.147392 ,  0.003925, -0.008322 
  0.145492 ,  -0.003512, -0.003856 
  0.143531 ,  -0.011301, 0.000258 
  0.141512 ,  -0.019406, 0.003437 
  0.139435 ,  -0.027787, 0.005264 
  0.137303 ,  -0.036402, 0.005545 
  0.135116 ,  -0.045202, 0.004326 
  0.132876 ,  -0.054139, 0.001882 
  0.130584 ,  -0.063161, -0.001334 
  0.128243 ,  -0.072214, -0.004765 
  0.125854 ,  -0.081244, -0.007835 
  0.123418 ,  -0.090193, -0.010039 
  0.120937 ,  -0.099005, -0.011016 
  0.118413 ,  -0.107623, -0.010597 
  0.115846 ,  -0.115990, -0.008828 
  0.113240 ,  -0.124049, -0.005953 
  0.110595 ,  -0.131747, -0.002375 
  0.107913 ,  -0.139029, 0.001414 
  0.105196 ,  -0.145845, 0.004901 
  0.102445 ,  -0.152145, 0.007640 
  0.099662 ,  -0.157884, 0.009302 
  0.096850 ,  -0.163019, 0.009730 
  0.094008 ,  -0.167512, 0.008947 
  0.091140 ,  -0.171326, 0.007148 
  0.088246 ,  -0.174431, 0.004659 
  0.085330 ,  -0.176801, 0.001888 
  0.082391 ,  -0.178412, -0.000745 
  0.079432 ,  -0.179248, -0.002866 
  0.076455 ,  -0.179295, -0.004200 
  0.073461 ,  -0.178547, -0.004607 
  0.070453 ,  -0.177002, -0.004088 
  0.067431 ,  -0.174660, -0.002778 
  0.064397 ,  -0.171531, -0.000912 
  0.061354 ,  -0.167626, 0.001215 
  0.058302 ,  -0.162962, 0.003301 
  0.055244 ,  -0.157563, 0.005081 
  0.052182 ,  -0.151454, 0.006366 
  0.049116 ,  -0.144666, 0.007059 
  0.046049 ,  -0.137235, 0.007164 
  0.042982 ,  -0.129199, 0.006771 
  0.039917 ,  -0.120602, 0.006027 
  0.036856 ,  -0.111489, 0.005109 
  0.033800 ,  -0.101909, 0.004182 
  0.030751 ,  -0.091914, 0.003372 
  0.027711 ,  -0.081557, 0.002751 
  0.024681 ,  -0.070894, 0.002321 
  0.021663 ,  -0.059984, 0.002028 
  0.018658 ,  -0.048883, 0.001776 
  0.015669 ,  -0.037652, 0.001451 
  0.012696 ,  -0.026351, 0.000951 
  0.009742 ,  -0.015037, 0.000209 
  0.006808 ,  -0.003772, -0.000793 
  0.003895 ,  0.007386, -0.002015 
  0.001005 ,  0.018382, -0.003366 
  -0.001860 ,  0.029158, -0.004716 
  -0.004699 ,  0.039662, -0.005921 
  -0.007511 ,  0.049841, -0.006845 
  -0.010293 ,  0.059648, -0.007388 
  -0.013045 ,  0.069035, -0.007496 
  -0.015764 ,  0.077961, -0.007174 
  -0.018450 ,  0.086386, -0.006486 
  -0.021101 ,  0.094275, -0.005541 
  -0.023716 ,  0.101596, -0.004476 
  -0.026293 ,  0.108321, -0.003437 
  -0.028831 ,  0.114428, -0.002553 
  -0.031328 ,  0.119896, -0.001924 
  -0.033784 ,  0.124713, -0.001604 
  -0.036196 ,  0.128868, -0.001599 
  -0.038565 ,  0.132355, -0.001875 
  -0.040887 ,  0.135174, -0.002360 
  -0.043163 ,  0.137330, -0.002964 
  -0.045391 ,  0.138830, -0.003591 
  -0.047569 ,  0.139686, -0.004148 
  -0.049698 ,  0.139917, -0.004556 
  -0.051774 ,  0.139542, -0.004752 
  -0.053799 ,  0.138588, -0.004686 
  -0.055770 ,  0.137081, -0.004319 
  -0.057686 ,  0.135056, -0.003614 
  -0.059547 ,  0.132545, -0.002540 
  -0.061352 ,  0.129587, -0.001068 
  -0.063099 ,  0.126223, 0.000818 
  -0.064788 ,  0.122494, 0.003112 
  -0.066418 ,  0.118445, 0.005773 
  -0.067989 ,  0.114121, 0.008709 
  -0.069499 ,  0.109568, 0.011771 
  -0.070947 ,  0.104832, 0.014752 
  -0.072334 ,  0.099962, 0.017394 
  -0.073659 ,  0.095003, 0.019414 
  -0.074920 ,  0.090001, 0.020531 
  -0.076118 ,  0.085001, 0.020509 
  -0.077252 ,  0.080045, 0.019191 
  -0.078321 ,  0.075174, 0.016540 
  -0.079326 ,  0.070429, 0.012657 
  -0.080266 ,  0.065843, 0.007790 
  -0.081140 ,  0.061450, 0.002318 
  -0.081948 ,  0.057281, -0.003278 
  -0.082691 ,  0.053360, -0.008475 
  -0.083368 ,  0.049710, -0.012766 
  -0.083978 ,  0.046349, -0.015728 
  -0.084523 ,  0.043292, -0.017084 
  -0.085002 ,  0.040547, -0.016746 
  -0.085415 ,  0.038120, -0.014837 
  -0.085762 ,  0.036011, -0.011682 
  -0.086044 ,  0.034218, -0.007771 
  -0.086260 ,  0.032731, -0.003698 
  -0.086412 ,  0.031539, -0.000081 
  -0.086499 ,  0.030626, 0.002523 
  -0.086522 ,  0.029971, 0.003701 
  -0.086481 ,  0.029549, 0.003243 
  -0.086378 ,  0.029335, 0.001181 
  -0.086212 ,  0.029297, -0.002214 
  -0.085984 ,  0.029402, -0.006460 
  -0.085695 ,  0.029616, -0.010935 
  -0.085347 ,  0.029900, -0.014958 
  -0.084938 ,  0.030215, -0.017891 
  -0.084472 ,  0.030523, -0.019227 
  -0.083948 ,  0.030782, -0.018669 
  -0.083367 ,  0.030952, -0.016175 
  -0.082731 ,  0.030994, -0.011966 
  -0.082041 ,  0.030868, -0.006501 
  -0.081298 ,  0.030536, -0.000409 
  -0.080503 ,  0.029963, 0.005594 
  -0.079658 ,  0.029116, 0.010810 
  -0.078764 ,  0.027963, 0.014659 
  -0.077822 ,  0.026477, 0.016760 
  -0.076834 ,  0.024635, 0.016985 
  -0.075801 ,  0.022415, 0.015476 
  -0.074726 ,  0.019803, 0.012621 
  -0.073608 ,  0.016787, 0.008997 
  -0.072451 ,  0.013359, 0.005285 
  -0.071257 ,  0.009518, 0.002161 
  -0.070025 ,  0.005266, 0.000203 
  -0.068760 ,  0.000612, -0.000200 
  -0.067461 ,  -0.004433, 0.001092 
  -0.066132 ,  -0.009850, 0.003948 
  -0.064775 ,  -0.015619, 0.007979 
  -0.063390 ,  -0.021711, 0.012594 
  -0.061981 ,  -0.028096, 0.017075 
  -0.060549 ,  -0.034740, 0.020680 
  -0.059096 ,  -0.041602, 0.022743 
  -0.057625 ,  -0.048641, 0.022767 
  -0.056137 ,  -0.055812, 0.020491 
  -0.054636 ,  -0.063068, 0.015927 
  -0.053122 ,  -0.070357, 0.009367 
  -0.051598 ,  -0.077630, 0.001344 
  -0.050066 ,  -0.084834, -0.007429 
  -0.048529 ,  -0.091916, -0.016137 
  -0.046989 ,  -0.098824, -0.023963 
  -0.045448 ,  -0.105504, -0.030171 
  -0.043908 ,  -0.111907, -0.034184 
  -0.042372 ,  -0.117982, -0.035644 
  -0.040842 ,  -0.123682, -0.034437 
  -0.039320 ,  -0.128962, -0.030698 
  -0.037808 ,  -0.133781, -0.024788 
  -0.036310 ,  -0.138100, -0.017252 
  -0.034826 ,  -0.141884, -0.008762 
  -0.033359 ,  -0.145103, -0.000054 
  -0.031912 ,  -0.147732, 0.008137 
  -0.030486 ,  -0.149748, 0.015137 
  -0.029085 ,  -0.151135, 0.020381 
  -0.027709 ,  -0.151882, 0.023456 
  -0.026362 ,  -0.151983, 0.024128 
  -0.025045 ,  -0.151435, 0.022358 
  -0.023761 ,  -0.150244, 0.018305 
  -0.022511 ,  -0.148416, 0.012321 
  -0.021297 ,  -0.145967, 0.004926 
  -0.020122 ,  -0.142913, -0.003218 
  -0.018987 ,  -0.139277, -0.011359 
  -0.017895 ,  -0.135086, -0.018703 
  -0.016847 ,  -0.130369, -0.024487 
  -0.015845 ,  -0.125161, -0.028043 
  -0.014890 ,  -0.119497, -0.028871 
  -0.013985 ,  -0.113417, -0.026702 
  -0.013131 ,  -0.106962, -0.021541 
  -0.012329 ,  -0.100174, -0.013694 
  -0.011581 ,  -0.093097, -0.003758 
  -0.010889 ,  -0.085777, 0.007416 
  -0.010253 ,  -0.078257, 0.018797 
  -0.009676 ,  -0.070583, 0.029272 
  -0.009158 ,  -0.062798, 0.037764 
  -0.008700 ,  -0.054945, 0.043354 
  -0.008304 ,  -0.047067, 0.045393 
  -0.007970 ,  -0.039201, 0.043594 
  -0.007699 ,  -0.031387, 0.038074 
  -0.007493 ,  -0.023658, 0.029362 
  -0.007351 ,  -0.016047, 0.018349 
  -0.007275 ,  -0.008584, 0.006190 
  -0.007265 ,  -0.001294, -0.005827 
  -0.007321 ,  0.005799, -0.016437 
  -0.007444 ,  0.012676, -0.024554 
  -0.007634 ,  0.019319, -0.029407 
  -0.007891 ,  0.025716, -0.030641 
  -0.008215 ,  0.031857, -0.028361 
  -0.008607 ,  0.037734, -0.023121 
  -0.009066 ,  0.043343, -0.015847 
  -0.009592 ,  0.048683, -0.007712 
  -0.010184 ,  0.053755, 0.000022 
  -0.010842 ,  0.058562, 0.006180 
  -0.011566 ,  0.063110, 0.009835 
  -0.012355 ,  0.067405, 0.010437 
  -0.013208 ,  0.071456, 0.007892 
  -0.014125 ,  0.075272, 0.002572 
  -0.015104 ,  0.078864, -0.004732 
  -0.016144 ,  0.082241, -0.012925 
  -0.017245 ,  0.085414, -0.020759 
  -0.018405 ,  0.088395, -0.027012 
  -0.019623 ,  0.091191, -0.030657 
  -0.020897 ,  0.093814, -0.031009 
  -0.022226 ,  0.096270, -0.027822 
  -0.023609 ,  0.098567, -0.021323 
  -0.025043 ,  0.100709, -0.012183 
  -0.026527 ,  0.102702, -0.001423 
  -0.028059 ,  0.104547, 0.009725 
  -0.029637 ,  0.106244, 0.019984 
  -0.031259 ,  0.107793, 0.028207 
  -0.032922 ,  0.109191, 0.033520 
  -0.034626 ,  0.110432, 0.035436 
  -0.036366 ,  0.111510, 0.033904 
  -0.038142 ,  0.112419, 0.029298 
  -0.039950 ,  0.113148, 0.022356 
  -0.041789 ,  0.113687, 0.014060 
  -0.043654 ,  0.114026, 0.005496 
  -0.045545 ,  0.114151, -0.002297 
  -0.047458 ,  0.114052, -0.008461 
  -0.049390 ,  0.113715, -0.012422 
  -0.051339 ,  0.113128, -0.013944 
  -0.053302 ,  0.112279, -0.013135 
  -0.055276 ,  0.111157, -0.010398 
  -0.057257 ,  0.109752, -0.006351 
  -0.059244 ,  0.108055, -0.001714 
  -0.061232 ,  0.106058, 0.002799 
  -0.063219 ,  0.103756, 0.006589 
  -0.065202 ,  0.101146, 0.009239 
  -0.067177 ,  0.098227, 0.010557 
  -0.069143 ,  0.094999, 0.010570 
  -0.071094 ,  0.091466, 0.009488 
  -0.073029 ,  0.087636, 0.007639 
  -0.074943 ,  0.083516, 0.005390 
  -0.076835 ,  0.079120, 0.003072 
  -0.078700 ,  0.074461, 0.000920 
  -0.080535 ,  0.069558, -0.000961 
  -0.082338 ,  0.064429, -0.002597 
  -0.084106 ,  0.059098, -0.004124 
  -0.085834 ,  0.053589, -0.005730 
  -0.087520 ,  0.047929, -0.007600 
  -0.089161 ,  0.042146, -0.009849 
  -0.090754 ,  0.036271, -0.012473 
  -0.092296 ,  0.030334, -0.015328 
  -0.093784 ,  0.024368, -0.018134 
  -0.095214 ,  0.018407, -0.020505 
  -0.096585 ,  0.012482, -0.022018 
  -0.097893 ,  0.006627, -0.022277 
  -0.099135 ,  0.000873, -0.020998 
  -0.100309 ,  -0.004747, -0.018066 
  -0.101412 ,  -0.010203, -0.013574 
  -0.102442 ,  -0.015467, -0.007833 
  -0.103395 ,  -0.020512, -0.001337 
  -0.104271 ,  -0.025313, 0.005294 
  -0.105065 ,  -0.029849, 0.011405 
  -0.105776 ,  -0.034101, 0.016392 
  -0.106403 ,  -0.038051, 0.019802 
  -0.106942 ,  -0.041688, 0.021390 
  -0.107391 ,  -0.045001, 0.021167 
  -0.107750 ,  -0.047983, 0.019389 
  -0.108015 ,  -0.050632, 0.016520 
  -0.108187 ,  -0.052948, 0.013153 
  -0.108261 ,  -0.054934, 0.009917 
  -0.108239 ,  -0.056599, 0.007370 
  -0.108117 ,  -0.057951, 0.005907 
  -0.107895 ,  -0.059004, 0.005696 
  -0.107572 ,  -0.059775, 0.006645 
  -0.107146 ,  -0.060281, 0.008419 
  -0.106618 ,  -0.060543, 0.010492 
  -0.105985 ,  -0.060585, 0.012238 
  -0.105248 ,  -0.060431, 0.013035 
  -0.104406 ,  -0.060106, 0.012379 
  -0.103458 ,  -0.059638, 0.009975 
  -0.102405 ,  -0.059053, 0.005797 
  -0.101246 ,  -0.058379, 0.000115 
  -0.099982 ,  -0.057642, -0.006540 
  -0.098612 ,  -0.056871, -0.013439 
  -0.097136 ,  -0.056089, -0.019761 
  -0.095556 ,  -0.055322, -0.024713 
  -0.093872 ,  -0.054593, -0.027651 
  -0.092085 ,  -0.053922, -0.028174 
  -0.090195 ,  -0.053328, -0.026198 
  -0.088203 ,  -0.052827, -0.021966 
  -0.086110 ,  -0.052433, -0.016022 
  -0.083919 ,  -0.052157, -0.009132 
  -0.081629 ,  -0.052007, -0.002178 
  -0.079244 ,  -0.051987, 0.003971 
  -0.076763 ,  -0.052100, 0.008586 
  -0.074189 ,  -0.052344, 0.011176 
  -0.071525 ,  -0.052717, 0.011563 
  -0.068771 ,  -0.053210, 0.009898 
  -0.065931 ,  -0.053814, 0.006630 
  -0.063005 ,  -0.054518, 0.002440 
  -0.059998 ,  -0.055307, -0.001877 
  -0.056911 ,  -0.056164, -0.005527 
  -0.053746 ,  -0.057070, -0.007845 
  -0.050508 ,  -0.058007, -0.008393 
  -0.047197 ,  -0.058952, -0.007027 
  -0.043819 ,  -0.059884, -0.003914 
  -0.040374 ,  -0.060781, 0.000492 
  -0.036867 ,  -0.061618, 0.005524 
  -0.033301 ,  -0.062374, 0.010407 
  -0.029679 ,  -0.063026, 0.014375 
  -0.026004 ,  -0.063552, 0.016789 
  -0.022281 ,  -0.063933, 0.017235 
  -0.018512 ,  -0.064150, 0.015583 
  -0.014701 ,  -0.064184, 0.012013 
  -0.010853 ,  -0.064020, 0.006985 
  -0.006969 ,  -0.063646, 0.001174 
  -0.003056 ,  -0.063049, -0.004628 
  0.000884 ,  -0.062222, -0.009623 
  0.004847 ,  -0.061159, -0.013118 
  0.008828 ,  -0.059855, -0.014621 
  0.012824 ,  -0.058311, -0.013905 
  0.016830 ,  -0.056528, -0.011034 
  0.020843 ,  -0.054512, -0.006346 
  0.024858 ,  -0.052267, -0.000408 
  0.028871 ,  -0.049806, 0.006071 
  0.032878 ,  -0.047138, 0.012331 
  0.036875 ,  -0.044279, 0.017658 
  0.040857 ,  -0.041242, 0.021470 
  0.044821 ,  -0.038047, 0.023379 
  0.048762 ,  -0.034712, 0.023224 
  0.052677 ,  -0.031256, 0.021067 
  0.056560 ,  -0.027700, 0.017171 
  0.060408 ,  -0.024065, 0.011943 
  0.064217 ,  -0.020372, 0.005873 
  0.067982 ,  -0.016643, -0.000534 
  0.071700 ,  -0.012900, -0.006816 
  0.075367 ,  -0.009161, -0.012599 
  0.078979 ,  -0.005447, -0.017618 
  0.082531 ,  -0.001776, -0.021725 
  0.086021 ,  0.001834, -0.024867 
  0.089443 ,  0.005369, -0.027063 
  0.092796 ,  0.008815, -0.028371 
  0.096074 ,  0.012160, -0.028849 
  0.099275 ,  0.015393, -0.028538 
  0.102395 ,  0.018507, -0.027446 
  0.105430 ,  0.021495, -0.025548 
  0.108378 ,  0.024355, -0.022800 
  0.111235 ,  0.027084, -0.019165 
  0.113998 ,  0.029683, -0.014635 
  0.116665 ,  0.032153, -0.009261 
  0.119231 ,  0.034498, -0.003165 
  0.121696 ,  0.036725, 0.003446 
  0.124055 ,  0.038839, 0.010290 
  0.126306 ,  0.040849, 0.017024 
  0.128448 ,  0.042765, 0.023277 
  0.130477 ,  0.044597, 0.028677 
  0.132392 ,  0.046355, 0.032891 
  0.134191 ,  0.048050, 0.035658 
  0.135871 ,  0.049693, 0.036805 
  0.137432 ,  0.051296, 0.036273 
  0.138871 ,  0.052870, 0.034108 
  0.140187 ,  0.054424, 0.030464 
  0.141379 ,  0.055967, 0.025577 
  0.142445 ,  0.057508, 0.019752 
  0.143385 ,  0.059055, 0.013332 
  0.144198 ,  0.060612, 0.006675 
  0.144883 ,  0.062184, 0.000136 
  0.145439 ,  0.063774, -0.005959 
  0.145867 ,  0.065384, -0.011320 
  0.146165 ,  0.067011, -0.015711 
  0.146335 ,  0.068655, -0.018955 
  0.146375 ,  0.070311, -0.020944 
  0.146287 ,  0.071974, -0.021646 
  0.146070 ,  0.073635, -0.021106 
  0.145724 ,  0.075288, -0.019448 
  0.145252 ,  0.076921, -0.016876 
  0.144654 ,  0.078523, -0.013657 
  0.143929 ,  0.080081, -0.010111 
  0.143081 ,  0.081583, -0.006584 
  0.142110 ,  0.083015, -0.003418 
  0.141017 ,  0.084361, -0.000918 
  0.139804 ,  0.085608, 0.000682 
  0.138473 ,  0.086739, 0.001248 
  0.137025 ,  0.087741, 0.000767 
  0.135463 ,  0.088598, -0.000645 
  0.133789 ,  0.089298, -0.002757 
  0.132005 ,  0.089826, -0.005240 
  0.130114 ,  0.090170, -0.007713 
  0.128117 ,  0.090319, -0.009784 
  0.126018 ,  0.090262, -0.011107 
  0.123820 ,  0.089991, -0.011427 
  0.121525 ,  0.089498, -0.010617 
  0.119136 ,  0.088777, -0.008701 
  0.116657 ,  0.087823, -0.005846 
  0.114091 ,  0.086633, -0.002349 
  0.111440 ,  0.085206, 0.001411 
  0.108710 ,  0.083540, 0.005022 
  0.105902 ,  0.081638, 0.008102 
  0.103021 ,  0.079501, 0.010350 
  0.100070 ,  0.077134, 0.011597 
  0.097053 ,  0.074541, 0.011822 
  0.093975 ,  0.071727, 0.011160 
  0.090838 ,  0.068700, 0.009873 
  0.087647 ,  0.065466, 0.008310 
  0.084406 ,  0.062034, 0.006847 
  0.081119 ,  0.058410, 0.005820 
  0.077790 ,  0.054604, 0.005474 
  0.074423 ,  0.050623, 0.005911 
  0.071023 ,  0.046476, 0.007078 
  0.067594 ,  0.042170, 0.008760 
  0.064140 ,  0.037713, 0.010625 
  0.060666 ,  0.033112, 0.012266 
  0.057175 ,  0.028373, 0.013275 
  0.053672 ,  0.023502, 0.013310 
  0.050161 ,  0.018504, 0.012160 
  0.046648 ,  0.013385, 0.009787 
  0.043135 ,  0.008147, 0.006343 
  0.039628 ,  0.002794, 0.002158 
  0.036130 ,  -0.002671, -0.002303 
  0.032647 ,  -0.008245, -0.006508 
  0.029182 ,  -0.013927, -0.009933 
  0.025739 ,  -0.019715, -0.012149 
  0.022322 ,  -0.025606, -0.012890 
  0.018937 ,  -0.031598, -0.012103 
  0.015586 ,  -0.037688, -0.009960 
  0.012274 ,  -0.043873, -0.006848 
  0.009005 ,  -0.050149, -0.003315 
  0.005783 ,  -0.056511, 0.000008 
  0.002611 ,  -0.062951, 0.002499 
  -0.000507 ,  -0.069461, 0.003636 
  -0.003566 ,  -0.076032, 0.003081 
  -0.006564 ,  -0.082651, 0.000740 
  -0.009497 ,  -0.089305, -0.003218 
  -0.012361 ,  -0.095977, -0.008372 
  -0.015154 ,  -0.102648, -0.014103 
  -0.017871 ,  -0.109298, -0.019673 
  -0.020511 ,  -0.115903, -0.024322 
  -0.023069 ,  -0.122437, -0.027377 
  -0.025543 ,  -0.128870, -0.028339 
  -0.027931 ,  -0.135173, -0.026956 
  -0.030229 ,  -0.141310, -0.023256 
  -0.032435 ,  -0.147248, -0.017545 
  -0.034546 ,  -0.152947, -0.010368 
  -0.036561 ,  -0.158370, -0.002435 
  -0.038478 ,  -0.163475, 0.005473 
  -0.040293 ,  -0.168220, 0.012602 
  -0.042006 ,  -0.172563, 0.018323 
  -0.043614 ,  -0.176461, 0.022202 
  -0.045116 ,  -0.179872, 0.024052 
  -0.046511 ,  -0.182753, 0.023936 
  -0.047797 ,  -0.185063, 0.022152 
  -0.048973 ,  -0.186763, 0.019170 
  -0.050038 ,  -0.187815, 0.015565 
  -0.050991 ,  -0.188183, 0.011929 
  -0.051831 ,  -0.187838, 0.008791 
  -0.052558 ,  -0.186748, 0.006548 
  -0.053172 ,  -0.184892, 0.005427 
  -0.053672 ,  -0.182247, 0.005462 
  -0.054058 ,  -0.178799, 0.006511 
  -0.054329 ,  -0.174539, 0.008289 
  -0.054487 ,  -0.169461, 0.010423 
  -0.054531 ,  -0.163568, 0.012511 
  -0.054462 ,  -0.156866, 0.014184 
  -0.054281 ,  -0.149369, 0.015148 
  -0.053988 ,  -0.141096, 0.015222 
  -0.053584 ,  -0.132075, 0.014342 
  -0.053070 ,  -0.122337, 0.012559 
  -0.052448 ,  -0.111921, 0.010008 
  -0.051718 ,  -0.100871, 0.006876 
  -0.050882 ,  -0.089239, 0.003363 
  -0.049942 ,  -0.077079, -0.000352 
  -0.048900 ,  -0.064453, -0.004135 
  -0.047756 ,  -0.051425, -0.007905 
  -0.046514 ,  -0.038065, -0.011633 
  -0.045175 ,  -0.024447, -0.015321 
  -0.043742 ,  -0.010646, -0.018981 
  -0.042216 ,  0.003259, -0.022601 
  -0.040601 ,  0.017190, -0.026127 
  -0.038898 ,  0.031064, -0.029441 
  -0.037111 ,  0.044802, -0.032362 
  -0.035243 ,  0.058322, -0.034656 
  -0.033295 ,  0.071546, -0.036057 
  -0.031272 ,  0.084398, -0.036303 
  -0.029176 ,  0.096803, -0.035170 
  -0.027010 ,  0.108689, -0.032513 
  -0.024777 ,  0.119992, -0.028290 
  -0.022482 ,  0.130649, -0.022580 
  -0.020127 ,  0.140604, -0.015589 
  -0.017715 ,  0.149806, -0.007633 
  -0.015251 ,  0.158211, 0.000883 
  -0.012737 ,  0.165781, 0.009506 
  -0.010178 ,  0.172487, 0.017770 
  -0.007578 ,  0.178305, 0.025237 
  -0.004939 ,  0.183218, 0.031534 
  -0.002265 ,  0.187220, 0.036378 
  0.000439 ,  0.190309, 0.039588 
  0.003169 ,  0.192491, 0.041093 
  0.005922 ,  0.193782, 0.040924 
  0.008694 ,  0.194200, 0.039199 
  0.011482 ,  0.193775, 0.036107 
  0.014280 ,  0.192539, 0.031889 
  0.017085 ,  0.190533, 0.026814 
  0.019893 ,  0.187801, 0.021171 
  0.022700 ,  0.184392, 0.015250 
  0.025503 ,  0.180360, 0.009337 
  0.028297 ,  0.175761, 0.003699 
  0.031078 ,  0.170656, -0.001419 
  0.033843 ,  0.165105, -0.005805 
  0.036587 ,  0.159170, -0.009297 
  0.039307 ,  0.152916, -0.011786 
  0.041999 ,  0.146404, -0.013234 
  0.044660 ,  0.139695, -0.013680 
  0.047285 ,  0.132851, -0.013243 
  0.049870 ,  0.125927, -0.012114 
  0.052413 ,  0.118978, -0.010545 
  0.054910 ,  0.112055, -0.008827 
  0.057356 ,  0.105205, -0.007255 
  0.059750 ,  0.098469, -0.006100 
  0.062086 ,  0.091884, -0.005570 
  0.064363 ,  0.085482, -0.005787 
  0.066576 ,  0.079290, -0.006765 
  0.068724 ,  0.073327, -0.008407 
  0.070801 ,  0.067609, -0.010518 
  0.072807 ,  0.062144, -0.012824 
  0.074737 ,  0.056936, -0.015014 
  0.076589 ,  0.051982, -0.016779 
  0.078361 ,  0.047276, -0.017859 
  0.080049 ,  0.042804, -0.018073 
  0.081652 ,  0.038551, -0.017352 
  0.083166 ,  0.034495, -0.015743 
  0.084590 ,  0.030612, -0.013398 
  0.085922 ,  0.026874, -0.010553 
  0.087158 ,  0.023251, -0.007486 
  0.088299 ,  0.019711, -0.004474 
  0.089341 ,  0.016221, -0.001746 
  0.090282 ,  0.012748, 0.000548 
  0.091122 ,  0.009258, 0.002364 
  0.091859 ,  0.005718, 0.003762 
  0.092492 ,  0.002097, 0.004889 
  0.093019 ,  -0.001634, 0.005951 
  0.093439 ,  -0.005502, 0.007162 
  0.093751 ,  -0.009530, 0.008699 
  0.093955 ,  -0.013738, 0.010659 
  0.094049 ,  -0.018143, 0.013025 
  0.094033 ,  -0.022756, 0.015661 
  0.093907 ,  -0.027583, 0.018316 
  0.093670 ,  -0.032626, 0.020663 
  0.093323 ,  -0.037881, 0.022344 
  0.092864 ,  -0.043341, 0.023036 
  0.092294 ,  -0.048991, 0.022504 
  0.091613 ,  -0.054812, 0.020654 
  0.090822 ,  -0.060780, 0.017565 
  0.089921 ,  -0.066867, 0.013487 
  0.088910 ,  -0.073039, 0.008824 
  0.087790 ,  -0.079259, 0.004080 
  0.086562 ,  -0.085487, -0.000209 
  0.085227 ,  -0.091678, -0.003556 
  0.083785 ,  -0.097786, -0.005597 
  0.082238 ,  -0.103762, -0.006153 
  0.080588 ,  -0.109556, -0.005269 
  0.078835 ,  -0.115117, -0.003214 
  0.076980 ,  -0.120395, -0.000453 
  0.075027 ,  -0.125339, 0.002414 
  0.072975 ,  -0.129900, 0.004742 
  0.070827 ,  -0.134032, 0.005932 
  0.068586 ,  -0.137690, 0.005527 
  0.066252 ,  -0.140833, 0.003291 
  0.063828 ,  -0.143423, -0.000751 
  0.061316 ,  -0.145428, -0.006297 
  0.058718 ,  -0.146820, -0.012805 
  0.056037 ,  -0.147574, -0.019554 
  0.053276 ,  -0.147676, -0.025748 
  0.050436 ,  -0.147112, -0.030615 
  0.047520 ,  -0.145878, -0.033523 
  0.044531 ,  -0.143975, -0.034065 
  0.041472 ,  -0.141411, -0.032120 
  0.038345 ,  -0.138199, -0.027872 
  0.035154 ,  -0.134359, -0.021786 
  0.031901 ,  -0.129918, -0.014540 
  0.028590 ,  -0.124908, -0.006938 
  0.025223 ,  -0.119366, 0.000206 
  0.021803 ,  -0.113336, 0.006181 
  0.018334 ,  -0.106863, 0.010470 
  0.014819 ,  -0.100001, 0.012819 
  0.011261 ,  -0.092804, 0.013261 
  0.007664 ,  -0.085330, 0.012101 
  0.004030 ,  -0.077639, 0.009858 
  0.000363 ,  -0.069794, 0.007177 
  -0.003333 ,  -0.061858, 0.004727 
  -0.007056 ,  -0.053893, 0.003096 
  -0.010801 ,  -0.045962, 0.002696 
  -0.014565 ,  -0.038127, 0.003711 
  -0.018345 ,  -0.030447, 0.006064 
  -0.022138 ,  -0.022980, 0.009443 
  -0.025940 ,  -0.015780, 0.013350 
  -0.029746 ,  -0.008895, 0.017190 
  -0.033555 ,  -0.002373, 0.020362 
  -0.037363 ,  0.003746, 0.022362 
  -0.041166 ,  0.009426, 0.022861 
  -0.044960 ,  0.014638, 0.021754 
  -0.048742 ,  0.019356, 0.019180 
  -0.052510 ,  0.023563, 0.015491 
  -0.056258 ,  0.027247, 0.011196 
  -0.059985 ,  0.030403, 0.006875 
  -0.063687 ,  0.033030, 0.003083 
  -0.067360 ,  0.035138, 0.000257 
  -0.071001 ,  0.036737, -0.001355 
  -0.074607 ,  0.037848, -0.001739 
  -0.078175 ,  0.038494, -0.001116 
  -0.081702 ,  0.038706, 0.000095 
  -0.085185 ,  0.038518, 0.001341 
  -0.088619 ,  0.037968, 0.002030 
  -0.092004 ,  0.037098, 0.001633 
  -0.095335 ,  0.035955, -0.000223 
  -0.098610 ,  0.034586, -0.003682 
  -0.101825 ,  0.033040, -0.008621 
  -0.104979 ,  0.031370, -0.014650 
  -0.108069 ,  0.029627, -0.021157 
  -0.111091 ,  0.027862, -0.027380 
  -0.114043 ,  0.026127, -0.032517 
  -0.116924 ,  0.024471, -0.035833 
  -0.119729 ,  0.022943, -0.036764 
  -0.122458 ,  0.021587, -0.035007 
  -0.125107 ,  0.020446, -0.030564 
  -0.127675 ,  0.019559, -0.023755 
  -0.130160 ,  0.018960, -0.015183 
  -0.132559 ,  0.018679, -0.005663 
  -0.134870 ,  0.018742, 0.003878 
  -0.137093 ,  0.019170, 0.012512 
  -0.139223 ,  0.019978, 0.019423 
  -0.141262 ,  0.021176, 0.024007 
  -0.143205 ,  0.022768, 0.025933 
  -0.145053 ,  0.024754, 0.025180 
  -0.146803 ,  0.027127, 0.022027 
  -0.148455 ,  0.029875, 0.017008 
  -0.150006 ,  0.032981, 0.010838 
  -0.151457 ,  0.036424, 0.004319 
  -0.152805 ,  0.040178, -0.001757 
  -0.154050 ,  0.044211, -0.006701 
  -0.155191 ,  0.048489, -0.009995 
  -0.156227 ,  0.052974, -0.011345 
  -0.157158 ,  0.057625, -0.010694 
  -0.157982 ,  0.062399, -0.008205 
  -0.158699 ,  0.067250, -0.004232 
  -0.159310 ,  0.072130, 0.000749 
  -0.159813 ,  0.076992, 0.006193 
  -0.160208 ,  0.081787, 0.011560 
  -0.160495 ,  0.086466, 0.016367 
  -0.160675 ,  0.090983, 0.020231 
  -0.160746 ,  0.095289, 0.022891 
  -0.160710 ,  0.099340, 0.024217 
  -0.160566 ,  0.103093, 0.024201 
  -0.160315 ,  0.106506, 0.022931 
  -0.159957 ,  0.109542, 0.020569 
  -0.159493 ,  0.112167, 0.017317 
  -0.158923 ,  0.114348, 0.013396 
  -0.158247 ,  0.116059, 0.009024 
  -0.157467 ,  0.117275, 0.004406 
  -0.156584 ,  0.117978, -0.000275 
  -0.155597 ,  0.118152, -0.004856 
  -0.154509 ,  0.117786, -0.009190 
  -0.153320 ,  0.116873, -0.013145 
  -0.152032 ,  0.115412, -0.016600 
  -0.150645 ,  0.113403, -0.019451 
  -0.149161 ,  0.110854, -0.021611 
  -0.147581 ,  0.107775, -0.023015 
  -0.145906 ,  0.104178, -0.023633 
  -0.144139 ,  0.100083, -0.023469 
  -0.142281 ,  0.095509, -0.022563 
  -0.140332 ,  0.090481, -0.020994 
  -0.138296 ,  0.085025, -0.018868 
  -0.136174 ,  0.079172, -0.016313 
  -0.133967 ,  0.072952, -0.013462 
  -0.131678 ,  0.066399, -0.010447 
  -0.129308 ,  0.059548, -0.007384 
  -0.126860 ,  0.052435, -0.004372 
  -0.124335 ,  0.045098, -0.001489 
  -0.121736 ,  0.037575, 0.001204 
  -0.119065 ,  0.029904, 0.003657 
  -0.116323 ,  0.022123, 0.005824 
  -0.113514 ,  0.014271, 0.007657 
  -0.110640 ,  0.006385, 0.009101 
  -0.107702 ,  -0.001498, 0.010103 
  -0.104703 ,  -0.009342, 0.010610 
  -0.101647 ,  -0.017112, 0.010589 
  -0.098534 ,  -0.024775, 0.010037 
  -0.095368 ,  -0.032297, 0.008997 
  -0.092152 ,  -0.039649, 0.007563 
  -0.088887 ,  -0.046802, 0.005888 
  -0.085576 ,  -0.053728, 0.004172 
  -0.082222 ,  -0.060402, 0.002648 
  -0.078828 ,  -0.066800, 0.001555 
  -0.075396 ,  -0.072901, 0.001103 
  -0.071929 ,  -0.078684, 0.001445 
  -0.068430 ,  -0.084133, 0.002645 
  -0.064901 ,  -0.089231, 0.004655 
  -0.061345 ,  -0.093963, 0.007312 
  -0.057765 ,  -0.098319, 0.010345 
  -0.054163 ,  -0.102287, 0.013402 
  -0.050543 ,  -0.105859, 0.016085 
  -0.046907 ,  -0.109028, 0.018004 
  -0.043258 ,  -0.111789, 0.018826 
  -0.039598 ,  -0.114138, 0.018320 
  -0.035930 ,  -0.116074, 0.016396 
  -0.032258 ,  -0.117596, 0.013118 
  -0.028583 ,  -0.118707, 0.008706 
  -0.024909 ,  -0.119408, 0.003508 
  -0.021239 ,  -0.119704, -0.002039 
  -0.017574 ,  -0.119601, -0.007464 
  -0.013919 ,  -0.119107, -0.012323 
  -0.010274 ,  -0.118229, -0.016252 
  -0.006644 ,  -0.116979, -0.019009 
  -0.003031 ,  -0.115368, -0.020502 
  0.000563 ,  -0.113408, -0.020786 
  0.004135 ,  -0.111115, -0.020047 
  0.007683 ,  -0.108503, -0.018565 
  0.011203 ,  -0.105589, -0.016659 
  0.014693 ,  -0.102393, -0.014635 
  0.018151 ,  -0.098932, -0.012735 
  0.021575 ,  -0.095227, -0.011104 
  0.024961 ,  -0.091300, -0.009771 
  0.028308 ,  -0.087174, -0.008653 
  0.031613 ,  -0.082872, -0.007586 
  0.034874 ,  -0.078417, -0.006365 
  0.038089 ,  -0.073836, -0.004794 
  0.041254 ,  -0.069154, -0.002740 
  0.044369 ,  -0.064396, -0.000173 
  0.047431 ,  -0.059590, 0.002812 
  0.050438 ,  -0.054761, 0.005996 
  0.053388 ,  -0.049937, 0.009059 
  0.056279 ,  -0.045142, 0.011625 
  0.059108 ,  -0.040405, 0.013328 
  0.061875 ,  -0.035748, 0.013872 
  0.064577 ,  -0.031199, 0.013090 
  0.067212 ,  -0.026778, 0.010991 
  0.069779 ,  -0.022510, 0.007772 
  0.072276 ,  -0.018415, 0.003810 
  0.074702 ,  -0.014512, -0.000386 
  0.077054 ,  -0.010819, -0.004236 
  0.079333 ,  -0.007352, -0.007174 
  0.081535 ,  -0.004124, -0.008734 
  0.083660 ,  -0.001146, -0.008619 
  0.085706 ,  0.001572, -0.006761 
  0.087673 ,  0.004026, -0.003335 
  0.089558 ,  0.006211, 0.001254 
  0.091362 ,  0.008126, 0.006420 
  0.093083 ,  0.009774, 0.011480 
  0.094720 ,  0.011158, 0.015751 
  0.096272 ,  0.012287, 0.018647 
  0.097738 ,  0.013171, 0.019769 
  0.099119 ,  0.013822, 0.018971 
  0.100412 ,  0.014256, 0.016379 
  0.101618 ,  0.014491, 0.012379 
  0.102736 ,  0.014547, 0.007561 
  0.103765 ,  0.014446, 0.002628 
  0.104706 ,  0.014213, -0.001710 
  0.105557 ,  0.013873, -0.004849 
  0.106319 ,  0.013453, -0.006388 
  0.106992 ,  0.012982, -0.006196 
  0.107576 ,  0.012488, -0.004443 
  0.108070 ,  0.012001, -0.001573 
  0.108474 ,  0.011552, 0.001751 
  0.108790 ,  0.011168, 0.004754 
  0.109016 ,  0.010880, 0.006667 
  0.109154 ,  0.010716, 0.006855 
  0.109204 ,  0.010703, 0.004926 
  0.109166 ,  0.010865, 0.000806 
  0.109040 ,  0.011227, -0.005228 
  0.108829 ,  0.011811, -0.012571 
  0.108531 ,  0.012635, -0.020360 
  0.108148 ,  0.013716, -0.027593 
  0.107681 ,  0.015068, -0.033260 
  0.107130 ,  0.016701, -0.036495 
  0.106498 ,  0.018623, -0.036708 
  0.105783 ,  0.020837, -0.033673 
  0.104989 ,  0.023344, -0.027581 
  0.104115 ,  0.026141, -0.019025 
  0.103164 ,  0.029221, -0.008932 
  0.102136 ,  0.032574, 0.001557 
  0.101033 ,  0.036185, 0.011233 
  0.099856 ,  0.040039, 0.018987 
  0.098607 ,  0.044114, 0.023960 
  0.097287 ,  0.048386, 0.025660 
  0.095899 ,  0.052830, 0.024037 
  0.094443 ,  0.057415, 0.019490 
  0.092921 ,  0.062111, 0.012815 
  0.091336 ,  0.066882, 0.005097 
  0.089689 ,  0.071695, -0.002431 
  0.087982 ,  0.076510, -0.008567 
  0.086217 ,  0.081291, -0.012294 
  0.084396 ,  0.085998, -0.012928 
  0.082521 ,  0.090592, -0.010206 
  0.080594 ,  0.095033, -0.004330 
  0.078617 ,  0.099282, 0.004065 
  0.076592 ,  0.103301, 0.013989 
  0.074523 ,  0.107053, 0.024229 
  0.072410 ,  0.110502, 0.033506 
  0.070256 ,  0.113614, 0.040641 
  0.068064 ,  0.116358, 0.044703 
  0.065836 ,  0.118704, 0.045125 
  0.063575 ,  0.120626, 0.041764 
  0.061282 ,  0.122100, 0.034911 
  0.058960 ,  0.123107, 0.025240 
  0.056612 ,  0.123628, 0.013715 
  0.054240 ,  0.123650, 0.001455 
  0.051847 ,  0.123164, -0.010405 
  0.049434 ,  0.122163, -0.020856 
  0.047006 ,  0.120645, -0.029123 
  0.044564 ,  0.118612, -0.034749 
  0.042111 ,  0.116067, -0.037614 
  0.039649 ,  0.113020, -0.037923 
  0.037181 ,  0.109482, -0.036143 
  0.034710 ,  0.105468, -0.032907 
  0.032238 ,  0.100998, -0.028910 
  0.029768 ,  0.096093, -0.024799 
  0.027302 ,  0.090776, -0.021084 
  0.024843 ,  0.085074, -0.018076 
  0.022393 ,  0.079016, -0.015861 
  0.019955 ,  0.072632, -0.014315 
  0.017532 ,  0.065955, -0.013147 
  0.015125 ,  0.059018, -0.011975 
  0.012739 ,  0.051856, -0.010408 
  0.010374 ,  0.044503, -0.008124 
  0.008033 ,  0.036996, -0.004941 
  0.005719 ,  0.029369, -0.000852 
  0.003435 ,  0.021657, 0.003962 
  0.001182 ,  0.013896, 0.009155 
  -0.001038 ,  0.006118, 0.014271 
  -0.003221 ,  -0.001643, 0.018813 
  -0.005366 ,  -0.009356, 0.022320 
  -0.007470 ,  -0.016992, 0.024440 
  -0.009531 ,  -0.024522, 0.024994 
  -0.011548 ,  -0.031921, 0.023996 
  -0.013518 ,  -0.039164, 0.021665 
  -0.015439 ,  -0.046229, 0.018390 
  -0.017309 ,  -0.053096, 0.014670 
  -0.019126 ,  -0.059748, 0.011049 
  -0.020889 ,  -0.066170, 0.008028 
  -0.022595 ,  -0.072348, 0.005989 
  -0.024243 ,  -0.078273, 0.005144 
  -0.025831 ,  -0.083934, 0.005494 
  -0.027358 ,  -0.089326, 0.006831 
  -0.028822 ,  -0.094445, 0.008767 
  -0.030221 ,  -0.099286, 0.010788 
  -0.031555 ,  -0.103851, 0.012334 
  -0.032821 ,  -0.108138, 0.012878 
  -0.034019 ,  -0.112150, 0.012009 
  -0.035147 ,  -0.115890, 0.009498 
  -0.036204 ,  -0.119363, 0.005335 
  -0.037190 ,  -0.122572, -0.000258 
  -0.038102 ,  -0.125525, -0.006848 
  -0.038941 ,  -0.128225, -0.013844 
  -0.039705 ,  -0.130681, -0.020565 
  -0.040394 ,  -0.132898, -0.026330 
  -0.041006 ,  -0.134882, -0.030540 
  -0.041543 ,  -0.136638, -0.032751 
  -0.042002 ,  -0.138173, -0.032732 
  -0.042383 ,  -0.139490, -0.030488 
  -0.042687 ,  -0.140595, -0.026261 
  -0.042913 ,  -0.141489, -0.020490 
  -0.043060 ,  -0.142174, -0.013759 
  -0.043129 ,  -0.142653, -0.006722 
  -0.043119 ,  -0.142925, -0.000027 
  -0.043032 ,  -0.142988, 0.005767 
  -0.042866 ,  -0.142841, 0.010240 
  -0.042622 ,  -0.142481, 0.013159 
  -0.042301 ,  -0.141902, 0.014484 
  -0.041902 ,  -0.141100, 0.014360 
  -0.041427 ,  -0.140067, 0.013080 
  -0.040875 ,  -0.138798, 0.011033 
  -0.040248 ,  -0.137283, 0.008644 
  -0.039546 ,  -0.135514, 0.006310 
  -0.038771 ,  -0.133482, 0.004356 
  -0.037922 ,  -0.131177, 0.002990 
  -0.037001 ,  -0.128589, 0.002297 
  -0.036009 ,  -0.125708, 0.002236 
  -0.034947 ,  -0.122525, 0.002666 
  -0.033817 ,  -0.119029, 0.003382 
  -0.032619 ,  -0.115213, 0.004159 
  -0.031355 ,  -0.111066, 0.004793 
  -0.030026 ,  -0.106583, 0.005136 
  -0.028634 ,  -0.101756, 0.005122 
  -0.027180 ,  -0.096580, 0.004765 
  -0.025666 ,  -0.091051, 0.004157 
  -0.024094 ,  -0.085167, 0.003437 
  -0.022465 ,  -0.078926, 0.002763 
  -0.020781 ,  -0.072331, 0.002268 
  -0.019044 ,  -0.065383, 0.002038 
  -0.017257 ,  -0.058089, 0.002078 
  -0.015420 ,  -0.050455, 0.002314 
  -0.013536 ,  -0.042492, 0.002594 
  -0.011607 ,  -0.034210, 0.002714 
  -0.009636 ,  -0.025625, 0.002455 
  -0.007623 ,  -0.016753, 0.001624 
  -0.005573 ,  -0.007614, 0.000093 
  -0.003486 ,  0.001772, -0.002163 
  -0.001365 ,  0.011379, -0.005051 
  0.000787 ,  0.021181, -0.008353 
  0.002968 ,  0.031149, -0.011748 
  0.005176 ,  0.041253, -0.014845 
  0.007408 ,  0.051459, -0.017230 
  0.009662 ,  0.061733, -0.018527 
  0.011936 ,  0.072037, -0.018447 
  0.014226 ,  0.082332, -0.016834 
  0.016530 ,  0.092579, -0.013696 
  0.018846 ,  0.102736, -0.009209 
  0.021171 ,  0.112760, -0.003709 
  0.023503 ,  0.122609, 0.002350 
  0.025838 ,  0.132238, 0.008444 
  0.028175 ,  0.141602, 0.014038 
  0.030511 ,  0.150658, 0.018650 
  0.032843 ,  0.159362, 0.021904 
  0.035168 ,  0.167668, 0.023568 
  0.037484 ,  0.175535, 0.023571 
  0.039789 ,  0.182920, 0.022005 
  0.042079 ,  0.189782, 0.019095 
  0.044352 ,  0.196082, 0.015164 
  0.046607 ,  0.201783, 0.010586 
  0.048839 ,  0.206850, 0.005730 
  0.051046 ,  0.211250, 0.000922 
  0.053227 ,  0.214953, -0.003589 
  0.055379 ,  0.217931, -0.007640 
  0.057498 ,  0.220162, -0.011158 
  0.059583 ,  0.221623, -0.014131 
  0.061632 ,  0.222299, -0.016583 
  0.063641 ,  0.222175, -0.018541 
  0.065610 ,  0.221244, -0.020000 
  0.067534 ,  0.219498, -0.020908 
  0.069413 ,  0.216938, -0.021157 
  0.071244 ,  0.213566, -0.020600 
  0.073025 ,  0.209390, -0.019078 
  0.074753 ,  0.204421, -0.016459 
  0.076427 ,  0.198675, -0.012682 
  0.078045 ,  0.192173, -0.007801 
  0.079605 ,  0.184938, -0.002002 
  0.081104 ,  0.177000, 0.004379 
  0.082542 ,  0.168391, 0.010884 
  0.083915 ,  0.159147, 0.016964 
  0.085224 ,  0.149308, 0.022047 
  0.086465 ,  0.138917, 0.025606 
  0.087638 ,  0.128020, 0.027233 
  0.088740 ,  0.116667, 0.026707 
  0.089771 ,  0.104909, 0.024036 
  0.090729 ,  0.092801, 0.019468 
  0.091613 ,  0.080397, 0.013479 
  0.092421 ,  0.067756, 0.006720 
  0.093152 ,  0.054936, -0.000064 
  0.093806 ,  0.041996, -0.006124 
  0.094381 ,  0.028996, -0.010808 
  0.094876 ,  0.015995, -0.013649 
  0.095290 ,  0.003052, -0.014428 
  0.095623 ,  -0.009773, -0.013210 
  0.095874 ,  -0.022424, -0.010326 
  0.096042 ,  -0.034845, -0.006336 
  0.096126 ,  -0.046983, -0.001937 
  0.096127 ,  -0.058786, 0.002127 
  0.096043 ,  -0.070206, 0.005187 
  0.095875 ,  -0.081196, 0.006738 
  0.095622 ,  -0.091715, 0.006522 
  0.095284 ,  -0.101722, 0.004564 
  0.094861 ,  -0.111183, 0.001169 
  0.094352 ,  -0.120067, -0.003122 
  0.093759 ,  -0.128345, -0.007617 
  0.093080 ,  -0.135994, -0.011573 
  0.092317 ,  -0.142996, -0.014317 
  0.091469 ,  -0.149336, -0.015344 
  0.090538 ,  -0.155003, -0.014402 
  0.089522 ,  -0.159991, -0.011530 
  0.088424 ,  -0.164298, -0.007058 
  0.087243 ,  -0.167926, -0.001558 
  0.085980 ,  -0.170881, 0.004235 
  0.084636 ,  -0.173174, 0.009540 
  0.083211 ,  -0.174818, 0.013639 
  0.081708 ,  -0.175829, 0.015988 
  0.080126 ,  -0.176228, 0.016298 
  0.078466 ,  -0.176037, 0.014572 
  0.076730 ,  -0.175282, 0.011107 
  0.074919 ,  -0.173990, 0.006442 
  0.073034 ,  -0.172191, 0.001276 
  0.071076 ,  -0.169915, -0.003647 
  0.069047 ,  -0.167194, -0.007647 
  0.066948 ,  -0.164062, -0.010216 
  0.064780 ,  -0.160551, -0.011091 
  0.062546 ,  -0.156697, -0.010291 
  0.060247 ,  -0.152531, -0.008106 
  0.057883 ,  -0.148087, -0.005043 
  0.055458 ,  -0.143398, -0.001734 
  0.052973 ,  -0.138495, 0.001167 
  0.050429 ,  -0.133407, 0.003104 
  0.047828 ,  -0.128164, 0.003712 
  0.045173 ,  -0.122793, 0.002882 
  0.042465 ,  -0.117319, 0.000783 
  0.039707 ,  -0.111765, -0.002161 
  0.036900 ,  -0.106153, -0.005339 
  0.034046 ,  -0.100502, -0.008057 
  0.031147 ,  -0.094828, -0.009654 
  0.028207 ,  -0.089147, -0.009617 
  0.025225 ,  -0.083473, -0.007678 
  0.022206 ,  -0.077815, -0.003870 
  0.019151 ,  -0.072183, 0.001461 
  0.016063 ,  -0.066585, 0.007697 
  0.012943 ,  -0.061026, 0.014026 
  0.009795 ,  -0.055509, 0.019568 
  0.006619 ,  -0.050039, 0.023497 
  0.003420 ,  -0.044617, 0.025173 
  0.000198 ,  -0.039243, 0.024241 
  -0.003042 ,  -0.033918, 0.020693 
  -0.006301 ,  -0.028642, 0.014874 
  -0.009573 ,  -0.023414, 0.007444 
  -0.012858 ,  -0.018233, -0.000716 
  -0.016153 ,  -0.013099, -0.008625 
  -0.019456 ,  -0.008013, -0.015340 
  -0.022763 ,  -0.002973, -0.020093 
  -0.026073 ,  0.002018, -0.022391 
  -0.029383 ,  0.006958, -0.022084 
  -0.032690 ,  0.011845, -0.019379 
  -0.035993 ,  0.016675, -0.014801 
  -0.039289 ,  0.021442, -0.009105 
  -0.042575 ,  0.026141, -0.003163 
  -0.045849 ,  0.030765, 0.002171 
  -0.049109 ,  0.035304, 0.006183 
  -0.052352 ,  0.039750, 0.008403 
  -0.055576 ,  0.044092, 0.008662 
  -0.058779 ,  0.048318, 0.007102 
  -0.061957 ,  0.052417, 0.004141 
  -0.065110 ,  0.056375, 0.000391 
  -0.068234 ,  0.060180, -0.003447 
  -0.071327 ,  0.063817, -0.006704 
  -0.074388 ,  0.067275, -0.008848 
  -0.077413 ,  0.070538, -0.009566 
  -0.080401 ,  0.073594, -0.008808 
  -0.083350 ,  0.076430, -0.006785 
  -0.086257 ,  0.079036, -0.003918 
  -0.089120 ,  0.081399, -0.000760 
  -0.091937 ,  0.083512, 0.002108 
  -0.094707 ,  0.085367, 0.004185 
  -0.097427 ,  0.086956, 0.005133 
  -0.100096 ,  0.088276, 0.004849 
  -0.102710 ,  0.089325, 0.003472 
  -0.105269 ,  0.090101, 0.001369 
  -0.107771 ,  0.090608, -0.000935 
  -0.110214 ,  0.090849, -0.002853 
  -0.112596 ,  0.090830, -0.003834 
  -0.114916 ,  0.090561, -0.003475 
  -0.117171 ,  0.090052, -0.001597 
  -0.119361 ,  0.089316, 0.001711 
  -0.121483 ,  0.088369, 0.006091 
  -0.123537 ,  0.087227, 0.010961 
  -0.125520 ,  0.085909, 0.015599 
  -0.127431 ,  0.084436, 0.019253 
  -0.129270 ,  0.082830, 0.021260 
  -0.131034 ,  0.081113, 0.021152 
  -0.132722 ,  0.079309, 0.018740 
  -0.134334 ,  0.077441, 0.014152 
  -0.135868 ,  0.075535, 0.007824 
  -0.137323 ,  0.073613, 0.000452 
  -0.138698 ,  0.071700, -0.007111 
  -0.139992 ,  0.069819, -0.013965 
  -0.141203 ,  0.067991, -0.019295 
  -0.142333 ,  0.066236, -0.022481 
  -0.143378 ,  0.064573, -0.023187 
  -0.144339 ,  0.063018, -0.021402 
  -0.145215 ,  0.061586, -0.017437 
  -0.146006 ,  0.060287, -0.011878 
  -0.146710 ,  0.059130, -0.005493 
  -0.147328 ,  0.058122, 0.000877 
  -0.147858 ,  0.057264, 0.006433 
  -0.148301 ,  0.056557, 0.010534 
  -0.148655 ,  0.055997, 0.012769 
  -0.148922 ,  0.055576, 0.013007 
  -0.149100 ,  0.055285, 0.011390 
  -0.149190 ,  0.055110, 0.008300 
  -0.149190 ,  0.055035, 0.004280 
  -0.149103 ,  0.055040, -0.000058 
  -0.148926 ,  0.055104, -0.004125 
  -0.148661 ,  0.055202, -0.007448 
  -0.148307 ,  0.055307, -0.009721 
  -0.147865 ,  0.055392, -0.010840 
  -0.147336 ,  0.055427, -0.010892 
  -0.146718 ,  0.055380, -0.010116 
  -0.146013 ,  0.055221, -0.008837 
  -0.145221 ,  0.054917, -0.007399 
  -0.144343 ,  0.054438, -0.006086 
  -0.143379 ,  0.053752, -0.005076 
  -0.142330 ,  0.052828, -0.004403 
  -0.141196 ,  0.051640, -0.003964 
  -0.139979 ,  0.050161, -0.003546 
  -0.138678 ,  0.048365, -0.002876 
  -0.137295 ,  0.046232, -0.001690 
  -0.135831 ,  0.043744, 0.000202 
  -0.134287 ,  0.040885, 0.002864 
  -0.132663 ,  0.037643, 0.006204 
  -0.130961 ,  0.034012, 0.009973 
  -0.129181 ,  0.029988, 0.013790 
  -0.127326 ,  0.025572, 0.017203 
  -0.125396 ,  0.020769, 0.019754 
  -0.123392 ,  0.015589, 0.021062 
  -0.121316 ,  0.010045, 0.020886 
  -0.119169 ,  0.004156, 0.019173 
  -0.116953 ,  -0.002055, 0.016077 
  -0.114668 ,  -0.008562, 0.011939 
  -0.112317 ,  -0.015334, 0.007245 
  -0.109902 ,  -0.022338, 0.002546 
  -0.107423 ,  -0.029535, -0.001623 
  -0.104882 ,  -0.036887, -0.004829 
  -0.102281 ,  -0.044349, -0.006808 
  -0.099622 ,  -0.051877, -0.007514 
  -0.096906 ,  -0.059425, -0.007119 
  -0.094136 ,  -0.066944, -0.005986 
  -0.091313 ,  -0.074387, -0.004611 
  -0.088439 ,  -0.081705, -0.003530 
  -0.085517 ,  -0.088849, -0.003230 
  -0.082547 ,  -0.095772, -0.004060 
  -0.079532 ,  -0.102428, -0.006156 
  -0.076474 ,  -0.108772, -0.009412 
  -0.073376 ,  -0.114762, -0.013483 
  -0.070238 ,  -0.120359, -0.017822 
  -0.067064 ,  -0.125526, -0.021765 
  -0.063856 ,  -0.130229, -0.024627 
  -0.060615 ,  -0.134439, -0.025808 
  -0.057344 ,  -0.138132, -0.024893 
  -0.054046 ,  -0.141285, -0.021727 
  -0.050722 ,  -0.143882, -0.016443 
  -0.047375 ,  -0.145910, -0.009464 
  -0.044006 ,  -0.147362, -0.001448 
  -0.040620 ,  -0.148234, 0.006796 
  -0.037217 ,  -0.148528, 0.014418 
  -0.033800 ,  -0.148249, 0.020641 
  -0.030371 ,  -0.147408, 0.024868 
  -0.026934 ,  -0.146019, 0.026760 
  -0.023489 ,  -0.144099, 0.026282 
  -0.020041 ,  -0.141670, 0.023695 
  -0.016591 ,  -0.138756, 0.019513 
  -0.013141 ,  -0.135387, 0.014422 
  -0.009694 ,  -0.131591, 0.009174 
  -0.006253 ,  -0.127400, 0.004477 
  -0.002819 ,  -0.122850, 0.000888 
  0.000604 ,  -0.117973, -0.001258 
  0.004015 ,  -0.112808, -0.001889 
  0.007410 ,  -0.107389, -0.001198 
  0.010788 ,  -0.101753, 0.000407 
  0.014146 ,  -0.095936, 0.002376 
  0.017481 ,  -0.089972, 0.004116 
  0.020792 ,  -0.083894, 0.005094 
  0.024075 ,  -0.077735, 0.004931 
  0.027329 ,  -0.071525, 0.003462 
  0.030551 ,  -0.065291, 0.000774 
  0.033739 ,  -0.059059, -0.002814 
  0.036890 ,  -0.052850, -0.006795 
  0.040003 ,  -0.046687, -0.010559 
  0.043074 ,  -0.040584, -0.013493 
  0.046103 ,  -0.034557, -0.015078 
  0.049086 ,  -0.028618, -0.014986 
  0.052021 ,  -0.022773, -0.013131 
  0.054907 ,  -0.017030, -0.009701 
  0.057740 ,  -0.011392, -0.005133 
  0.060520 ,  -0.005859, -0.000058 
  0.063244 ,  -0.000429, 0.004789 
  0.065910 ,  0.004900, 0.008677 
  0.068516 ,  0.010134, 0.010985 
  0.071061 ,  0.015279, 0.011300 
  0.073542 ,  0.020343, 0.009484 
  0.075958 ,  0.025334, 0.005700 
  0.078306 ,  0.030261, 0.000400 
  0.080586 ,  0.035132, -0.005734 
  0.082795 ,  0.039957, -0.011876 
  0.084932 ,  0.044743, -0.017171 
  0.086996 ,  0.049496, -0.020846 
  0.088985 ,  0.054223, -0.022320 
  0.090897 ,  0.058928, -0.021283 
  0.092732 ,  0.063613, -0.017738 
  0.094488 ,  0.068280, -0.012007 
  0.096163 ,  0.072926, -0.004685 
  0.097757 ,  0.077548, 0.003432 
  0.099268 ,  0.082140, 0.011450 
  0.100696 ,  0.086694, 0.018494 
  0.102040 ,  0.091199, 0.023815 
  0.103298 ,  0.095642, 0.026881 
  0.104470 ,  0.100008, 0.027440 
  0.105556 ,  0.104280, 0.025543 
  0.106554 ,  0.108438, 0.021528 
  0.107463 ,  0.112462, 0.015964 
  0.108285 ,  0.116330, 0.009576 
  0.109017 ,  0.120018, 0.003141 
  0.109661 ,  0.123503, -0.002611 
  0.110215 ,  0.126758, -0.007088 
  0.110679 ,  0.129759, -0.009905 
  0.111053 ,  0.132482, -0.010927 
  0.111338 ,  0.134902, -0.010264 
  0.111533 ,  0.136995, -0.008253 
  0.111639 ,  0.138740, -0.005393 
  0.111656 ,  0.140115, -0.002267 
  0.111583 ,  0.141103, 0.000537 
  0.111422 ,  0.141686, 0.002519 
  0.111173 ,  0.141850, 0.003326 
  0.110837 ,  0.141585, 0.002802 
  0.110414 ,  0.140882, 0.001004 
  0.109905 ,  0.139735, -0.001811 
  0.109311 ,  0.138144, -0.005230 
  0.108633 ,  0.136108, -0.008741 
  0.107872 ,  0.133634, -0.011811 
  0.107028 ,  0.130728, -0.013956 
  0.106104 ,  0.127403, -0.014813 
  0.105100 ,  0.123673, -0.014188 
  0.104017 ,  0.119555, -0.012079 
  0.102858 ,  0.115071, -0.008679 
  0.101623 ,  0.110244, -0.004350 
  0.100315 ,  0.105098, 0.000431 
  0.098934 ,  0.099662, 0.005128 
  0.097483 ,  0.093966, 0.009221 
  0.095963 ,  0.088038, 0.012270 
  0.094376 ,  0.081912, 0.013967 
  0.092725 ,  0.075620, 0.014179 
  0.091010 ,  0.069193, 0.012951 
  0.089235 ,  0.062664, 0.010502 
  0.087401 ,  0.056065, 0.007188 
  0.085510 ,  0.049426, 0.003449 
  0.083566 ,  0.042777, -0.000244 
  0.081569 ,  0.036144, -0.003457 
  0.079523 ,  0.029554, -0.005845 
  0.077430 ,  0.023029, -0.007192 
  0.075293 ,  0.016590, -0.007431 
  0.073114 ,  0.010255, -0.006644 
  0.070895 ,  0.004038, -0.005044 
  0.068639 ,  -0.002049, -0.002933 
  0.066350 ,  -0.007997, -0.000658 
  0.064029 ,  -0.013801, 0.001444 
  0.061679 ,  -0.019458, 0.003091 
  0.059304 ,  -0.024969, 0.004095 
  0.056905 ,  -0.030338, 0.004381 
  0.054487 ,  -0.035569, 0.003992 
  0.052052 ,  -0.040673, 0.003071 
  0.049602 ,  -0.045659, 0.001833 
  0.047140 ,  -0.050539, 0.000529 
  0.044671 ,  -0.055328, -0.000602 
  0.042196 ,  -0.060040, -0.001368 
  0.039718 ,  -0.064690, -0.001650 
  0.037241 ,  -0.069295, -0.001423 
  0.034767 ,  -0.073869, -0.000749 
  0.032300 ,  -0.078426, 0.000237 
  0.029842 ,  -0.082982, 0.001352 
  0.027396 ,  -0.087546, 0.002406 
  0.024966 ,  -0.092130, 0.003228 
  0.022554 ,  -0.096739, 0.003702 
  0.020163 ,  -0.101380, 0.003780 
  0.017797 ,  -0.106054, 0.003490 
  0.015457 ,  -0.110759, 0.002924 
  0.013148 ,  -0.115489, 0.002213 
  0.010871 ,  -0.120236, 0.001501 
  0.008629 ,  -0.124987, 0.000909 
  0.006426 ,  -0.129724, 0.000508 
  0.004264 ,  -0.134426, 0.000298 
  0.002145 ,  -0.139069, 0.000205 
  0.000073 ,  -0.143624, 0.000091 
  -0.001950 ,  -0.148059, -0.000222 
  -0.003922 ,  -0.152339, -0.000913 
  -0.005840 ,  -0.156424, -0.002123 
  -0.007702 ,  -0.160274, -0.003917 
  -0.009505 ,  -0.163846, -0.006258 
  -0.011247 ,  -0.167094, -0.008990 
  -0.012926 ,  -0.169972, -0.011849 
  -0.014540 ,  -0.172434, -0.014488 
  -0.016086 ,  -0.174432, -0.016522 
  -0.017563 ,  -0.175919, -0.017580 
  -0.018969 ,  -0.176851, -0.017365 
  -0.020302 ,  -0.177185, -0.015704 
  -0.021560 ,  -0.176878, -0.012585 
  -0.022742 ,  -0.175893, -0.008171 
  -0.023845 ,  -0.174197, -0.002790 
  -0.024869 ,  -0.171758, 0.003099 
  -0.025813 ,  -0.168551, 0.008960 
  -0.026674 ,  -0.164557, 0.014250 
  -0.027452 ,  -0.159761, 0.018485 
  -0.028146 ,  -0.154155, 0.021310 
  -0.028754 ,  -0.147737, 0.022539 
  -0.029277 ,  -0.140512, 0.022177 
  -0.029712 ,  -0.132492, 0.020419 
  -0.030060 ,  -0.123696, 0.017611 
  -0.030320 ,  -0.114149, 0.014197 
  -0.030491 ,  -0.103885, 0.010654 
  -0.030574 ,  -0.092944, 0.007414 
  -0.030567 ,  -0.081371, 0.004810 
  -0.030472 ,  -0.069220, 0.003024 
  -0.030287 ,  -0.056550, 0.002072 
  -0.030013 ,  -0.043424, 0.001812 
  -0.029651 ,  -0.029913, 0.001974 
  -0.029200 ,  -0.016090, 0.002218 
  -0.028662 ,  -0.002033, 0.002198 
  -0.028036 ,  0.012176, 0.001622 
  -0.027323 ,  0.026455, 0.000307 
  -0.026526 ,  0.040718, -0.001788 
  -0.025643 ,  0.054879, -0.004558 
  -0.024676 ,  0.068851, -0.007769 
  -0.023627 ,  0.082549, -0.011098 
  -0.022497 ,  0.095889, -0.014194 
  -0.021287 ,  0.108789, -0.016734 
  -0.019999 ,  0.121170, -0.018480 
  -0.018634 ,  0.132957, -0.019315 
  -0.017194 ,  0.144079, -0.019260 
  -0.015681 ,  0.154471, -0.018458 
  -0.014097 ,  0.164074, -0.017141 
  -0.012443 ,  0.172833, -0.015574 
  -0.010723 ,  0.180703, -0.014001 
  -0.008937 ,  0.187644, -0.012580 
  -0.007089 ,  0.193624, -0.011352 
  -0.005181 ,  0.198619, -0.010220 
  -0.003216 ,  0.202612, -0.008966 
  -0.001196 ,  0.205596, -0.007292 
  0.000877 ,  0.207570, -0.004884 
  0.002999 ,  0.208541, -0.001488 
  0.005168 ,  0.208526, 0.003019 
  0.007381 ,  0.207545, 0.008571 
  0.009634 ,  0.205630, 0.014888 
  0.011925 ,  0.202817, 0.021483 
  0.014250 ,  0.199148, 0.027715 
  0.016607 ,  0.194671, 0.032861 
  0.018992 ,  0.189439, 0.036229 
  0.021401 ,  0.183511, 0.037260 
  0.023832 ,  0.176947, 0.035634 
  0.026281 ,  0.169813, 0.031333 
  0.028744 ,  0.162174, 0.024675 
  0.031218 ,  0.154099, 0.016285 
  0.033700 ,  0.145657, 0.007032 
  0.036186 ,  0.136917, -0.002091 
  0.038671 ,  0.127947, -0.010096 
  0.041154 ,  0.118815, -0.016148 
  0.043630 ,  0.109585, -0.019687 
  0.046095 ,  0.100320, -0.020511 
  0.048546 ,  0.091079, -0.018811 
  0.050979 ,  0.081917, -0.015142 
  0.053390 ,  0.072886, -0.010339 
  0.055776 ,  0.064033, -0.005381 
  0.058133 ,  0.055399, -0.001239 
  0.060458 ,  0.047020, 0.001286 
  0.062746 ,  0.038929, 0.001701 
  0.064995 ,  0.031150, -0.000102 
  0.067201 ,  0.023704, -0.003813 
  0.069359 ,  0.016605, -0.008752 
  0.071467 ,  0.009863, -0.013982 
  0.073522 ,  0.003483, -0.018460 
  0.075519 ,  -0.002537, -0.021221 
  0.077456 ,  -0.008202, -0.021549 
  0.079328 ,  -0.013522, -0.019116 
  0.081134 ,  -0.018510, -0.014063 
  0.082869 ,  -0.023183, -0.006994 
  0.084530 ,  -0.027561, 0.001093 
  0.086115 ,  -0.031666, 0.008957 
  0.087620 ,  -0.035523, 0.015312 
  0.089043 ,  -0.039157, 0.019041 
  0.090381 ,  -0.042594, 0.019392 
  0.091630 ,  -0.045860, 0.016133 
  0.092789 ,  -0.048983, 0.009620 
  0.093855 ,  -0.051988, 0.000775 
  0.094825 ,  -0.054899, -0.009022 
  0.095697 ,  -0.057738, -0.018135 
  0.096468 ,  -0.060526, -0.024913 
  0.097138 ,  -0.063280, -0.027960 
  0.097702 ,  -0.066016, -0.026367 
  0.098161 ,  -0.068746, -0.019892 
  0.098511 ,  -0.071477, -0.009034 
  0.098751 ,  -0.074216, 0.004996 
  0.098880 ,  -0.076964, 0.020420 
  0.098896 ,  -0.079719, 0.035130 
  0.098798 ,  -0.082474, 0.046991 
  0.098584 ,  -0.085222, 0.054157 
  0.098254 ,  -0.087950, 0.055358 
  0.097807 ,  -0.090642, 0.050113 
  0.097242 ,  -0.093281, 0.038835 
  0.096558 ,  -0.095845, 0.022799 
  0.095755 ,  -0.098311, 0.003993 
  0.094832 ,  -0.100655, -0.015153 
  0.093789 ,  -0.102851, -0.032106 
  0.092626 ,  -0.104871, -0.044588 
  0.091344 ,  -0.106688, -0.050915 
  0.089942 ,  -0.108274, -0.050247 
  0.088420 ,  -0.109603, -0.042726 
  0.086780 ,  -0.110648, -0.029464 
  0.085022 ,  -0.111383, -0.012396 
  0.083146 ,  -0.111787, 0.005992 
  0.081153 ,  -0.111838, 0.023022 
  0.079045 ,  -0.111518, 0.036210 
  0.076823 ,  -0.110812, 0.043628 
  0.074488 ,  -0.109708, 0.044190 
  0.072041 ,  -0.108198, 0.037806 
  0.069485 ,  -0.106276, 0.025401 
  0.066820 ,  -0.103944, 0.008773 
  0.064049 ,  -0.101203, -0.009671 
  0.061174 ,  -0.098061, -0.027275 
  0.058197 ,  -0.094531, -0.041522 
  0.055120 ,  -0.090627, -0.050411 
  0.051945 ,  -0.086369, -0.052746 
  0.048676 ,  -0.081781, -0.048309 
  0.045315 ,  -0.076888, -0.037881 
  0.041864 ,  -0.071722, -0.023115 
  0.038326 ,  -0.066315, -0.006279 
  0.034705 ,  -0.060703, 0.010100 
  0.031004 ,  -0.054923, 0.023615 
  0.027225 ,  -0.049014, 0.032351 
  0.023373 ,  -0.043018, 0.035170 
  0.019450 ,  -0.036975, 0.031874 
  0.015460 ,  -0.030928, 0.023232 
  0.011407 ,  -0.024918, 0.010842 
  0.007294 ,  -0.018986, -0.003119 
  0.003126 ,  -0.013172, -0.016241 
  -0.001095 ,  -0.007513, -0.026264 
  -0.005363 ,  -0.002047, -0.031427 
  -0.009676 ,  0.003194, -0.030747 
  -0.014028 ,  0.008179, -0.024166 
  -0.018416 ,  0.012880, -0.012565 
  -0.022835 ,  0.017274, 0.002376 
  -0.027282 ,  0.021339, 0.018441 
  -0.031752 ,  0.025061, 0.033219 
  -0.036240 ,  0.028427, 0.044480 
  -0.040742 ,  0.031430, 0.050516 
  -0.045254 ,  0.034067, 0.050408 
  -0.049771 ,  0.036338, 0.044160 
  -0.054289 ,  0.038250, 0.032696 
  -0.058802 ,  0.039811, 0.017717 
  -0.063308 ,  0.041036, 0.001434 
  -0.067801 ,  0.041941, -0.013778 
  -0.072276 ,  0.042549, -0.025742 
  -0.076730 ,  0.042882, -0.032814 
  -0.081157 ,  0.042969, -0.034131 
  -0.085552 ,  0.042839, -0.029740 
  -0.089913 ,  0.042523, -0.020581 
  -0.094233 ,  0.042054, -0.008331 
  -0.098509 ,  0.041468, 0.004857 
  -0.102736 ,  0.040799, 0.016697 
  -0.106910 ,  0.040082, 0.025128 
  -0.111026 ,  0.039353, 0.028630 
  -0.115080 ,  0.038646, 0.026464 
  -0.119068 ,  0.037993, 0.018784 
  -0.122985 ,  0.037427, 0.006610 
  -0.126828 ,  0.036977, -0.008325 
  -0.130593 ,  0.036670, -0.023846 
  -0.134275 ,  0.036528, -0.037665 
  -0.137870 ,  0.036575, -0.047726 
  -0.141375 ,  0.036826, -0.052516 
  -0.144786 ,  0.037295, -0.051288 
  -0.148099 ,  0.037993, -0.044163 
  -0.151311 ,  0.038926, -0.032104 
  -0.154419 ,  0.040094, -0.016764 
  -0.157418 ,  0.041495, -0.000226 
  -0.160305 ,  0.043124, 0.015307 
  -0.163078 ,  0.044969, 0.027841 
  -0.165734 ,  0.047017, 0.035879 
  -0.168269 ,  0.049249, 0.038629 
  -0.170681 ,  0.051643, 0.036095 
  -0.172966 ,  0.054174, 0.029048 
  -0.175123 ,  0.056816, 0.018889 
  -0.177149 ,  0.059537, 0.007405 
  -0.179042 ,  0.062304, -0.003513 
  -0.180800 ,  0.065084, -0.012166 
  -0.182420 ,  0.067841, -0.017299 
  -0.183901 ,  0.070537, -0.018279 
  -0.185240 ,  0.073135, -0.015171 
  -0.186437 ,  0.075599, -0.008693 
  -0.187490 ,  0.077890, -0.000085 
  -0.188398 ,  0.079974, 0.009118 
  -0.189158 ,  0.081814, 0.017337 
  -0.189772 ,  0.083379, 0.023211 
  -0.190237 ,  0.084636, 0.025809 
  -0.190553 ,  0.085558, 0.024768 
  -0.190719 ,  0.086118, 0.020339 
  -0.190735 ,  0.086294, 0.013327 
  -0.190601 ,  0.086067, 0.004947 
  -0.190317 ,  0.085421, -0.003387 
  -0.189882 ,  0.084345, -0.010298 
  -0.189297 ,  0.082829, -0.014673 
  -0.188563 ,  0.080872, -0.015843 
  -0.187679 ,  0.078472, -0.013687 
  -0.186647 ,  0.075635, -0.008643 
  -0.185468 ,  0.072368, -0.001635 
  -0.184142 ,  0.068685, 0.006088 
  -0.182670 ,  0.064600, 0.013151 
  -0.181054 ,  0.060135, 0.018283 
  -0.179295 ,  0.055312, 0.020515 
  -0.177396 ,  0.050158, 0.019334 
  -0.175356 ,  0.044702, 0.014765 
  -0.173180 ,  0.038976, 0.007357 
  -0.170867 ,  0.033014, -0.001905 
  -0.168421 ,  0.026852, -0.011760 
  -0.165844 ,  0.020527, -0.020865 
  -0.163139 ,  0.014079, -0.028010 
  -0.160307 ,  0.007547, -0.032294 
  -0.157351 ,  0.000970, -0.033257 
  -0.154275 ,  -0.005613, -0.030935 
  -0.151081 ,  -0.012161, -0.025842 
  -0.147772 ,  -0.018636, -0.018868 
  -0.144351 ,  -0.025002, -0.011129 
  -0.140822 ,  -0.031223, -0.003784 
  -0.137188 ,  -0.037264, 0.002154 
  -0.133452 ,  -0.043094, 0.005969 
  -0.129618 ,  -0.048685, 0.007346 
  -0.125689 ,  -0.054008, 0.006403 
  -0.121670 ,  -0.059040, 0.003657 
  -0.117564 ,  -0.063761, -0.000080 
  -0.113375 ,  -0.068152, -0.003850 
  -0.109106 ,  -0.072199, -0.006709 
  -0.104763 ,  -0.075890, -0.007895 
  -0.100349 ,  -0.079218, -0.006948 
  -0.095868 ,  -0.082176, -0.003783 
  -0.091324 ,  -0.084763, 0.001300 
  -0.086723 ,  -0.086981, 0.007668 
  -0.082067 ,  -0.088834, 0.014470 
  -0.077362 ,  -0.090327, 0.020773 
  -0.072612 ,  -0.091472, 0.025718 
  -0.067821 ,  -0.092279, 0.028652 
  -0.062994 ,  -0.092763, 0.029234 
  -0.058135 ,  -0.092939, 0.027472 
  -0.053249 ,  -0.092825, 0.023717 
  -0.048340 ,  -0.092440, 0.018587 
  -0.043414 ,  -0.091804, 0.012863 
  -0.038473 ,  -0.090936, 0.007347 
  -0.033524 ,  -0.089859, 0.002729 
  -0.028570 ,  -0.088594, -0.000522 
  -0.023617 ,  -0.087163, -0.002230 
  -0.018668 ,  -0.085585, -0.002529 
  -0.013728 ,  -0.083882, -0.001828 
  -0.008801 ,  -0.082072, -0.000720 
  -0.003892 ,  -0.080176, 0.000126 
  0.000994 ,  -0.078209, 0.000102 
  0.005854 ,  -0.076188, -0.001225 
  0.010683 ,  -0.074127, -0.004026 
  0.015476 ,  -0.072038, -0.008168 
  0.020230 ,  -0.069933, -0.013228 
  0.024941 ,  -0.067820, -0.018557 
  0.029603 ,  -0.065707, -0.023383 
  0.034214 ,  -0.063598, -0.026943 
  0.038770 ,  -0.061497, -0.028608 
  0.043266 ,  -0.059405, -0.027998 
  0.047699 ,  -0.057321, -0.025046 
  0.052064 ,  -0.055244, -0.020026 
  0.056359 ,  -0.053169, -0.013509 
  0.060580 ,  -0.051092, -0.006286 
  0.064724 ,  -0.049006, 0.000759 
  0.068786 ,  -0.046903, 0.006780 
  0.072764 ,  -0.044775, 0.011106 
  0.076655 ,  -0.042612, 0.013342 
  0.080455 ,  -0.040404, 0.013425 
  0.084163 ,  -0.038142, 0.011635 
  0.087774 ,  -0.035814, 0.008536 
  0.091286 ,  -0.033412, 0.004886 
  0.094697 ,  -0.030924, 0.001499 
  0.098004 ,  -0.028341, -0.000891 
  0.101205 ,  -0.025655, -0.001755 
  0.104298 ,  -0.022857, -0.000866 
  0.107280 ,  -0.019942, 0.001661 
  0.110150 ,  -0.016904, 0.005383 
  0.112905 ,  -0.013738, 0.009600 
  0.115544 ,  -0.010442, 0.013471 
  0.118066 ,  -0.007016, 0.016160 
  0.120469 ,  -0.003459, 0.016977 
  0.122751 ,  0.000225, 0.015514 
  0.124912 ,  0.004032, 0.011722 
  0.126950 ,  0.007955, 0.005946 
  0.128865 ,  0.011988, -0.001114 
  0.130655 ,  0.016119, -0.008489 
  0.132321 ,  0.020338, -0.015087 
  0.133861 ,  0.024631, -0.019854 
  0.135276 ,  0.028983, -0.021943 
  0.136564 ,  0.033378, -0.020847 
  0.137726 ,  0.037799, -0.016502 
  0.138762 ,  0.042226, -0.009309 
  0.139672 ,  0.046641, -0.000099 
  0.140456 ,  0.051023, 0.009974 
  0.141115 ,  0.055350, 0.019584 
  0.141649 ,  0.059602, 0.027421 
  0.142059 ,  0.063756, 0.032374 
  0.142346 ,  0.067792, 0.033696 
  0.142510 ,  0.071687, 0.031112 
  0.142553 ,  0.075421, 0.024869 
  0.142476 ,  0.078973, 0.015706 
  0.142280 ,  0.082324, 0.004759 
  0.141966 ,  0.085456, -0.006594 
  0.141537 ,  0.088351, -0.016920 
  0.140992 ,  0.090994, -0.024932 
  0.140335 ,  0.093370, -0.029667 
  0.139568 ,  0.095466, -0.030614 
  0.138691 ,  0.097273, -0.027786 
  0.137707 ,  0.098780, -0.021716 
  0.136619 ,  0.099981, -0.013376 
  0.135427 ,  0.100872, -0.004042 
  0.134136 ,  0.101448, 0.004888 
  0.132747 ,  0.101709, 0.012088 
  0.131262 ,  0.101656, 0.016490 
  0.129684 ,  0.101292, 0.017428 
  0.128016 ,  0.100622, 0.014729 
  0.126261 ,  0.099653, 0.008731 
  0.124420 ,  0.098394, 0.000233 
  0.122498 ,  0.096853, -0.009621 
  0.120497 ,  0.095044, -0.019499 
  0.118419 ,  0.092978, -0.028064 
  0.116269 ,  0.090670, -0.034154 
  0.114048 ,  0.088135, -0.036933 
  0.111761 ,  0.085387, -0.035992 
  0.109409 ,  0.082445, -0.031396 
  0.106998 ,  0.079323, -0.023657 
  0.104528 ,  0.076038, -0.013653 
  0.102005 ,  0.072608, -0.002499 
  0.099431 ,  0.069048, 0.008609 
  0.096809 ,  0.065375, 0.018553 
  0.094144 ,  0.061604, 0.026438 
  0.091437 ,  0.057749, 0.031689 
  0.088693 ,  0.053824, 0.034111 
  0.085914 ,  0.049841, 0.033884 
  0.083105 ,  0.045811, 0.031502 
  0.080268 ,  0.041745, 0.027683 
  0.077408 ,  0.037652, 0.023237 
  0.074526 ,  0.033537, 0.018938 
  0.071627 ,  0.029408, 0.015404 
  0.068714 ,  0.025267, 0.013013 
  0.065790 ,  0.021118, 0.011855 
  0.062858 ,  0.016963, 0.011734 
  0.059922 ,  0.012801, 0.012221 
  0.056985 ,  0.008631, 0.012737 
  0.054050 ,  0.004451, 0.012662 
  0.051120 ,  0.000258, 0.011449 
  0.048198 ,  -0.003953, 0.008726 
  0.045288 ,  -0.008186, 0.004367 
  0.042391 ,  -0.012446, -0.001473 
  0.039512 ,  -0.016739, -0.008368 
  0.036654 ,  -0.021070, -0.015678 
  0.033818 ,  -0.025443, -0.022636 
  0.031007 ,  -0.029864, -0.028457 
  0.028226 ,  -0.034336, -0.032453 
  0.025475 ,  -0.038863, -0.034136 
  0.022758 ,  -0.043445, -0.033292 
  0.020077 ,  -0.048084, -0.030018 
  0.017435 ,  -0.052778, -0.024714 
  0.014834 ,  -0.057524, -0.018032 
  0.012276 ,  -0.062317, -0.010791 
  0.009764 ,  -0.067149, -0.003861 
  0.007299 ,  -0.072012, 0.001949 
  0.004884 ,  -0.076894, 0.006002 
  0.002520 ,  -0.081780, 0.007923 
  0.000210 ,  -0.086655, 0.007639 
  -0.002044 ,  -0.091498, 0.005395 
  -0.004242 ,  -0.096289, 0.001708 
  -0.006381 ,  -0.101003, -0.002703 
  -0.008460 ,  -0.105615, -0.007021 
  -0.010478 ,  -0.110096, -0.010450 
  -0.012433 ,  -0.114417, -0.012322 
  -0.014323 ,  -0.118545, -0.012192 
  -0.016149 ,  -0.122448, -0.009903 
  -0.017908 ,  -0.126091, -0.005602 
  -0.019599 ,  -0.129439, 0.000277 
  -0.021223 ,  -0.132455, 0.007072 
  -0.022778 ,  -0.135105, 0.013986 
  -0.024263 ,  -0.137351, 0.020191 
  -0.025678 ,  -0.139160, 0.024942 
  -0.027022 ,  -0.140497, 0.027674 
  -0.028295 ,  -0.141329, 0.028072 
  -0.029497 ,  -0.141625, 0.026115 
  -0.030627 ,  -0.141356, 0.022068 
  -0.031686 ,  -0.140497, 0.016449 
  -0.032673 ,  -0.139025, 0.009955 
  -0.033588 ,  -0.136920, 0.003366 
  -0.034432 ,  -0.134167, -0.002550 
  -0.035204 ,  -0.130754, -0.007141 
  -0.035906 ,  -0.126673, -0.009946 
  -0.036537 ,  -0.121923, -0.010747 
  -0.037098 ,  -0.116506, -0.009587 
  -0.037589 ,  -0.110430, -0.006754 
  -0.038012 ,  -0.103707, -0.002731 
  -0.038367 ,  -0.096355, 0.001872 
  -0.038655 ,  -0.088399, 0.006405 
  -0.038876 ,  -0.079867, 0.010261 
  -0.039032 ,  -0.070793, 0.012950 
  -0.039124 ,  -0.061216, 0.014155 
  -0.039152 ,  -0.051181, 0.013756 
  -0.039119 ,  -0.040736, 0.011837 
  -0.039024 ,  -0.029935, 0.008652 
  -0.038870 ,  -0.018836, 0.004581 
  -0.038658 ,  -0.007498, 0.000065 
  -0.038390 ,  0.004013, -0.004453 
  -0.038066 ,  0.015630, -0.008592 
  -0.037688 ,  0.027285, -0.012073 
  -0.037258 ,  0.038905, -0.014749 
  -0.036778 ,  0.050419, -0.016606 
  -0.036249 ,  0.061755, -0.017742 
  -0.035673 ,  0.072840, -0.018338 
  -0.035051 ,  0.083602, -0.018612 
  -0.034386 ,  0.093970, -0.018768 
  -0.033679 ,  0.103877, -0.018960 
  -0.032932 ,  0.113256, -0.019258 
  -0.032147 ,  0.122045, -0.019638 
  -0.031326 ,  0.130185, -0.019981 
  -0.030471 ,  0.137622, -0.020099 
  -0.029584 ,  0.144306, -0.019766 
  -0.028666 ,  0.150193, -0.018760 
  -0.027721 ,  0.155244, -0.016904 
  -0.026748 ,  0.159427, -0.014101 
  -0.025752 ,  0.162717, -0.010354 
  -0.024733 ,  0.165093, -0.005778 
  -0.023694 ,  0.166544, -0.000584 
  -0.022637 ,  0.167065, 0.004940 
  -0.021564 ,  0.166657, 0.010469 
  -0.020476 ,  0.165329, 0.015681 
  -0.019377 ,  0.163099, 0.020299 
  -0.018267 ,  0.159988, 0.024126 
  -0.017148 ,  0.156026, 0.027061 
  -0.016024 ,  0.151251, 0.029113 
  -0.014895 ,  0.145703, 0.030383 
  -0.013764 ,  0.139432, 0.031040 
  -0.012632 ,  0.132490, 0.031286 
  -0.011501 ,  0.124936, 0.031313 
  -0.010374 ,  0.116832, 0.031258 
  -0.009252 ,  0.108243, 0.031177 
  -0.008136 ,  0.099240, 0.031021 
  -0.007030 ,  0.089893, 0.030632 
  -0.005933 ,  0.080275, 0.029760 
  -0.004848 ,  0.070461, 0.028097 
  -0.003778 ,  0.060526, 0.025317 
  -0.002722 ,  0.050542, 0.021132 
  -0.001683 ,  0.040585, 0.015342 
  -0.000662 ,  0.030724, 0.007885 
  0.000339 ,  0.021030, -0.001136 
  0.001319 ,  0.011569, -0.011435 
  0.002276 ,  0.002403, -0.022553 
  0.003209 ,  -0.006408, -0.033881 
  0.004117 ,  -0.014811, -0.044712 
  0.004999 ,  -0.022756, -0.054302 
  0.005854 ,  -0.030199, -0.061933 
  0.006679 ,  -0.037101, -0.066987 
  0.007476 ,  -0.043430, -0.069006 
  0.008241 ,  -0.049160, -0.067740 
  0.008975 ,  -0.054270, -0.063172 
  0.009676 ,  -0.058747, -0.055530 
  0.010345 ,  -0.062583, -0.045262 
  0.010979 ,  -0.065777, -0.033006 
  0.011579 ,  -0.068332, -0.019531 
