   12m__16m 
  0.010743 ,  0.094653, 0.046142 
  0.010089 ,  0.096871, 0.070077 
  0.009449 ,  0.098497, 0.089354 
  0.008825 ,  0.099497, 0.102270 
  0.008216 ,  0.099845, 0.107753 
  0.007624 ,  0.099518, 0.105485 
  0.007048 ,  0.098500, 0.095932 
  0.006490 ,  0.096781, 0.080275 
  0.005948 ,  0.094359, 0.060259 
  0.005425 ,  0.091238, 0.037975 
  0.004920 ,  0.087427, 0.015596 
  0.004434 ,  0.082943, -0.004870 
  0.003967 ,  0.077811, -0.021817 
  0.003518 ,  0.072061, -0.034192 
  0.003088 ,  0.065728, -0.041587 
  0.002677 ,  0.058856, -0.044224 
  0.002286 ,  0.051491, -0.042866 
  0.001913 ,  0.043688, -0.038657 
  0.001559 ,  0.035503, -0.032918 
  0.001224 ,  0.026999, -0.026940 
  0.000908 ,  0.018240, -0.021790 
  0.000609 ,  0.009294, -0.018173 
  0.000328 ,  0.000232, -0.016357 
  0.000065 ,  -0.008876, -0.016175 
  -0.000181 ,  -0.017958, -0.017097 
  -0.000411 ,  -0.026940, -0.018359 
  -0.000625 ,  -0.035753, -0.019126 
  -0.000824 ,  -0.044326, -0.018660 
  -0.001008 ,  -0.052593, -0.016462 
  -0.001178 ,  -0.060488, -0.012372 
  -0.001335 ,  -0.067951, -0.006612 
  -0.001480 ,  -0.074926, 0.000253 
  -0.001614 ,  -0.081362, 0.007392 
  -0.001736 ,  -0.087211, 0.013852 
  -0.001850 ,  -0.092433, 0.018711 
  -0.001955 ,  -0.096995, 0.021234 
  -0.002052 ,  -0.100869, 0.020998 
  -0.002143 ,  -0.104035, 0.017971 
  -0.002229 ,  -0.106478, 0.012527 
  -0.002310 ,  -0.108193, 0.005401 
  -0.002389 ,  -0.109179, -0.002414 
  -0.002466 ,  -0.109446, -0.009813 
  -0.002542 ,  -0.109007, -0.015737 
  -0.002620 ,  -0.107885, -0.019326 
  -0.002700 ,  -0.106106, -0.020045 
  -0.002783 ,  -0.103706, -0.017754 
  -0.002871 ,  -0.100724, -0.012728 
  -0.002965 ,  -0.097205, -0.005607 
  -0.003067 ,  -0.093199, 0.002699 
  -0.003178 ,  -0.088758, 0.011145 
  -0.003300 ,  -0.083941, 0.018699 
  -0.003434 ,  -0.078806, 0.024487 
  -0.003581 ,  -0.073416, 0.027903 
  -0.003742 ,  -0.067832, 0.028682 
  -0.003920 ,  -0.062120, 0.026911 
  -0.004116 ,  -0.056340, 0.022999 
  -0.004330 ,  -0.050557, 0.017591 
  -0.004566 ,  -0.044831, 0.011463 
  -0.004823 ,  -0.039219, 0.005396 
  -0.005103 ,  -0.033778, 0.000064 
  -0.005408 ,  -0.028559, -0.004053 
  -0.005739 ,  -0.023610, -0.006720 
  -0.006097 ,  -0.018973, -0.007952 
  -0.006484 ,  -0.014686, -0.007983 
  -0.006900 ,  -0.010783, -0.007199 
  -0.007348 ,  -0.007288, -0.006049 
  -0.007828 ,  -0.004224, -0.004959 
  -0.008341 ,  -0.001604, -0.004255 
  -0.008889 ,  0.000565, -0.004112 
  -0.009473 ,  0.002279, -0.004536 
  -0.010093 ,  0.003545, -0.005377 
  -0.010750 ,  0.004373, -0.006379 
  -0.011446 ,  0.004778, -0.007240 
  -0.012182 ,  0.004785, -0.007688 
  -0.012957 ,  0.004420, -0.007539 
  -0.013774 ,  0.003715, -0.006749 
  -0.014632 ,  0.002708, -0.005423 
  -0.015532 ,  0.001439, -0.003802 
  -0.016475 ,  -0.000048, -0.002220 
  -0.017461 ,  -0.001706, -0.001040 
  -0.018490 ,  -0.003486, -0.000579 
  -0.019564 ,  -0.005338, -0.001040 
  -0.020682 ,  -0.007211, -0.002462 
  -0.021844 ,  -0.009055, -0.004698 
  -0.023050 ,  -0.010817, -0.007422 
  -0.024301 ,  -0.012450, -0.010175 
  -0.025596 ,  -0.013906, -0.012427 
  -0.026936 ,  -0.015139, -0.013668 
  -0.028319 ,  -0.016107, -0.013491 
  -0.029746 ,  -0.016773, -0.011662 
  -0.031217 ,  -0.017101, -0.008175 
  -0.032730 ,  -0.017062, -0.003261 
  -0.034285 ,  -0.016630, 0.002627 
  -0.035883 ,  -0.015787, 0.008876 
  -0.037520 ,  -0.014516, 0.014787 
  -0.039198 ,  -0.012810, 0.019679 
  -0.040915 ,  -0.010665, 0.022976 
  -0.042670 ,  -0.008084, 0.024291 
  -0.044462 ,  -0.005074, 0.023483 
  -0.046290 ,  -0.001650, 0.020666 
  -0.048152 ,  0.002168, 0.016204 
  -0.050048 ,  0.006357, 0.010650 
  -0.051975 ,  0.010886, 0.004671 
  -0.053932 ,  0.015722, -0.001037 
  -0.055918 ,  0.020826, -0.005847 
  -0.057931 ,  0.026156, -0.009274 
  -0.059969 ,  0.031667, -0.011031 
  -0.062030 ,  0.037310, -0.011056 
  -0.064112 ,  0.043035, -0.009500 
  -0.066214 ,  0.048790, -0.006696 
  -0.068333 ,  0.054523, -0.003100 
  -0.070468 ,  0.060179, 0.000775 
  -0.072615 ,  0.065706, 0.004431 
  -0.074773 ,  0.071051, 0.007443 
  -0.076939 ,  0.076163, 0.009501 
  -0.079111 ,  0.080993, 0.010435 
  -0.081287 ,  0.085494, 0.010207 
  -0.083464 ,  0.089622, 0.008904 
  -0.085639 ,  0.093337, 0.006697 
  -0.087810 ,  0.096603, 0.003809 
  -0.089974 ,  0.099386, 0.000482 
  -0.092128 ,  0.101660, -0.003056 
  -0.094270 ,  0.103400, -0.006599 
  -0.096398 ,  0.104589, -0.009976 
  -0.098507 ,  0.105215, -0.013042 
  -0.100595 ,  0.105269, -0.015667 
  -0.102660 ,  0.104749, -0.017728 
  -0.104699 ,  0.103658, -0.019101 
  -0.106708 ,  0.102004, -0.019666 
  -0.108685 ,  0.099801, -0.019311 
  -0.110627 ,  0.097065, -0.017958 
  -0.112531 ,  0.093821, -0.015582 
  -0.114394 ,  0.090095, -0.012235 
  -0.116213 ,  0.085917, -0.008060 
  -0.117986 ,  0.081323, -0.003295 
  -0.119708 ,  0.076350, 0.001739 
  -0.121378 ,  0.071039, 0.006661 
  -0.122993 ,  0.065432, 0.011078 
  -0.124550 ,  0.059574, 0.014625 
  -0.126045 ,  0.053511, 0.017021 
  -0.127477 ,  0.047291, 0.018104 
  -0.128842 ,  0.040959, 0.017862 
  -0.130138 ,  0.034564, 0.016436 
  -0.131363 ,  0.028152, 0.014104 
  -0.132512 ,  0.021768, 0.011243 
  -0.133585 ,  0.015457, 0.008270 
  -0.134579 ,  0.009260, 0.005584 
  -0.135491 ,  0.003217, 0.003504 
  -0.136319 ,  -0.002635, 0.002217 
  -0.137060 ,  -0.008261, 0.001752 
  -0.137713 ,  -0.013632, 0.001980 
  -0.138275 ,  -0.018719, 0.002634 
  -0.138744 ,  -0.023498, 0.003360 
  -0.139119 ,  -0.027951, 0.003780 
  -0.139397 ,  -0.032061, 0.003566 
  -0.139577 ,  -0.035816, 0.002498 
  -0.139657 ,  -0.039208, 0.000519 
  -0.139635 ,  -0.042233, -0.002253 
  -0.139511 ,  -0.044892, -0.005526 
  -0.139282 ,  -0.047186, -0.008878 
  -0.138948 ,  -0.049125, -0.011820 
  -0.138506 ,  -0.050718, -0.013873 
  -0.137958 ,  -0.051980, -0.014648 
  -0.137300 ,  -0.052926, -0.013919 
  -0.136533 ,  -0.053578, -0.011665 
  -0.135656 ,  -0.053955, -0.008091 
  -0.134668 ,  -0.054083, -0.003602 
  -0.133570 ,  -0.053987, 0.001243 
  -0.132359 ,  -0.053693, 0.005814 
  -0.131038 ,  -0.053230, 0.009496 
  -0.129605 ,  -0.052626, 0.011784 
  -0.128060 ,  -0.051910, 0.012360 
  -0.126404 ,  -0.051112, 0.011139 
  -0.124637 ,  -0.050258, 0.008287 
  -0.122759 ,  -0.049379, 0.004198 
  -0.120772 ,  -0.048499, -0.000564 
  -0.118676 ,  -0.047645, -0.005345 
  -0.116471 ,  -0.046840, -0.009497 
  -0.114159 ,  -0.046108, -0.012471 
  -0.111741 ,  -0.045467, -0.013896 
  -0.109218 ,  -0.044937, -0.013624 
  -0.106592 ,  -0.044531, -0.011749 
  -0.103864 ,  -0.044265, -0.008581 
  -0.101036 ,  -0.044147, -0.004592 
  -0.098109 ,  -0.044187, -0.000341 
  -0.095086 ,  -0.044388, 0.003618 
  -0.091968 ,  -0.044753, 0.006812 
  -0.088758 ,  -0.045282, 0.008924 
  -0.085457 ,  -0.045972, 0.009823 
  -0.082069 ,  -0.046817, 0.009573 
  -0.078596 ,  -0.047809, 0.008409 
  -0.075040 ,  -0.048936, 0.006678 
  -0.071404 ,  -0.050187, 0.004772 
  -0.067692 ,  -0.051546, 0.003054 
  -0.063905 ,  -0.052996, 0.001795 
  -0.060047 ,  -0.054518, 0.001128 
  -0.056121 ,  -0.056093, 0.001030 
  -0.052131 ,  -0.057698, 0.001341 
  -0.048079 ,  -0.059311, 0.001800 
  -0.043969 ,  -0.060908, 0.002110 
  -0.039805 ,  -0.062465, 0.001999 
  -0.035590 ,  -0.063957, 0.001288 
  -0.031327 ,  -0.065361, -0.000062 
  -0.027021 ,  -0.066649, -0.001938 
  -0.022675 ,  -0.067799, -0.004078 
  -0.018293 ,  -0.068787, -0.006113 
  -0.013879 ,  -0.069588, -0.007631 
  -0.009437 ,  -0.070181, -0.008253 
  -0.004971 ,  -0.070545, -0.007705 
  -0.000485 ,  -0.070658, -0.005880 
  0.004018 ,  -0.070504, -0.002871 
  0.008532 ,  -0.070064, 0.001023 
  0.013054 ,  -0.069324, 0.005334 
  0.017580 ,  -0.068270, 0.009482 
  0.022106 ,  -0.066892, 0.012866 
  0.026627 ,  -0.065179, 0.014948 
  0.031139 ,  -0.063125, 0.015345 
  0.035638 ,  -0.060725, 0.013888 
  0.040120 ,  -0.057976, 0.010659 
  0.044580 ,  -0.054877, 0.005983 
  0.049016 ,  -0.051432, 0.000388 
  0.053421 ,  -0.047643, -0.005470 
  0.057793 ,  -0.043518, -0.010899 
  0.062127 ,  -0.039064, -0.015275 
  0.066420 ,  -0.034294, -0.018123 
  0.070667 ,  -0.029220, -0.019189 
  0.074864 ,  -0.023857, -0.018466 
  0.079007 ,  -0.018223, -0.016186 
  0.083094 ,  -0.012335, -0.012776 
  0.087119 ,  -0.006216, -0.008779 
  0.091079 ,  0.000113, -0.004767 
  0.094970 ,  0.006627, -0.001245 
  0.098790 ,  0.013302, 0.001426 
  0.102534 ,  0.020110, 0.003083 
  0.106200 ,  0.027024, 0.003774 
  0.109783 ,  0.034015, 0.003740 
  0.113281 ,  0.041054, 0.003356 
  0.116691 ,  0.048111, 0.003050 
  0.120009 ,  0.055154, 0.003220 
  0.123233 ,  0.062153, 0.004143 
  0.126360 ,  0.069076, 0.005917 
  0.129387 ,  0.075892, 0.008428 
  0.132312 ,  0.082571, 0.011358 
  0.135132 ,  0.089082, 0.014233 
  0.137845 ,  0.095394, 0.016498 
  0.140449 ,  0.101477, 0.017618 
  0.142942 ,  0.107304, 0.017169 
  0.145322 ,  0.112845, 0.014930 
  0.147587 ,  0.118075, 0.010936 
  0.149736 ,  0.122968, 0.005495 
  0.151766 ,  0.127498, -0.000841 
  0.153677 ,  0.131644, -0.007343 
  0.155468 ,  0.135385, -0.013210 
  0.157138 ,  0.138700, -0.017680 
  0.158684 ,  0.141571, -0.020154 
  0.160108 ,  0.143984, -0.020286 
  0.161407 ,  0.145923, -0.018046 
  0.162583 ,  0.147376, -0.013736 
  0.163633 ,  0.148334, -0.007957 
  0.164559 ,  0.148788, -0.001524 
  0.165360 ,  0.148732, 0.004645 
  0.166036 ,  0.148163, 0.009663 
  0.166587 ,  0.147078, 0.012801 
  0.167015 ,  0.145477, 0.013601 
  0.167318 ,  0.143364, 0.011944 
  0.167500 ,  0.140742, 0.008070 
  0.167559 ,  0.137619, 0.002550 
  0.167497 ,  0.134001, -0.003793 
  0.167315 ,  0.129900, -0.010007 
  0.167015 ,  0.125328, -0.015142 
  0.166598 ,  0.120299, -0.018390 
  0.166065 ,  0.114829, -0.019204 
  0.165418 ,  0.108934, -0.017370 
  0.164659 ,  0.102634, -0.013049 
  0.163790 ,  0.095949, -0.006747 
  0.162813 ,  0.088901, 0.000753 
  0.161730 ,  0.081513, 0.008499 
  0.160544 ,  0.073809, 0.015507 
  0.159256 ,  0.065815, 0.020893 
  0.157869 ,  0.057556, 0.023995 
  0.156387 ,  0.049060, 0.024459 
  0.154811 ,  0.040355, 0.022279 
  0.153145 ,  0.031469, 0.017793 
  0.151392 ,  0.022431, 0.011627 
  0.149554 ,  0.013273, 0.004598 
  0.147635 ,  0.004023, -0.002399 
  0.145637 ,  -0.005288, -0.008517 
  0.143565 ,  -0.014629, -0.013070 
  0.141421 ,  -0.023968, -0.015620 
  0.139209 ,  -0.033276, -0.016026 
  0.136932 ,  -0.042520, -0.014446 
  0.134594 ,  -0.051670, -0.011300 
  0.132199 ,  -0.060695, -0.007199 
  0.129750 ,  -0.069564, -0.002848 
  0.127250 ,  -0.078247, 0.001062 
  0.124704 ,  -0.086713, 0.003950 
  0.122115 ,  -0.094933, 0.005424 
  0.119487 ,  -0.102878, 0.005330 
  0.116823 ,  -0.110519, 0.003760 
  0.114128 ,  -0.117829, 0.001031 
  0.111406 ,  -0.124779, -0.002372 
  0.108659 ,  -0.131344, -0.005872 
  0.105893 ,  -0.137498, -0.008886 
  0.103110 ,  -0.143217, -0.010909 
  0.100314 ,  -0.148477, -0.011579 
  0.097510 ,  -0.153255, -0.010727 
  0.094701 ,  -0.157532, -0.008389 
  0.091890 ,  -0.161286, -0.004793 
  0.089082 ,  -0.164501, -0.000325 
  0.086279 ,  -0.167159, 0.004532 
  0.083486 ,  -0.169246, 0.009264 
  0.080707 ,  -0.170749, 0.013389 
  0.077944 ,  -0.171656, 0.016520 
  0.075200 ,  -0.171959, 0.018397 
  0.072480 ,  -0.171650, 0.018914 
  0.069787 ,  -0.170726, 0.018115 
  0.067124 ,  -0.169183, 0.016170 
  0.064493 ,  -0.167023, 0.013342 
  0.061899 ,  -0.164247, 0.009940 
  0.059343 ,  -0.160862, 0.006279 
  0.056830 ,  -0.156876, 0.002633 
  0.054361 ,  -0.152298, -0.000786 
  0.051939 ,  -0.147144, -0.003848 
  0.049567 ,  -0.141430, -0.006502 
  0.047247 ,  -0.135174, -0.008764 
  0.044982 ,  -0.128400, -0.010690 
  0.042775 ,  -0.121133, -0.012352 
  0.040626 ,  -0.113400, -0.013809 
  0.038538 ,  -0.105231, -0.015084 
  0.036513 ,  -0.096661, -0.016148 
  0.034553 ,  -0.087725, -0.016923 
  0.032660 ,  -0.078460, -0.017287 
  0.030834 ,  -0.068907, -0.017096 
  0.029077 ,  -0.059109, -0.016210 
  0.027392 ,  -0.049109, -0.014520 
  0.025777 ,  -0.038954, -0.011977 
  0.024236 ,  -0.028689, -0.008610 
  0.022768 ,  -0.018364, -0.004540 
  0.021374 ,  -0.008027, 0.000026 
  0.020055 ,  0.002273, 0.004806 
  0.018812 ,  0.012486, 0.009471 
  0.017644 ,  0.022562, 0.013677 
  0.016551 ,  0.032453, 0.017106 
  0.015535 ,  0.042110, 0.019497 
  0.014594 ,  0.051486, 0.020685 
  0.013729 ,  0.060537, 0.020614 
  0.012939 ,  0.069218, 0.019351 
  0.012224 ,  0.077488, 0.017078 
  0.011582 ,  0.085307, 0.014067 
  0.011014 ,  0.092641, 0.010653 
  0.010519 ,  0.099454, 0.007190 
  0.010094 ,  0.105718, 0.004008 
  0.009740 ,  0.111406, 0.001375 
  0.009455 ,  0.116496, -0.000538 
  0.009238 ,  0.120968, -0.001673 
  0.009087 ,  0.124809, -0.002090 
  0.009000 ,  0.128008, -0.001954 
  0.008976 ,  0.130560, -0.001508 
  0.009013 ,  0.132461, -0.001032 
  0.009109 ,  0.133716, -0.000803 
  0.009262 ,  0.134331, -0.001048 
  0.009470 ,  0.134318, -0.001909 
  0.009731 ,  0.133691, -0.003418 
  0.010042 ,  0.132471, -0.005489 
  0.010401 ,  0.130681, -0.007929 
  0.010805 ,  0.128347, -0.010463 
  0.011253 ,  0.125499, -0.012775 
  0.011740 ,  0.122172, -0.014556 
  0.012266 ,  0.118400, -0.015551 
  0.012826 ,  0.114223, -0.015596 
  0.013418 ,  0.109680, -0.014651 
  0.014039 ,  0.104814, -0.012807 
  0.014686 ,  0.099669, -0.010273 
  0.015357 ,  0.094287, -0.007348 
  0.016047 ,  0.088715, -0.004374 
  0.016755 ,  0.082996, -0.001688 
  0.017477 ,  0.077175, 0.000436 
  0.018209 ,  0.071296, 0.001831 
  0.018950 ,  0.065401, 0.002461 
  0.019695 ,  0.059531, 0.002436 
  0.020441 ,  0.053725, 0.001989 
  0.021186 ,  0.048020, 0.001443 
  0.021926 ,  0.042450, 0.001157 
  0.022659 ,  0.037047, 0.001464 
  0.023379 ,  0.031838, 0.002608 
  0.024086 ,  0.026850, 0.004699 
  0.024775 ,  0.022103, 0.007678 
  0.025444 ,  0.017617, 0.011318 
  0.026090 ,  0.013405, 0.015240 
  0.026709 ,  0.009479, 0.018968 
  0.027298 ,  0.005846, 0.021987 
  0.027855 ,  0.002509, 0.023825 
  0.028376 ,  -0.000531, 0.024121 
  0.028860 ,  -0.003278, 0.022684 
  0.029303 ,  -0.005738, 0.019531 
  0.029702 ,  -0.007921, 0.014888 
  0.030054 ,  -0.009841, 0.009168 
  0.030358 ,  -0.011511, 0.002917 
  0.030611 ,  -0.012949, -0.003264 
  0.030810 ,  -0.014175, -0.008799 
  0.030953 ,  -0.015210, -0.013218 
  0.031038 ,  -0.016077, -0.016220 
  0.031063 ,  -0.016799, -0.017714 
  0.031025 ,  -0.017400, -0.017820 
  0.030923 ,  -0.017905, -0.016845 
  0.030754 ,  -0.018337, -0.015222 
  0.030518 ,  -0.018722, -0.013432 
  0.030212 ,  -0.019082, -0.011923 
  0.029835 ,  -0.019440, -0.011027 
  0.029386 ,  -0.019816, -0.010903 
  0.028862 ,  -0.020229, -0.011505 
  0.028264 ,  -0.020697, -0.012595 
  0.027590 ,  -0.021235, -0.013778 
  0.026839 ,  -0.021856, -0.014574 
  0.026009 ,  -0.022571, -0.014508 
  0.025102 ,  -0.023387, -0.013202 
  0.024115 ,  -0.024309, -0.010451 
  0.023049 ,  -0.025342, -0.006277 
  0.021903 ,  -0.026484, -0.000946 
  0.020677 ,  -0.027734, 0.005055 
  0.019371 ,  -0.029085, 0.011084 
  0.017985 ,  -0.030532, 0.016433 
  0.016520 ,  -0.032063, 0.020438 
  0.014974 ,  -0.033667, 0.022585 
  0.013350 ,  -0.035330, 0.022599 
  0.011647 ,  -0.037037, 0.020498 
  0.009867 ,  -0.038771, 0.016602 
  0.008009 ,  -0.040514, 0.011498 
  0.006076 ,  -0.042246, 0.005958 
  0.004067 ,  -0.043949, 0.000827 
  0.001985 ,  -0.045602, -0.003108 
  -0.000169 ,  -0.047186, -0.005239 
  -0.002395 ,  -0.048681, -0.005239 
  -0.004690 ,  -0.050067, -0.003124 
  -0.007052 ,  -0.051327, 0.000742 
  -0.009481 ,  -0.052444, 0.005687 
  -0.011974 ,  -0.053403, 0.010832 
  -0.014528 ,  -0.054188, 0.015215 
  -0.017143 ,  -0.054789, 0.017939 
  -0.019816 ,  -0.055194, 0.018319 
  -0.022544 ,  -0.055395, 0.015987 
  -0.025326 ,  -0.055388, 0.010970 
  -0.028158 ,  -0.055167, 0.003699 
  -0.031038 ,  -0.054732, -0.005040 
  -0.033964 ,  -0.054084, -0.014203 
  -0.036933 ,  -0.053227, -0.022636 
  -0.039941 ,  -0.052166, -0.029230 
  -0.042987 ,  -0.050909, -0.033084 
  -0.046066 ,  -0.049466, -0.033632 
  -0.049177 ,  -0.047849, -0.030728 
  -0.052316 ,  -0.046073, -0.024676 
  -0.055480 ,  -0.044151, -0.016185 
  -0.058666 ,  -0.042102, -0.006278 
  -0.061870 ,  -0.039942, 0.003845 
  -0.065089 ,  -0.037691, 0.012972 
  -0.068321 ,  -0.035367, 0.020042 
  -0.071561 ,  -0.032990, 0.024278 
  -0.074807 ,  -0.030580, 0.025293 
  -0.078054 ,  -0.028155, 0.023121 
  -0.081300 ,  -0.025735, 0.018205 
  -0.084541 ,  -0.023338, 0.011316 
  -0.087774 ,  -0.020980, 0.003441 
  -0.090995 ,  -0.018678, -0.004366 
  -0.094201 ,  -0.016445, -0.011124 
  -0.097389 ,  -0.014294, -0.016059 
  -0.100554 ,  -0.012236, -0.018692 
  -0.103694 ,  -0.010280, -0.018884 
  -0.106805 ,  -0.008432, -0.016830 
  -0.109884 ,  -0.006698, -0.013004 
  -0.112927 ,  -0.005079, -0.008067 
  -0.115932 ,  -0.003575, -0.002757 
  -0.118894 ,  -0.002186, 0.002229 
  -0.121811 ,  -0.000905, 0.006330 
  -0.124680 ,  0.000272, 0.009190 
  -0.127497 ,  0.001354, 0.010693 
  -0.130259 ,  0.002351, 0.010944 
  -0.132964 ,  0.003275, 0.010232 
  -0.135608 ,  0.004138, 0.008950 
  -0.138188 ,  0.004956, 0.007517 
  -0.140702 ,  0.005744, 0.006296 
  -0.143147 ,  0.006517, 0.005530 
  -0.145520 ,  0.007293, 0.005308 
  -0.147818 ,  0.008088, 0.005561 
  -0.150039 ,  0.008919, 0.006088 
  -0.152181 ,  0.009802, 0.006607 
  -0.154242 ,  0.010754, 0.006822 
  -0.156218 ,  0.011790, 0.006488 
  -0.158108 ,  0.012923, 0.005464 
  -0.159910 ,  0.014166, 0.003749 
  -0.161621 ,  0.015530, 0.001483 
  -0.163241 ,  0.017023, -0.001071 
  -0.164766 ,  0.018654, -0.003577 
  -0.166197 ,  0.020427, -0.005683 
  -0.167530 ,  0.022345, -0.007092 
  -0.168764 ,  0.024408, -0.007616 
  -0.169899 ,  0.026613, -0.007213 
  -0.170933 ,  0.028957, -0.005999 
  -0.171864 ,  0.031431, -0.004235 
  -0.172693 ,  0.034027, -0.002282 
  -0.173417 ,  0.036732, -0.000542 
  -0.174037 ,  0.039532, 0.000613 
  -0.174551 ,  0.042409, 0.000902 
  -0.174959 ,  0.045345, 0.000191 
  -0.175261 ,  0.048320, -0.001485 
  -0.175456 ,  0.051310, -0.003924 
  -0.175545 ,  0.054291, -0.006782 
  -0.175526 ,  0.057239, -0.009632 
  -0.175400 ,  0.060127, -0.012028 
  -0.175168 ,  0.062928, -0.013577 
  -0.174829 ,  0.065613, -0.014000 
  -0.174384 ,  0.068157, -0.013173 
  -0.173834 ,  0.070531, -0.011148 
  -0.173178 ,  0.072707, -0.008138 
  -0.172418 ,  0.074660, -0.004483 
  -0.171555 ,  0.076364, -0.000591 
  -0.170589 ,  0.077794, 0.003124 
  -0.169522 ,  0.078928, 0.006306 
  -0.168354 ,  0.079745, 0.008708 
  -0.167087 ,  0.080226, 0.010224 
  -0.165722 ,  0.080354, 0.010890 
  -0.164261 ,  0.080115, 0.010866 
  -0.162706 ,  0.079496, 0.010398 
  -0.161056 ,  0.078490, 0.009757 
  -0.159316 ,  0.077089, 0.009193 
  -0.157485 ,  0.075289, 0.008878 
  -0.155567 ,  0.073091, 0.008877 
  -0.153562 ,  0.070497, 0.009140 
  -0.151474 ,  0.067511, 0.009509 
  -0.149304 ,  0.064143, 0.009758 
  -0.147054 ,  0.060404, 0.009639 
  -0.144726 ,  0.056306, 0.008932 
  -0.142324 ,  0.051868, 0.007498 
  -0.139848 ,  0.047107, 0.005311 
  -0.137302 ,  0.042046, 0.002473 
  -0.134688 ,  0.036707, -0.000796 
  -0.132009 ,  0.031118, -0.004186 
  -0.129267 ,  0.025304, -0.007345 
  -0.126464 ,  0.019296, -0.009937 
  -0.123604 ,  0.013124, -0.011691 
  -0.120689 ,  0.006819, -0.012449 
  -0.117721 ,  0.000414, -0.012186 
  -0.114704 ,  -0.006058, -0.011014 
  -0.111640 ,  -0.012563, -0.009160 
  -0.108532 ,  -0.019068, -0.006928 
  -0.105382 ,  -0.025538, -0.004644 
  -0.102194 ,  -0.031942, -0.002606 
  -0.098971 ,  -0.038244, -0.001035 
  -0.095715 ,  -0.044414, -0.000042 
  -0.092428 ,  -0.050421, 0.000377 
  -0.089115 ,  -0.056233, 0.000335 
  -0.085777 ,  -0.061823, 0.000017 
  -0.082417 ,  -0.067163, -0.000357 
  -0.079039 ,  -0.072227, -0.000588 
  -0.075644 ,  -0.076991, -0.000537 
  -0.072236 ,  -0.081433, -0.000157 
  -0.068818 ,  -0.085534, 0.000498 
  -0.065392 ,  -0.089274, 0.001284 
  -0.061961 ,  -0.092638, 0.002001 
  -0.058527 ,  -0.095613, 0.002433 
  -0.055094 ,  -0.098186, 0.002404 
  -0.051663 ,  -0.100348, 0.001821 
  -0.048237 ,  -0.102093, 0.000703 
  -0.044819 ,  -0.103414, -0.000808 
  -0.041412 ,  -0.104311, -0.002464 
  -0.038017 ,  -0.104782, -0.003947 
  -0.034637 ,  -0.104828, -0.004930 
  -0.031274 ,  -0.104455, -0.005136 
  -0.027930 ,  -0.103667, -0.004400 
  -0.024609 ,  -0.102472, -0.002710 
  -0.021311 ,  -0.100881, -0.000225 
  -0.018039 ,  -0.098906, 0.002735 
  -0.014796 ,  -0.096558, 0.005733 
  -0.011582 ,  -0.093853, 0.008282 
  -0.008399 ,  -0.090809, 0.009925 
  -0.005251 ,  -0.087442, 0.010319 
  -0.002137 ,  -0.083772, 0.009301 
  0.000939 ,  -0.079820, 0.006932 
  0.003976 ,  -0.075606, 0.003504 
  0.006974 ,  -0.071154, -0.000492 
  0.009930 ,  -0.066486, -0.004436 
  0.012843 ,  -0.061627, -0.007670 
  0.015711 ,  -0.056602, -0.009606 
  0.018534 ,  -0.051434, -0.009823 
  0.021310 ,  -0.046150, -0.008150 
  0.024038 ,  -0.040775, -0.004706 
  0.026717 ,  -0.035334, 0.000103 
  0.029347 ,  -0.029852, 0.005634 
  0.031925 ,  -0.024356, 0.011091 
  0.034453 ,  -0.018868, 0.015647 
  0.036928 ,  -0.013413, 0.018566 
  0.039349 ,  -0.008015, 0.019323 
  0.041718 ,  -0.002696, 0.017687 
  0.044032 ,  0.002522, 0.013767 
  0.046292 ,  0.007619, 0.008001 
  0.048498 ,  0.012575, 0.001098 
  0.050648 ,  0.017373, -0.006065 
  0.052742 ,  0.021996, -0.012575 
  0.054782 ,  0.026429, -0.017617 
  0.056765 ,  0.030659, -0.020599 
  0.058693 ,  0.034673, -0.021238 
  0.060565 ,  0.038462, -0.019598 
  0.062382 ,  0.042018, -0.016077 
  0.064144 ,  0.045334, -0.011333 
  0.065850 ,  0.048406, -0.006178 
  0.067501 ,  0.051231, -0.001441 
  0.069098 ,  0.053809, 0.002170 
  0.070641 ,  0.056141, 0.004177 
  0.072130 ,  0.058230, 0.004412 
  0.073565 ,  0.060081, 0.003037 
  0.074948 ,  0.061700, 0.000509 
  0.076279 ,  0.063095, -0.002507 
  0.077558 ,  0.064276, -0.005254 
  0.078787 ,  0.065253, -0.007030 
  0.079965 ,  0.066040, -0.007312 
  0.081094 ,  0.066648, -0.005858 
  0.082174 ,  0.067091, -0.002759 
  0.083206 ,  0.067386, 0.001568 
  0.084192 ,  0.067546, 0.006444 
  0.085131 ,  0.067587, 0.011039 
  0.086025 ,  0.067525, 0.014522 
  0.086875 ,  0.067375, 0.016200 
  0.087682 ,  0.067153, 0.015657 
  0.088446 ,  0.066873, 0.012838 
  0.089169 ,  0.066548, 0.008079 
  0.089851 ,  0.066193, 0.002066 
  0.090495 ,  0.065817, -0.004257 
  0.091100 ,  0.065433, -0.009838 
  0.091668 ,  0.065048, -0.013687 
  0.092199 ,  0.064670, -0.015046 
  0.092696 ,  0.064304, -0.013522 
  0.093159 ,  0.063954, -0.009173 
  0.093588 ,  0.063622, -0.002521 
  0.093986 ,  0.063306, 0.005515 
  0.094353 ,  0.063004, 0.013741 
  0.094691 ,  0.062711, 0.020872 
  0.094999 ,  0.062421, 0.025725 
  0.095281 ,  0.062124, 0.027415 
  0.095535 ,  0.061809, 0.025496 
  0.095764 ,  0.061464, 0.020056 
  0.095969 ,  0.061073, 0.011711 
  0.096150 ,  0.060622, 0.001534 
  0.096309 ,  0.060091, -0.009097 
  0.096446 ,  0.059463, -0.018702 
  0.096563 ,  0.058717, -0.025919 
  0.096660 ,  0.057833, -0.029711 
  0.096739 ,  0.056790, -0.029527 
  0.096800 ,  0.055568, -0.025396 
  0.096844 ,  0.054145, -0.017929 
  0.096872 ,  0.052501, -0.008231 
  0.096885 ,  0.050617, 0.002251 
  0.096884 ,  0.048473, 0.011951 
  0.096870 ,  0.046054, 0.019410 
  0.096842 ,  0.043343, 0.023496 
  0.096803 ,  0.040328, 0.023577 
  0.096753 ,  0.036997, 0.019609 
  0.096692 ,  0.033343, 0.012152 
  0.096621 ,  0.029359, 0.002276 
  0.096541 ,  0.025043, -0.008589 
  0.096452 ,  0.020396, -0.018873 
  0.096355 ,  0.015422, -0.027097 
  0.096250 ,  0.010129, -0.032089 
  0.096139 ,  0.004527, -0.033155 
  0.096021 ,  -0.001368, -0.030172 
  0.095897 ,  -0.007538, -0.023598 
  0.095767 ,  -0.013961, -0.014396 
  0.095632 ,  -0.020612, -0.003875 
  0.095492 ,  -0.027461, 0.006504 
  0.095348 ,  -0.034476, 0.015357 
  0.095199 ,  -0.041622, 0.021573 
  0.095046 ,  -0.048861, 0.024478 
  0.094890 ,  -0.056153, 0.023916 
  0.094730 ,  -0.063453, 0.020261 
  0.094567 ,  -0.070719, 0.014334 
  0.094401 ,  -0.077903, 0.007270 
  0.094231 ,  -0.084958, 0.000323 
  0.094059 ,  -0.091835, -0.005327 
  0.093884 ,  -0.098487, -0.008755 
  0.093707 ,  -0.104866, -0.009432 
  0.093527 ,  -0.110923, -0.007288 
  0.093344 ,  -0.116612, -0.002714 
  0.093159 ,  -0.121887, 0.003519 
  0.092971 ,  -0.126707, 0.010392 
  0.092781 ,  -0.131029, 0.016804 
  0.092587 ,  -0.134815, 0.021751 
  0.092392 ,  -0.138031, 0.024477 
  0.092193 ,  -0.140645, 0.024582 
  0.091991 ,  -0.142630, 0.022071 
  0.091786 ,  -0.143961, 0.017336 
  0.091579 ,  -0.144620, 0.011076 
  0.091367 ,  -0.144593, 0.004169 
  0.091153 ,  -0.143868, -0.002474 
  0.090934 ,  -0.142441, -0.008058 
  0.090712 ,  -0.140313, -0.012027 
  0.090486 ,  -0.137489, -0.014139 
  0.090255 ,  -0.133977, -0.014487 
  0.090020 ,  -0.129794, -0.013460 
  0.089781 ,  -0.124959, -0.011655 
  0.089536 ,  -0.119497, -0.009757 
  0.089287 ,  -0.113436, -0.008408 
  0.089032 ,  -0.106810, -0.008082 
  0.088772 ,  -0.099655, -0.009000 
  0.088506 ,  -0.092013, -0.011087 
  0.088233 ,  -0.083927, -0.013987 
  0.087955 ,  -0.075445, -0.017127 
  0.087670 ,  -0.066616, -0.019820 
  0.087379 ,  -0.057492, -0.021390 
  0.087080 ,  -0.048125, -0.021299 
  0.086774 ,  -0.038571, -0.019250 
  0.086461 ,  -0.028884, -0.015247 
  0.086140 ,  -0.019121, -0.009611 
  0.085812 ,  -0.009336, -0.002938 
  0.085475 ,  0.000416, 0.003991 
  0.085130 ,  0.010080, 0.010329 
  0.084777 ,  0.019605, 0.015297 
  0.084415 ,  0.028940, 0.018311 
  0.084044 ,  0.038037, 0.019070 
  0.083664 ,  0.046849, 0.017613 
  0.083274 ,  0.055333, 0.014311 
  0.082876 ,  0.063450, 0.009809 
  0.082467 ,  0.071164, 0.004926 
  0.082049 ,  0.078440, 0.000528 
  0.081621 ,  0.085250, -0.002611 
  0.081183 ,  0.091568, -0.003927 
  0.080735 ,  0.097373, -0.003153 
  0.080277 ,  0.102647, -0.000363 
  0.079808 ,  0.107377, 0.004048 
  0.079329 ,  0.111552, 0.009422 
  0.078839 ,  0.115167, 0.014947 
  0.078338 ,  0.118220, 0.019782 
  0.077827 ,  0.120713, 0.023185 
  0.077305 ,  0.122650, 0.024626 
  0.076772 ,  0.124040, 0.023860 
  0.076228 ,  0.124895, 0.020962 
  0.075673 ,  0.125229, 0.016298 
  0.075107 ,  0.125059, 0.010465 
  0.074530 ,  0.124404, 0.004190 
  0.073941 ,  0.123285, -0.001792 
  0.073342 ,  0.121727, -0.006846 
  0.072731 ,  0.119752, -0.010536 
  0.072109 ,  0.117389, -0.012679 
  0.071476 ,  0.114662, -0.013360 
  0.070832 ,  0.111601, -0.012899 
  0.070176 ,  0.108233, -0.011783 
  0.069510 ,  0.104587, -0.010568 
  0.068832 ,  0.100690, -0.009773 
  0.068143 ,  0.096571, -0.009783 
  0.067443 ,  0.092258, -0.010780 
  0.066731 ,  0.087777, -0.012705 
  0.066009 ,  0.083154, -0.015273 
  0.065275 ,  0.078415, -0.018015 
  0.064530 ,  0.073585, -0.020365 
  0.063774 ,  0.068686, -0.021758 
  0.063007 ,  0.063739, -0.021735 
  0.062229 ,  0.058767, -0.020027 
  0.061440 ,  0.053787, -0.016612 
  0.060640 ,  0.048819, -0.011730 
  0.059828 ,  0.043879, -0.005856 
  0.059006 ,  0.038981, 0.000365 
  0.058172 ,  0.034141, 0.006211 
  0.057327 ,  0.029372, 0.010999 
  0.056472 ,  0.024684, 0.014182 
  0.055605 ,  0.020088, 0.015440 
  0.054726 ,  0.015595, 0.014729 
  0.053837 ,  0.011212, 0.012293 
  0.052937 ,  0.006946, 0.008626 
  0.052025 ,  0.002805, 0.004404 
  0.051101 ,  -0.001205, 0.000383 
  0.050167 ,  -0.005081, -0.002712 
  0.049221 ,  -0.008817, -0.004296 
  0.048263 ,  -0.012409, -0.004010 
  0.047294 ,  -0.015855, -0.001768 
  0.046313 ,  -0.019152, 0.002222 
  0.045320 ,  -0.022298, 0.007499 
  0.044315 ,  -0.025290, 0.013410 
  0.043299 ,  -0.028129, 0.019207 
  0.042270 ,  -0.030813, 0.024155 
  0.041228 ,  -0.033342, 0.027629 
  0.040175 ,  -0.035716, 0.029202 
  0.039108 ,  -0.037936, 0.028693 
  0.038029 ,  -0.040002, 0.026183 
  0.036937 ,  -0.041916, 0.021991 
  0.035832 ,  -0.043679, 0.016617 
  0.034714 ,  -0.045294, 0.010659 
  0.033582 ,  -0.046764, 0.004724 
  0.032437 ,  -0.048092, -0.000662 
  0.031278 ,  -0.049281, -0.005123 
  0.030104 ,  -0.050336, -0.008479 
  0.028917 ,  -0.051260, -0.010752 
  0.027715 ,  -0.052060, -0.012152 
  0.026498 ,  -0.052741, -0.013016 
  0.025267 ,  -0.053308, -0.013747 
  0.024020 ,  -0.053769, -0.014727 
  0.022758 ,  -0.054129, -0.016249 
  0.021481 ,  -0.054395, -0.018456 
  0.020187 ,  -0.054576, -0.021311 
  0.018878 ,  -0.054678, -0.024592 
  0.017553 ,  -0.054709, -0.027921 
  0.016211 ,  -0.054677, -0.030818 
  0.014852 ,  -0.054588, -0.032768 
  0.013476 ,  -0.054451, -0.033306 
  0.012084 ,  -0.054273, -0.032081 
  0.010673 ,  -0.054061, -0.028920 
  0.009246 ,  -0.053820, -0.023860 
  0.007801 ,  -0.053557, -0.017150 
  0.006338 ,  -0.053278, -0.009233 
  0.004856 ,  -0.052986, -0.000691 
  0.003357 ,  -0.052686, 0.007822 
  0.001839 ,  -0.052381, 0.015655 
  0.000303 ,  -0.052073, 0.022239 
  -0.001253 ,  -0.051763, 0.027151 
  -0.002826 ,  -0.051452, 0.030159 
  -0.004419 ,  -0.051138, 0.031241 
  -0.006031 ,  -0.050819, 0.030577 
  -0.007662 ,  -0.050494, 0.028518 
  -0.009311 ,  -0.050157, 0.025528 
  -0.010980 ,  -0.049803, 0.022122 
  -0.012669 ,  -0.049428, 0.018791 
  -0.014376 ,  -0.049024, 0.015939 
  -0.016102 ,  -0.048583, 0.013834 
  -0.017847 ,  -0.048099, 0.012574 
  -0.019612 ,  -0.047561, 0.012084 
  -0.021395 ,  -0.046961, 0.012131 
  -0.023196 ,  -0.046289, 0.012368 
  -0.025017 ,  -0.045536, 0.012385 
  -0.026855 ,  -0.044691, 0.011775 
  -0.028712 ,  -0.043747, 0.010201 
  -0.030587 ,  -0.042693, 0.007447 
  -0.032479 ,  -0.041521, 0.003459 
  -0.034389 ,  -0.040224, -0.001632 
  -0.036315 ,  -0.038793, -0.007525 
  -0.038258 ,  -0.037224, -0.013768 
  -0.040218 ,  -0.035511, -0.019816 
  -0.042193 ,  -0.033651, -0.025087 
  -0.044183 ,  -0.031641, -0.029037 
  -0.046189 ,  -0.029480, -0.031226 
  -0.048208 ,  -0.027170, -0.031375 
  -0.050241 ,  -0.024714, -0.029405 
  -0.052287 ,  -0.022114, -0.025454 
  -0.054346 ,  -0.019378, -0.019865 
  -0.056416 ,  -0.016512, -0.013155 
  -0.058498 ,  -0.013527, -0.005958 
  -0.060589 ,  -0.010433, 0.001046 
  -0.062691 ,  -0.007243, 0.007201 
  -0.064800 ,  -0.003971, 0.011956 
  -0.066918 ,  -0.000631, 0.014916 
  -0.069043 ,  0.002758, 0.015891 
  -0.071173 ,  0.006181, 0.014910 
  -0.073309 ,  0.009618, 0.012212 
  -0.075449 ,  0.013050, 0.008211 
  -0.077591 ,  0.016459, 0.003445 
  -0.079736 ,  0.019824, -0.001493 
  -0.081882 ,  0.023125, -0.006028 
  -0.084027 ,  0.026345, -0.009666 
  -0.086171 ,  0.029463, -0.012050 
  -0.088312 ,  0.032462, -0.012994 
  -0.090450 ,  0.035325, -0.012492 
  -0.092582 ,  0.038037, -0.010706 
  -0.094708 ,  0.040583, -0.007929 
  -0.096827 ,  0.042950, -0.004540 
  -0.098936 ,  0.045128, -0.000940 
  -0.101035 ,  0.047109, 0.002496 
  -0.103123 ,  0.048884, 0.005475 
  -0.105197 ,  0.050451, 0.007814 
  -0.107257 ,  0.051807, 0.009452 
  -0.109301 ,  0.052952, 0.010444 
  -0.111327 ,  0.053889, 0.010939 
  -0.113335 ,  0.054622, 0.011135 
  -0.115322 ,  0.055160, 0.011238 
  -0.117287 ,  0.055511, 0.011421 
  -0.119229 ,  0.055687, 0.011785 
  -0.121147 ,  0.055701, 0.012342 
  -0.123037 ,  0.055570, 0.013011 
  -0.124900 ,  0.055308, 0.013632 
  -0.126733 ,  0.054936, 0.013997 
  -0.128535 ,  0.054471, 0.013889 
  -0.130305 ,  0.053933, 0.013123 
  -0.132040 ,  0.053344, 0.011582 
  -0.133740 ,  0.052723, 0.009246 
  -0.135402 ,  0.052092, 0.006203 
  -0.137026 ,  0.051469, 0.002639 
  -0.138609 ,  0.050875, -0.001180 
  -0.140150 ,  0.050327, -0.004950 
  -0.141649 ,  0.049842, -0.008370 
  -0.143102 ,  0.049435, -0.011185 
  -0.144509 ,  0.049120, -0.013222 
  -0.145868 ,  0.048906, -0.014414 
  -0.147178 ,  0.048804, -0.014808 
  -0.148437 ,  0.048817, -0.014550 
  -0.149645 ,  0.048951, -0.013859 
  -0.150799 ,  0.049204, -0.012989 
  -0.151898 ,  0.049575, -0.012183 
  -0.152941 ,  0.050056, -0.011633 
  -0.153927 ,  0.050640, -0.011450 
  -0.154854 ,  0.051314, -0.011640 
  -0.155721 ,  0.052064, -0.012110 
  -0.156528 ,  0.052872, -0.012682 
  -0.157272 ,  0.053719, -0.013123 
  -0.157953 ,  0.054580, -0.013187 
  -0.158570 ,  0.055432, -0.012655 
  -0.159121 ,  0.056248, -0.011378 
  -0.159606 ,  0.056999, -0.009295 
  -0.160024 ,  0.057657, -0.006453 
  -0.160374 ,  0.058190, -0.002996 
  -0.160655 ,  0.058568, 0.000854 
  -0.160866 ,  0.058760, 0.004827 
  -0.161007 ,  0.058736, 0.008649 
  -0.161077 ,  0.058464, 0.012074 
  -0.161075 ,  0.057917, 0.014915 
  -0.161001 ,  0.057068, 0.017068 
  -0.160854 ,  0.055891, 0.018507 
  -0.160634 ,  0.054364, 0.019281 
  -0.160340 ,  0.052466, 0.019486 
  -0.159972 ,  0.050182, 0.019241 
  -0.159530 ,  0.047497, 0.018651 
  -0.159014 ,  0.044401, 0.017787 
  -0.158423 ,  0.040889, 0.016672 
  -0.157758 ,  0.036960, 0.015277 
  -0.157018 ,  0.032615, 0.013538 
  -0.156203 ,  0.027862, 0.011375 
  -0.155314 ,  0.022712, 0.008730 
  -0.154350 ,  0.017180, 0.005592 
  -0.153313 ,  0.011288, 0.002026 
  -0.152201 ,  0.005060, -0.001819 
  -0.151017 ,  -0.001476, -0.005712 
  -0.149759 ,  -0.008287, -0.009359 
  -0.148428 ,  -0.015336, -0.012444 
  -0.147026 ,  -0.022585, -0.014671 
  -0.145553 ,  -0.029991, -0.015814 
  -0.144008 ,  -0.037508, -0.015758 
  -0.142394 ,  -0.045088, -0.014524 
  -0.140711 ,  -0.052683, -0.012285 
  -0.138959 ,  -0.060242, -0.009341 
  -0.137140 ,  -0.067713, -0.006092 
  -0.135255 ,  -0.075044, -0.002982 
  -0.133305 ,  -0.082185, -0.000432 
  -0.131290 ,  -0.089083, 0.001213 
  -0.129212 ,  -0.095689, 0.001747 
  -0.127073 ,  -0.101956, 0.001125 
  -0.124873 ,  -0.107838, -0.000520 
  -0.122613 ,  -0.113291, -0.002899 
  -0.120296 ,  -0.118275, -0.005612 
  -0.117922 ,  -0.122754, -0.008204 
  -0.115494 ,  -0.126695, -0.010239 
  -0.113012 ,  -0.130071, -0.011365 
  -0.110478 ,  -0.132856, -0.011368 
  -0.107893 ,  -0.135032, -0.010204 
  -0.105260 ,  -0.136584, -0.008000 
  -0.102580 ,  -0.137504, -0.005036 
  -0.099855 ,  -0.137787, -0.001689 
  -0.097087 ,  -0.137434, 0.001623 
  -0.094276 ,  -0.136452, 0.004517 
  -0.091426 ,  -0.134851, 0.006704 
  -0.088538 ,  -0.132648, 0.008037 
  -0.085613 ,  -0.129863, 0.008525 
  -0.082655 ,  -0.126522, 0.008330 
  -0.079664 ,  -0.122653, 0.007725 
  -0.076643 ,  -0.118291, 0.007038 
  -0.073593 ,  -0.113472, 0.006580 
  -0.070517 ,  -0.108235, 0.006584 
  -0.067417 ,  -0.102623, 0.007146 
  -0.064295 ,  -0.096681, 0.008197 
  -0.061152 ,  -0.090454, 0.009511 
  -0.057991 ,  -0.083991, 0.010735 
  -0.054814 ,  -0.077339, 0.011453 
  -0.051622 ,  -0.070547, 0.011266 
  -0.048419 ,  -0.063662, 0.009875 
  -0.045205 ,  -0.056733, 0.007155 
  -0.041984 ,  -0.049805, 0.003199 
  -0.038756 ,  -0.042923, -0.001662 
  -0.035525 ,  -0.036129, -0.006895 
  -0.032292 ,  -0.029463, -0.011822 
  -0.029059 ,  -0.022962, -0.015721 
  -0.025828 ,  -0.016659, -0.017936 
  -0.022602 ,  -0.010586, -0.017987 
  -0.019381 ,  -0.004769, -0.015661 
  -0.016169 ,  0.000770, -0.011068 
  -0.012966 ,  0.006011, -0.004652 
  -0.009776 ,  0.010939, 0.002850 
  -0.006599 ,  0.015545, 0.010499 
  -0.003438 ,  0.019821, 0.017271 
  -0.000294 ,  0.023765, 0.022204 
  0.002830 ,  0.027378, 0.024537 
  0.005933 ,  0.030667, 0.023825 
  0.009014 ,  0.033640, 0.020014 
  0.012070 ,  0.036309, 0.013464 
  0.015100 ,  0.038691, 0.004904 
  0.018102 ,  0.040804, -0.004655 
  0.021075 ,  0.042669, -0.014059 
  0.024018 ,  0.044309, -0.022165 
  0.026928 ,  0.045749, -0.028004 
  0.029804 ,  0.047016, -0.030910 
  0.032645 ,  0.048138, -0.030611 
  0.035449 ,  0.049143, -0.027263 
  0.038216 ,  0.050059, -0.021420 
  0.040944 ,  0.050915, -0.013945 
  0.043632 ,  0.051739, -0.005883 
  0.046278 ,  0.052558, 0.001699 
  0.048881 ,  0.053398, 0.007865 
  0.051441 ,  0.054283, 0.011946 
  0.053957 ,  0.055235, 0.013626 
  0.056427 ,  0.056275, 0.012980 
  0.058851 ,  0.057421, 0.010442 
  0.061227 ,  0.058688, 0.006723 
  0.063556 ,  0.060087, 0.002686 
  0.065836 ,  0.061630, -0.000799 
  0.068066 ,  0.063321, -0.003006 
  0.070246 ,  0.065165, -0.003463 
  0.072376 ,  0.067161, -0.002037 
  0.074455 ,  0.069306, 0.001055 
  0.076482 ,  0.071594, 0.005280 
  0.078457 ,  0.074016, 0.009884 
  0.080379 ,  0.076559, 0.014020 
  0.082249 ,  0.079208, 0.016891 
  0.084067 ,  0.081945, 0.017889 
  0.085831 ,  0.084750, 0.016698 
  0.087541 ,  0.087601, 0.013357 
  0.089199 ,  0.090473, 0.008257 
  0.090803 ,  0.093339, 0.002087 
  0.092354 ,  0.096172, -0.004271 
  0.093851 ,  0.098944, -0.009886 
  0.095295 ,  0.101623, -0.013921 
  0.096686 ,  0.104181, -0.015770 
  0.098024 ,  0.106585, -0.015160 
  0.099310 ,  0.108806, -0.012198 
  0.100543 ,  0.110812, -0.007357 
  0.101723 ,  0.112575, -0.001411 
  0.102852 ,  0.114064, 0.004688 
  0.103930 ,  0.115253, 0.009954 
  0.104957 ,  0.116114, 0.013522 
  0.105933 ,  0.116624, 0.014782 
  0.106859 ,  0.116758, 0.013478 
  0.107736 ,  0.116496, 0.009749 
  0.108563 ,  0.115820, 0.004111 
  0.109343 ,  0.114712, -0.002621 
  0.110075 ,  0.113159, -0.009455 
  0.110760 ,  0.111150, -0.015374 
  0.111398 ,  0.108676, -0.019491 
  0.111991 ,  0.105731, -0.021180 
  0.112538 ,  0.102313, -0.020175 
  0.113042 ,  0.098422, -0.016606 
  0.113502 ,  0.094059, -0.010975 
  0.113920 ,  0.089231, -0.004082 
  0.114295 ,  0.083947, 0.003099 
  0.114630 ,  0.078216, 0.009569 
  0.114925 ,  0.072053, 0.014450 
  0.115180 ,  0.065475, 0.017116 
  0.115396 ,  0.058499, 0.017281 
  0.115575 ,  0.051148, 0.015029 
  0.115717 ,  0.043444, 0.010796 
  0.115823 ,  0.035414, 0.005292 
  0.115894 ,  0.027084, -0.000619 
  0.115931 ,  0.018483, -0.006048 
  0.115935 ,  0.009644, -0.010226 
  0.115906 ,  0.000597, -0.012616 
  0.115846 ,  -0.008622, -0.012985 
  0.115756 ,  -0.017980, -0.011434 
  0.115635 ,  -0.027440, -0.008367 
  0.115486 ,  -0.036966, -0.004414 
  0.115308 ,  -0.046520, -0.000322 
  0.115104 ,  -0.056064, 0.003170 
  0.114873 ,  -0.065561, 0.005460 
  0.114617 ,  -0.074971, 0.006172 
  0.114336 ,  -0.084257, 0.005226 
  0.114032 ,  -0.093381, 0.002838 
  0.113704 ,  -0.102304, -0.000506 
  0.113355 ,  -0.110989, -0.004142 
  0.112984 ,  -0.119400, -0.007331 
  0.112592 ,  -0.127501, -0.009381 
  0.112181 ,  -0.135257, -0.009766 
  0.111751 ,  -0.142635, -0.008207 
  0.111302 ,  -0.149601, -0.004728 
  0.110836 ,  -0.156125, 0.000347 
  0.110352 ,  -0.162177, 0.006436 
  0.109853 ,  -0.167730, 0.012782 
  0.109338 ,  -0.172757, 0.018563 
  0.108808 ,  -0.177234, 0.023013 
  0.108263 ,  -0.181139, 0.025527 
  0.107705 ,  -0.184453, 0.025751 
  0.107134 ,  -0.187157, 0.023625 
  0.106550 ,  -0.189236, 0.019391 
  0.105955 ,  -0.190678, 0.013550 
  0.105348 ,  -0.191472, 0.006791 
  0.104729 ,  -0.191610, -0.000115 
  0.104101 ,  -0.191088, -0.006415 
  0.103462 ,  -0.189903, -0.011483 
  0.102814 ,  -0.188057, -0.014893 
  0.102157 ,  -0.185551, -0.016471 
  0.101491 ,  -0.182394, -0.016300 
  0.100816 ,  -0.178593, -0.014692 
  0.100134 ,  -0.174160, -0.012131 
  0.099445 ,  -0.169111, -0.009190 
  0.098748 ,  -0.163463, -0.006442 
  0.098044 ,  -0.157236, -0.004376 
  0.097333 ,  -0.150453, -0.003333 
  0.096617 ,  -0.143139, -0.003460 
  0.095894 ,  -0.135322, -0.004705 
  0.095166 ,  -0.127033, -0.006833 
  0.094432 ,  -0.118303, -0.009469 
  0.093693 ,  -0.109168, -0.012164 
  0.092949 ,  -0.099664, -0.014460 
  0.092200 ,  -0.089829, -0.015957 
  0.091447 ,  -0.079701, -0.016362 
  0.090689 ,  -0.069324, -0.015525 
  0.089928 ,  -0.058738, -0.013452 
  0.089162 ,  -0.047986, -0.010288 
  0.088392 ,  -0.037113, -0.006293 
  0.087618 ,  -0.026162, -0.001800 
  0.086841 ,  -0.015178, 0.002836 
  0.086060 ,  -0.004205, 0.007277 
  0.085277 ,  0.006713, 0.011244 
  0.084490 ,  0.017533, 0.014537 
  0.083699 ,  0.028210, 0.017050 
  0.082906 ,  0.038705, 0.018761 
  0.082111 ,  0.048975, 0.019722 
  0.081312 ,  0.058981, 0.020035 
  0.080511 ,  0.068687, 0.019825 
  0.079707 ,  0.078055, 0.019219 
  0.078901 ,  0.087052, 0.018321 
  0.078092 ,  0.095647, 0.017207 
  0.077281 ,  0.103809, 0.015915 
  0.076469 ,  0.111511, 0.014448 
  0.075654 ,  0.118730, 0.012788 
  0.074837 ,  0.125443, 0.010899 
  0.074018 ,  0.131630, 0.008748 
  0.073198 ,  0.137276, 0.006314 
  0.072376 ,  0.142367, 0.003596 
  0.071553 ,  0.146891, 0.000625 
  0.070728 ,  0.150842, -0.002541 
  0.069902 ,  0.154214, -0.005812 
  0.069074 ,  0.157005, -0.009071 
  0.068246 ,  0.159215, -0.012183 
  0.067417 ,  0.160848, -0.015002 
  0.066587 ,  0.161909, -0.017383 
  0.065756 ,  0.162405, -0.019191 
  0.064925 ,  0.162349, -0.020318 
  0.064093 ,  0.161753, -0.020690 
  0.063261 ,  0.160632, -0.020280 
  0.062429 ,  0.159002, -0.019119 
  0.061597 ,  0.156883, -0.017292 
  0.060765 ,  0.154296, -0.014941 
  0.059933 ,  0.151261, -0.012251 
  0.059102 ,  0.147804, -0.009437 
  0.058272 ,  0.143947, -0.006719 
  0.057442 ,  0.139718, -0.004296 
  0.056614 ,  0.135142, -0.002316 
  0.055786 ,  0.130247, -0.000859 
  0.054960 ,  0.125061, 0.000083 
  0.054135 ,  0.119611, 0.000611 
  0.053312 ,  0.113927, 0.000904 
  0.052491 ,  0.108036, 0.001203 
  0.051671 ,  0.101967, 0.001765 
  0.050854 ,  0.095749, 0.002829 
  0.050039 ,  0.089409, 0.004563 
  0.049226 ,  0.082975, 0.007029 
  0.048416 ,  0.076475, 0.010152 
  0.047609 ,  0.069934, 0.013712 
  0.046804 ,  0.063379, 0.017360 
  0.046002 ,  0.056834, 0.020652 
  0.045204 ,  0.050324, 0.023108 
  0.044409 ,  0.043871, 0.024280 
  0.043617 ,  0.037498, 0.023823 
  0.042829 ,  0.031226, 0.021564 
  0.042044 ,  0.025075, 0.017543 
  0.041263 ,  0.019063, 0.012035 
  0.040485 ,  0.013209, 0.005529 
  0.039712 ,  0.007529, -0.001315 
  0.038942 ,  0.002037, -0.007750 
  0.038176 ,  -0.003253, -0.013038 
  0.037414 ,  -0.008327, -0.016555 
  0.036656 ,  -0.013175, -0.017888 
  0.035902 ,  -0.017787, -0.016905 
  0.035151 ,  -0.022155, -0.013790 
  0.034405 ,  -0.026271, -0.009032 
  0.033662 ,  -0.030130, -0.003371 
  0.032923 ,  -0.033728, 0.002300 
  0.032188 ,  -0.037061, 0.007058 
  0.031456 ,  -0.040129, 0.010087 
  0.030728 ,  -0.042931, 0.010799 
  0.030003 ,  -0.045468, 0.008938 
  0.029281 ,  -0.047743, 0.004632 
  0.028562 ,  -0.049760, -0.001612 
  0.027845 ,  -0.051525, -0.008961 
  0.027131 ,  -0.053043, -0.016367 
  0.026419 ,  -0.054322, -0.022716 
  0.025709 ,  -0.055372, -0.026984 
  0.025001 ,  -0.056203, -0.028400 
  0.024294 ,  -0.056825, -0.026564 
  0.023587 ,  -0.057252, -0.021525 
  0.022882 ,  -0.057496, -0.013790 
  0.022176 ,  -0.057571, -0.004269 
  0.021470 ,  -0.057492, 0.005844 
  0.020764 ,  -0.057275, 0.015234 
  0.020056 ,  -0.056936, 0.022652 
  0.019347 ,  -0.056492, 0.027097 
  0.018636 ,  -0.055959, 0.027965 
  0.017921 ,  -0.055355, 0.025149 
  0.017204 ,  -0.054696, 0.019064 
  0.016483 ,  -0.054001, 0.010598 
  0.015757 ,  -0.053287, 0.000995 
  0.015027 ,  -0.052570, -0.008324 
  0.014290 ,  -0.051866, -0.015955 
  0.013548 ,  -0.051192, -0.020725 
  0.012798 ,  -0.050562, -0.021859 
  0.012041 ,  -0.049991, -0.019102 
  0.011276 ,  -0.049492, -0.012764 
  0.010501 ,  -0.049077, -0.003685 
  0.009717 ,  -0.048756, 0.006879 
  0.008922 ,  -0.048540, 0.017427 
  0.008116 ,  -0.048435, 0.026427 
  0.007298 ,  -0.048449, 0.032532 
  0.006467 ,  -0.048587, 0.034772 
  0.005622 ,  -0.048850, 0.032694 
  0.004763 ,  -0.049240, 0.026429 
  0.003889 ,  -0.049758, 0.016675 
  0.002999 ,  -0.050399, 0.004603 
  0.002093 ,  -0.051160, -0.008304 
  0.001168 ,  -0.052034, -0.020456 
  0.000226 ,  -0.053013, -0.030373 
  -0.000736 ,  -0.054089, -0.036883 
  -0.001717 ,  -0.055248, -0.039272 
  -0.002719 ,  -0.056477, -0.037371 
  -0.003743 ,  -0.057763, -0.031563 
  -0.004788 ,  -0.059089, -0.022712 
  -0.005857 ,  -0.060436, -0.012030 
  -0.006949 ,  -0.061788, -0.000897 
  -0.008066 ,  -0.063123, 0.009334 
  -0.009207 ,  -0.064422, 0.017518 
  -0.010374 ,  -0.065663, 0.022862 
  -0.011568 ,  -0.066824, 0.025016 
  -0.012789 ,  -0.067885, 0.024084 
  -0.014037 ,  -0.068823, 0.020583 
  -0.015313 ,  -0.069616, 0.015329 
  -0.016619 ,  -0.070243, 0.009299 
  -0.017953 ,  -0.070684, 0.003469 
  -0.019317 ,  -0.070918, -0.001334 
  -0.020711 ,  -0.070925, -0.004544 
  -0.022136 ,  -0.070689, -0.005928 
  -0.023591 ,  -0.070193, -0.005589 
  -0.025078 ,  -0.069422, -0.003920 
  -0.026596 ,  -0.068362, -0.001517 
  -0.028146 ,  -0.067002, 0.000945 
  -0.029728 ,  -0.065333, 0.002835 
  -0.031342 ,  -0.063347, 0.003677 
  -0.032988 ,  -0.061038, 0.003232 
  -0.034666 ,  -0.058405, 0.001527 
  -0.036377 ,  -0.055445, -0.001156 
  -0.038119 ,  -0.052162, -0.004341 
  -0.039893 ,  -0.048558, -0.007452 
  -0.041699 ,  -0.044641, -0.009917 
  -0.043537 ,  -0.040419, -0.011275 
  -0.045406 ,  -0.035903, -0.011260 
  -0.047306 ,  -0.031107, -0.009851 
  -0.049236 ,  -0.026045, -0.007273 
  -0.051195 ,  -0.020736, -0.003961 
  -0.053185 ,  -0.015198, -0.000482 
  -0.055203 ,  -0.009454, 0.002563 
  -0.057249 ,  -0.003525, 0.004643 
  -0.059322 ,  0.002563, 0.005391 
  -0.061422 ,  0.008785, 0.004673 
  -0.063547 ,  0.015115, 0.002610 
  -0.065697 ,  0.021524, -0.000435 
  -0.067870 ,  0.027983, -0.003914 
  -0.070066 ,  0.034464, -0.007185 
  -0.072283 ,  0.040938, -0.009613 
  -0.074521 ,  0.047373, -0.010676 
  -0.076777 ,  0.053741, -0.010049 
  -0.079050 ,  0.060013, -0.007662 
  -0.081340 ,  0.066158, -0.003707 
  -0.083644 ,  0.072149, 0.001384 
  -0.085961 ,  0.077958, 0.007008 
  -0.088289 ,  0.083557, 0.012483 
  -0.090627 ,  0.088922, 0.017151 
  -0.092973 ,  0.094026, 0.020472 
  -0.095324 ,  0.098848, 0.022106 
  -0.097680 ,  0.103365, 0.021949 
  -0.100038 ,  0.107557, 0.020141 
  -0.102397 ,  0.111404, 0.017032 
  -0.104754 ,  0.114891, 0.013109 
  -0.107107 ,  0.118002, 0.008917 
  -0.109453 ,  0.120724, 0.004964 
  -0.111792 ,  0.123044, 0.001639 
  -0.114120 ,  0.124954, -0.000840 
  -0.116436 ,  0.126446, -0.002456 
  -0.118736 ,  0.127514, -0.003373 
  -0.121019 ,  0.128153, -0.003898 
  -0.123283 ,  0.128363, -0.004405 
  -0.125524 ,  0.128142, -0.005257 
  -0.127740 ,  0.127493, -0.006729 
  -0.129929 ,  0.126419, -0.008941 
  -0.132089 ,  0.124925, -0.011832 
  -0.134216 ,  0.123017, -0.015153 
  -0.136309 ,  0.120705, -0.018507 
  -0.138364 ,  0.117998, -0.021408 
  -0.140379 ,  0.114907, -0.023363 
  -0.142352 ,  0.111446, -0.023956 
  -0.144279 ,  0.107629, -0.022921 
  -0.146159 ,  0.103471, -0.020196 
  -0.147988 ,  0.098988, -0.015942 
  -0.149765 ,  0.094200, -0.010523 
  -0.151486 ,  0.089124, -0.004465 
  -0.153149 ,  0.083780, 0.001622 
  -0.154751 ,  0.078190, 0.007129 
  -0.156290 ,  0.072375, 0.011534 
  -0.157764 ,  0.066357, 0.014476 
  -0.159169 ,  0.060159, 0.015798 
  -0.160504 ,  0.053805, 0.015564 
  -0.161766 ,  0.047320, 0.014038 
  -0.162953 ,  0.040728, 0.011639 
  -0.164062 ,  0.034054, 0.008864 
  -0.165091 ,  0.027323, 0.006215 
  -0.166038 ,  0.020561, 0.004121 
  -0.166900 ,  0.013794, 0.002880 
  -0.167677 ,  0.007047, 0.002621 
  -0.168364 ,  0.000346, 0.003300 
  -0.168962 ,  -0.006283, 0.004723 
  -0.169467 ,  -0.012816, 0.006587 
  -0.169878 ,  -0.019226, 0.008545 
  -0.170193 ,  -0.025491, 0.010263 
  -0.170411 ,  -0.031586, 0.011475 
  -0.170530 ,  -0.037488, 0.012020 
  -0.170548 ,  -0.043175, 0.011855 
  -0.170464 ,  -0.048625, 0.011046 
  -0.170277 ,  -0.053817, 0.009740 
  -0.169986 ,  -0.058733, 0.008119 
  -0.169589 ,  -0.063355, 0.006355 
  -0.169085 ,  -0.067666, 0.004570 
  -0.168474 ,  -0.071651, 0.002811 
  -0.167755 ,  -0.075296, 0.001043 
  -0.166927 ,  -0.078590, -0.000832 
  -0.165990 ,  -0.081522, -0.002945 
  -0.164943 ,  -0.084084, -0.005415 
  -0.163786 ,  -0.086271, -0.008298 
  -0.162518 ,  -0.088077, -0.011555 
  -0.161140 ,  -0.089501, -0.015028 
  -0.159652 ,  -0.090542, -0.018446 
  -0.158054 ,  -0.091203, -0.021450 
  -0.156346 ,  -0.091487, -0.023645 
  -0.154529 ,  -0.091402, -0.024661 
  -0.152603 ,  -0.090956, -0.024227 
  -0.150569 ,  -0.090159, -0.022219 
  -0.148427 ,  -0.089023, -0.018707 
  -0.146180 ,  -0.087565, -0.013956 
  -0.143827 ,  -0.085800, -0.008409 
  -0.141371 ,  -0.083746, -0.002631 
  -0.138811 ,  -0.081424, 0.002773 
  -0.136151 ,  -0.078856, 0.007239 
  -0.133392 ,  -0.076064, 0.010336 
  -0.130534 ,  -0.073072, 0.011834 
  -0.127581 ,  -0.069906, 0.011740 
  -0.124535 ,  -0.066592, 0.010303 
  -0.121396 ,  -0.063157, 0.007971 
  -0.118168 ,  -0.059628, 0.005328 
  -0.114854 ,  -0.056033, 0.002989 
  -0.111455 ,  -0.052400, 0.001503 
  -0.107974 ,  -0.048754, 0.001256 
  -0.104414 ,  -0.045125, 0.002405 
  -0.100777 ,  -0.041538, 0.004843 
  -0.097068 ,  -0.038018, 0.008214 
  -0.093288 ,  -0.034590, 0.011970 
  -0.089442 ,  -0.031276, 0.015461 
  -0.085532 ,  -0.028100, 0.018047 
  -0.081562 ,  -0.025079, 0.019212 
  -0.077535 ,  -0.022234, 0.018660 
  -0.073454 ,  -0.019579, 0.016373 
  -0.069325 ,  -0.017129, 0.012627 
  -0.065149 ,  -0.014895, 0.007954 
  -0.060932 ,  -0.012887, 0.003060 
  -0.056677 ,  -0.011112, -0.001296 
  -0.052387 ,  -0.009575, -0.004435 
  -0.048068 ,  -0.008277, -0.005881 
  -0.043723 ,  -0.007219, -0.005462 
  -0.039357 ,  -0.006397, -0.003354 
  -0.034972 ,  -0.005806, -0.000079 
  -0.030575 ,  -0.005439, 0.003571 
  -0.026169 ,  -0.005285, 0.006653 
  -0.021759 ,  -0.005333, 0.008227 
  -0.017348 ,  -0.005569, 0.007524 
  -0.012942 ,  -0.005976, 0.004093 
  -0.008545 ,  -0.006537, -0.002089 
  -0.004161 ,  -0.007234, -0.010573 
  0.000206 ,  -0.008045, -0.020472 
  0.004550 ,  -0.008949, -0.030554 
  0.008868 ,  -0.009925, -0.039411 
  0.013155 ,  -0.010948, -0.045657 
  0.017407 ,  -0.011997, -0.048140 
  0.021618 ,  -0.013047, -0.046126 
  0.025786 ,  -0.014076, -0.039436 
  0.029905 ,  -0.015060, -0.028506 
  0.033971 ,  -0.015978, -0.014352 
  0.037980 ,  -0.016807, 0.001540 
  0.041928 ,  -0.017527, 0.017404 
  0.045810 ,  -0.018119, 0.031433 
  0.049622 ,  -0.018565, 0.042020 
  0.053362 ,  -0.018849, 0.047992 
  0.057023 ,  -0.018956, 0.048771 
  0.060603 ,  -0.018874, 0.044459 
  0.064098 ,  -0.018592, 0.035830 
  0.067505 ,  -0.018102, 0.024215 
  0.070819 ,  -0.017396, 0.011317 
  0.074037 ,  -0.016471, -0.001040 
  0.077155 ,  -0.015325, -0.011171 
  0.080171 ,  -0.013957, -0.017772 
  0.083082 ,  -0.012371, -0.020109 
  0.085884 ,  -0.010571, -0.018114 
  0.088574 ,  -0.008563, -0.012386 
  0.091149 ,  -0.006355, -0.004093 
  0.093608 ,  -0.003960, 0.005220 
  0.095947 ,  -0.001387, 0.013867 
  0.098165 ,  0.001348, 0.020289 
  0.100258 ,  0.004232, 0.023298 
  0.102226 ,  0.007246, 0.022256 
  0.104065 ,  0.010374, 0.017182 
  0.105775 ,  0.013598, 0.008747 
  0.107353 ,  0.016898, -0.001833 
  0.108799 ,  0.020255, -0.012978 
  0.110111 ,  0.023649, -0.022994 
  0.111289 ,  0.027060, -0.030338 
  0.112330 ,  0.030468, -0.033855 
  0.113235 ,  0.033854, -0.032965 
  0.114003 ,  0.037199, -0.027753 
  0.114633 ,  0.040484, -0.018964 
  0.115126 ,  0.043693, -0.007890 
  0.115482 ,  0.046807, 0.003822 
  0.115700 ,  0.049812, 0.014428 
  0.115781 ,  0.052694, 0.022345 
  0.115725 ,  0.055440, 0.026403 
  0.115534 ,  0.058037, 0.026021 
  0.115208 ,  0.060477, 0.021299 
  0.114748 ,  0.062750, 0.013006 
  0.114156 ,  0.064849, 0.002463 
  0.113433 ,  0.066769, -0.008654 
  0.112581 ,  0.068506, -0.018579 
  0.111601 ,  0.070057, -0.025714 
  0.110496 ,  0.071420, -0.028886 
  0.109267 ,  0.072597, -0.027522 
  0.107917 ,  0.073589, -0.021739 
  0.106448 ,  0.074397, -0.012334 
  0.104864 ,  0.075027, -0.000662 
  0.103166 ,  0.075482, 0.011566 
  0.101359 ,  0.075768, 0.022537 
  0.099444 ,  0.075891, 0.030614 
  0.097426 ,  0.075857, 0.034577 
  0.095308 ,  0.075674, 0.033812 
  0.093092 ,  0.075349, 0.028396 
  0.090784 ,  0.074889, 0.019092 
  0.088387 ,  0.074301, 0.007233 
  0.085905 ,  0.073592, -0.005480 
  0.083341 ,  0.072769, -0.017230 
  0.080701 ,  0.071838, -0.026350 
  0.077989 ,  0.070805, -0.031572 
  0.075208 ,  0.069674, -0.032211 
  0.072364 ,  0.068450, -0.028258 
  0.069460 ,  0.067136, -0.020377 
  0.066503 ,  0.065734, -0.009797 
  0.063496 ,  0.064245, 0.001876 
  0.060445 ,  0.062671, 0.012899 
  0.057355 ,  0.061010, 0.021658 
  0.054230 ,  0.059261, 0.026901 
  0.051075 ,  0.057421, 0.027924 
  0.047896 ,  0.055487, 0.024664 
  0.044698 ,  0.053454, 0.017701 
  0.041486 ,  0.051317, 0.008166 
  0.038265 ,  0.049071, -0.002439 
  0.035040 ,  0.046708, -0.012468 
  0.031817 ,  0.044222, -0.020379 
  0.028602 ,  0.041606, -0.024959 
  0.025398 ,  0.038851, -0.025506 
  0.022212 ,  0.035950, -0.021924 
  0.019048 ,  0.032896, -0.014730 
  0.015913 ,  0.029682, -0.004976 
  0.012810 ,  0.026299, 0.005915 
  0.009745 ,  0.022743, 0.016358 
  0.006724 ,  0.019007, 0.024839 
  0.003751 ,  0.015086, 0.030131 
  0.000831 ,  0.010978, 0.031468 
  -0.002031 ,  0.006680, 0.028643 
  -0.004830 ,  0.002190, 0.022033 
  -0.007561 ,  -0.002491, 0.012529 
  -0.010220 ,  -0.007360, 0.001403 
  -0.012802 ,  -0.012414, -0.009881 
  -0.015303 ,  -0.017647, -0.019876 
  -0.017719 ,  -0.023051, -0.027352 
  -0.020045 ,  -0.028617, -0.031460 
  -0.022277 ,  -0.034334, -0.031835 
  -0.024411 ,  -0.040186, -0.028629 
  -0.026444 ,  -0.046159, -0.022466 
  -0.028371 ,  -0.052234, -0.014336 
  -0.030190 ,  -0.058392, -0.005438 
  -0.031896 ,  -0.064611, 0.002998 
  -0.033488 ,  -0.070867, 0.009885 
  -0.034961 ,  -0.077133, 0.014427 
  -0.036312 ,  -0.083384, 0.016214 
  -0.037540 ,  -0.089589, 0.015262 
  -0.038641 ,  -0.095719, 0.011985 
  -0.039613 ,  -0.101743, 0.007116 
  -0.040455 ,  -0.107627, 0.001582 
  -0.041163 ,  -0.113338, -0.003644 
  -0.041737 ,  -0.118842, -0.007686 
  -0.042175 ,  -0.124105, -0.009888 
  -0.042474 ,  -0.129091, -0.009907 
  -0.042635 ,  -0.133768, -0.007742 
  -0.042657 ,  -0.138100, -0.003727 
  -0.042537 ,  -0.142054, 0.001535 
  -0.042277 ,  -0.145597, 0.007266 
  -0.041875 ,  -0.148697, 0.012633 
  -0.041331 ,  -0.151326, 0.016866 
  -0.040645 ,  -0.153453, 0.019365 
  -0.039819 ,  -0.155053, 0.019780 
  -0.038851 ,  -0.156101, 0.018043 
  -0.037744 ,  -0.156574, 0.014372 
  -0.036497 ,  -0.156455, 0.009229 
  -0.035112 ,  -0.155725, 0.003247 
  -0.033590 ,  -0.154371, -0.002859 
  -0.031933 ,  -0.152383, -0.008390 
  -0.030143 ,  -0.149753, -0.012749 
  -0.028220 ,  -0.146478, -0.015515 
  -0.026169 ,  -0.142558, -0.016481 
  -0.023990 ,  -0.137996, -0.015669 
  -0.021687 ,  -0.132800, -0.013311 
  -0.019261 ,  -0.126979, -0.009806 
  -0.016717 ,  -0.120550, -0.005660 
  -0.014057 ,  -0.113529, -0.001412 
  -0.011285 ,  -0.105940, 0.002426 
  -0.008403 ,  -0.097808, 0.005439 
  -0.005416 ,  -0.089163, 0.007344 
  -0.002327 ,  -0.080036, 0.008014 
  0.000860 ,  -0.070464, 0.007483 
  0.004140 ,  -0.060485, 0.005926 
  0.007510 ,  -0.050142, 0.003628 
  0.010965 ,  -0.039479, 0.000937 
  0.014500 ,  -0.028542, -0.001781 
  0.018111 ,  -0.017381, -0.004188 
  0.021793 ,  -0.006046, -0.006014 
  0.025541 ,  0.005410, -0.007083 
  0.029350 ,  0.016934, -0.007331 
  0.033215 ,  0.028471, -0.006802 
  0.037130 ,  0.039966, -0.005640 
  0.041091 ,  0.051364, -0.004060 
  0.045092 ,  0.062609, -0.002319 
  0.049127 ,  0.073645, -0.000677 
  0.053190 ,  0.084421, 0.000636 
  0.057277 ,  0.094881, 0.001458 
  0.061382 ,  0.104974, 0.001711 
  0.065498 ,  0.114651, 0.001418 
  0.069620 ,  0.123864, 0.000700 
  0.073742 ,  0.132567, -0.000238 
  0.077859 ,  0.140718, -0.001135 
  0.081964 ,  0.148277, -0.001715 
  0.086053 ,  0.155207, -0.001724 
  0.090118 ,  0.161475, -0.000976 
  0.094154 ,  0.167052, 0.000612 
  0.098156 ,  0.171911, 0.002992 
  0.102117 ,  0.176032, 0.005981 
  0.106032 ,  0.179396, 0.009269 
  0.109895 ,  0.181990, 0.012450 
  0.113701 ,  0.183804, 0.015070 
  0.117444 ,  0.184834, 0.016685 
  0.121119 ,  0.185078, 0.016926 
  0.124720 ,  0.184542, 0.015559 
  0.128241 ,  0.183232, 0.012531 
  0.131679 ,  0.181160, 0.007993 
  0.135026 ,  0.178343, 0.002306 
  0.138280 ,  0.174801, -0.003998 
  0.141434 ,  0.170557, -0.010268 
  0.144483 ,  0.165639, -0.015810 
  0.147424 ,  0.160079, -0.019984 
  0.150252 ,  0.153908, -0.022284 
  0.152961 ,  0.147166, -0.022419 
  0.155549 ,  0.139891, -0.020361 
  0.158011 ,  0.132125, -0.016362 
  0.160343 ,  0.123912, -0.010929 
  0.162542 ,  0.115298, -0.004768 
  0.164604 ,  0.106330, 0.001310 
  0.166525 ,  0.097057, 0.006500 
  0.168302 ,  0.087528, 0.010114 
  0.169933 ,  0.077793, 0.011687 
  0.171414 ,  0.067901, 0.011052 
  0.172743 ,  0.057903, 0.008371 
  0.173918 ,  0.047849, 0.004125 
  0.174936 ,  0.037786, -0.000949 
  0.175795 ,  0.027763, -0.005956 
  0.176494 ,  0.017826, -0.009978 
  0.177031 ,  0.008020, -0.012206 
  0.177404 ,  -0.001612, -0.012078 
  0.177614 ,  -0.011028, -0.009367 
  0.177657 ,  -0.020190, -0.004244 
  0.177535 ,  -0.029060, 0.002733 
  0.177246 ,  -0.037606, 0.010678 
  0.176790 ,  -0.045795, 0.018488 
  0.176168 ,  -0.053600, 0.024999 
  0.175378 ,  -0.060994, 0.029148 
  0.174423 ,  -0.067955, 0.030140 
  0.173302 ,  -0.074463, 0.027569 
  0.172017 ,  -0.080503, 0.021506 
  0.170568 ,  -0.086060, 0.012508 
  0.168956 ,  -0.091123, 0.001563 
  0.167184 ,  -0.095687, -0.010027 
  0.165253 ,  -0.099746, -0.020815 
  0.163166 ,  -0.103298, -0.029405 
  0.160923 ,  -0.106345, -0.034644 
  0.158528 ,  -0.108891, -0.035795 
  0.155983 ,  -0.110942, -0.032648 
  0.153291 ,  -0.112507, -0.025566 
  0.150455 ,  -0.113596, -0.015455 
  0.147477 ,  -0.114224, -0.003650 
  0.144363 ,  -0.114405, 0.008255 
  0.141114 ,  -0.114156, 0.018619 
  0.137736 ,  -0.113495, 0.025980 
  0.134230 ,  -0.112442, 0.029261 
  0.130603 ,  -0.111018, 0.027925 
  0.126857 ,  -0.109245, 0.022062 
  0.122998 ,  -0.107145, 0.012396 
  0.119030 ,  -0.104742, 0.000200 
  0.114957 ,  -0.102059, -0.012864 
  0.110784 ,  -0.099121, -0.024955 
  0.106517 ,  -0.095952, -0.034299 
  0.102159 ,  -0.092576, -0.039425 
  0.097718 ,  -0.089017, -0.039367 
  0.093197 ,  -0.085297, -0.033800 
  0.088602 ,  -0.081442, -0.023101 
  0.083939 ,  -0.077472, -0.008315 
  0.079212 ,  -0.073410, 0.008965 
  0.074429 ,  -0.069276, 0.026784 
  0.069594 ,  -0.065092, 0.043061 
  0.064713 ,  -0.060874, 0.055844 
  0.059792 ,  -0.056643, 0.063541 
  0.054836 ,  -0.052414, 0.065113 
  0.049853 ,  -0.048203, 0.060203 
  0.044847 ,  -0.044025, 0.049168 
  0.039824 ,  -0.039893, 0.033044 
  0.034791 ,  -0.035820, 0.013418 
  0.029753 ,  -0.031816, -0.007753 
  0.024716 ,  -0.027890, -0.028367 
  0.019686 ,  -0.024052, -0.046407 
  0.014670 ,  -0.020308, -0.060159 
  0.009672 ,  -0.016665, -0.068388 
  0.004698 ,  -0.013128, -0.070448 
  -0.000245 ,  -0.009700, -0.066334 
  -0.005152 ,  -0.006385, -0.056652 
  -0.010017 ,  -0.003184, -0.042532 
  -0.014835 ,  -0.000099, -0.025484 
  -0.019601 ,  0.002871, -0.007229 
  -0.024309 ,  0.005726, 0.010487 
  -0.028953 ,  0.008467, 0.026069 
  -0.033529 ,  0.011096, 0.038215 
  -0.038032 ,  0.013616, 0.046034 
  -0.042457 ,  0.016030, 0.049096 
  -0.046798 ,  0.018341, 0.047452 
  -0.051052 ,  0.020553, 0.041592 
  -0.055213 ,  0.022670, 0.032375 
  -0.059278 ,  0.024696, 0.020922 
  -0.063242 ,  0.026637, 0.008498 
  -0.067101 ,  0.028495, -0.003613 
  -0.070851 ,  0.030275, -0.014228 
  -0.074489 ,  0.031982, -0.022368 
  -0.078010 ,  0.033620, -0.027340 
  -0.081413 ,  0.035193, -0.028787 
  -0.084692 ,  0.036704, -0.026714 
  -0.087847 ,  0.038157, -0.021477 
  -0.090873 ,  0.039554, -0.013742 
  -0.093768 ,  0.040898, -0.004422 
  -0.096529 ,  0.042190, 0.005414 
  -0.099156 ,  0.043433, 0.014643 
  -0.101644 ,  0.044627, 0.022202 
  -0.103994 ,  0.045773, 0.027197 
  -0.106203 ,  0.046869, 0.028998 
  -0.108269 ,  0.047916, 0.027316 
  -0.110192 ,  0.048911, 0.022243 
  -0.111971 ,  0.049853, 0.014261 
  -0.113606 ,  0.050738, 0.004199 
  -0.115094 ,  0.051563, -0.006839 
  -0.116437 ,  0.052325, -0.017592 
  -0.117635 ,  0.053019, -0.026778 
  -0.118687 ,  0.053639, -0.033241 
  -0.119593 ,  0.054180, -0.036101 
  -0.120356 ,  0.054636, -0.034863 
  -0.120974 ,  0.055000, -0.029505 
  -0.121450 ,  0.055267, -0.020498 
  -0.121784 ,  0.055429, -0.008778 
  -0.121978 ,  0.055478, 0.004351 
  -0.122034 ,  0.055408, 0.017356 
  -0.121953 ,  0.055212, 0.028655 
  -0.121738 ,  0.054882, 0.036809 
  -0.121390 ,  0.054411, 0.040713 
  -0.120913 ,  0.053792, 0.039740 
  -0.120309 ,  0.053020, 0.033846 
  -0.119580 ,  0.052087, 0.023595 
  -0.118729 ,  0.050989, 0.010113 
  -0.117760 ,  0.049721, -0.005035 
  -0.116677 ,  0.048278, -0.020027 
  -0.115481 ,  0.046658, -0.033004 
  -0.114178 ,  0.044858, -0.042307 
  -0.112771 ,  0.042877, -0.046693 
  -0.111264 ,  0.040714, -0.045505 
  -0.109660 ,  0.038370, -0.038772 
  -0.107965 ,  0.035847, -0.027225 
  -0.106182 ,  0.033148, -0.012221 
  -0.104316 ,  0.030278, 0.004415 
  -0.102371 ,  0.027242, 0.020614 
  -0.100352 ,  0.024047, 0.034317 
  -0.098264 ,  0.020702, 0.043744 
  -0.096111 ,  0.017216, 0.047628 
  -0.093899 ,  0.013600, 0.045385 
  -0.091632 ,  0.009867, 0.037203 
  -0.089316 ,  0.006029, 0.024036 
  -0.086956 ,  0.002102, 0.007495 
  -0.084556 ,  -0.001900, -0.010344 
  -0.082122 ,  -0.005958, -0.027197 
  -0.079659 ,  -0.010057, -0.040860 
  -0.077173 ,  -0.014177, -0.049485 
  -0.074668 ,  -0.018299, -0.051823 
  -0.072149 ,  -0.022404, -0.047388 
  -0.069623 ,  -0.026472, -0.036532 
  -0.067095 ,  -0.030482, -0.020409 
  -0.064569 ,  -0.034413, -0.000846 
  -0.062050 ,  -0.038245, 0.019876 
  -0.059545 ,  -0.041958, 0.039302 
  -0.057057 ,  -0.045530, 0.055093 
  -0.054592 ,  -0.048944, 0.065319 
  -0.052156 ,  -0.052178, 0.068689 
  -0.049753 ,  -0.055215, 0.064711 
  -0.047387 ,  -0.058038, 0.053746 
  -0.045064 ,  -0.060629, 0.036969 
  -0.042789 ,  -0.062974, 0.016220 
  -0.040565 ,  -0.065058, -0.006216 
  -0.038398 ,  -0.066868, -0.027884 
  -0.036291 ,  -0.068394, -0.046450 
  -0.034249 ,  -0.069626, -0.059975 
  -0.032277 ,  -0.070556, -0.067130 
  -0.030378 ,  -0.071177, -0.067347 
  -0.028556 ,  -0.071486, -0.060860 
  -0.026814 ,  -0.071480, -0.048664 
  -0.025157 ,  -0.071157, -0.032369 
  -0.023587 ,  -0.070520, -0.014001 
  -0.022108 ,  -0.069571, 0.004260 
  -0.020724 ,  -0.068315, 0.020337 
  -0.019436 ,  -0.066759, 0.032499 
  -0.018248 ,  -0.064911, 0.039560 
  -0.017162 ,  -0.062780, 0.040993 
  -0.016180 ,  -0.060379, 0.036973 
  -0.015306 ,  -0.057721, 0.028326 
  -0.014540 ,  -0.054820, 0.016405 
  -0.013884 ,  -0.051691, 0.002903 
  -0.013341 ,  -0.048353, -0.010362 
  -0.012911 ,  -0.044821, -0.021677 
  -0.012596 ,  -0.041116, -0.029636 
  -0.012397 ,  -0.037256, -0.033297 
  -0.012314 ,  -0.033263, -0.032282 
  -0.012349 ,  -0.029155, -0.026795 
  -0.012500 ,  -0.024955, -0.017575 
  -0.012770 ,  -0.020682, -0.005784 
  -0.013157 ,  -0.016359, 0.007150 
  -0.013661 ,  -0.012005, 0.019722 
  -0.014282 ,  -0.007642, 0.030528 
  -0.015020 ,  -0.003290, 0.038433 
  -0.015873 ,  0.001032, 0.042691 
  -0.016840 ,  0.005304, 0.043015 
  -0.017920 ,  0.009509, 0.039579 
  -0.019112 ,  0.013628, 0.032976 
  -0.020414 ,  0.017645, 0.024113 
  -0.021823 ,  0.021545, 0.014081 
  -0.023339 ,  0.025312, 0.004009 
  -0.024958 ,  0.028933, -0.005080 
  -0.026678 ,  0.032395, -0.012388 
  -0.028497 ,  0.035688, -0.017425 
  -0.030412 ,  0.038800, -0.020044 
  -0.032419 ,  0.041723, -0.020429 
  -0.034517 ,  0.044449, -0.019042 
  -0.036700 ,  0.046971, -0.016532 
  -0.038967 ,  0.049283, -0.013625 
  -0.041312 ,  0.051381, -0.011011 
  -0.043733 ,  0.053261, -0.009246 
  -0.046225 ,  0.054920, -0.008673 
  -0.048785 ,  0.056357, -0.009383 
  -0.051408 ,  0.057571, -0.011214 
  -0.054090 ,  0.058563, -0.013786 
  -0.056826 ,  0.059332, -0.016569 
  -0.059613 ,  0.059881, -0.018970 
  -0.062444 ,  0.060212, -0.020426 
  -0.065316 ,  0.060328, -0.020488 
  -0.068223 ,  0.060233, -0.018894 
  -0.071161 ,  0.059930, -0.015602 
  -0.074125 ,  0.059425, -0.010795 
  -0.077109 ,  0.058722, -0.004861 
  -0.080108 ,  0.057826, 0.001674 
  -0.083118 ,  0.056744, 0.008210 
  -0.086133 ,  0.055482, 0.014159 
  -0.089147 ,  0.054046, 0.019023 
  -0.092156 ,  0.052444, 0.022455 
  -0.095153 ,  0.050681, 0.024292 
  -0.098134 ,  0.048766, 0.024570 
  -0.101094 ,  0.046707, 0.023498 
  -0.104026 ,  0.044511, 0.021416 
  -0.106926 ,  0.042186, 0.018735 
  -0.109789 ,  0.039742, 0.015868 
  -0.112608 ,  0.037187, 0.013165 
  -0.115379 ,  0.034530, 0.010866 
  -0.118097 ,  0.031780, 0.009074 
  -0.120756 ,  0.028948, 0.007751 
  -0.123351 ,  0.026043, 0.006740 
  -0.125877 ,  0.023075, 0.005807 
  -0.128330 ,  0.020056, 0.004698 
  -0.130704 ,  0.016995, 0.003191 
  -0.132995 ,  0.013904, 0.001149 
  -0.135197 ,  0.010795, -0.001445 
  -0.137307 ,  0.007678, -0.004478 
  -0.139319 ,  0.004565, -0.007721 
  -0.141230 ,  0.001469, -0.010859 
  -0.143035 ,  -0.001599, -0.013545 
  -0.144731 ,  -0.004627, -0.015459 
  -0.146312 ,  -0.007603, -0.016366 
  -0.147775 ,  -0.010515, -0.016158 
  -0.149118 ,  -0.013351, -0.014886 
  -0.150335 ,  -0.016100, -0.012753 
  -0.151424 ,  -0.018750, -0.010092 
  -0.152381 ,  -0.021290, -0.007319 
  -0.153204 ,  -0.023709, -0.004865 
  -0.153889 ,  -0.025998, -0.003109 
  -0.154435 ,  -0.028147, -0.002313 
  -0.154838 ,  -0.030148, -0.002576 
  -0.155095 ,  -0.031991, -0.003810 
  -0.155206 ,  -0.033669, -0.005745 
  -0.155168 ,  -0.035177, -0.007966 
  -0.154980 ,  -0.036509, -0.009975 
  -0.154639 ,  -0.037660, -0.011264 
  -0.154144 ,  -0.038626, -0.011397 
  -0.153495 ,  -0.039406, -0.010085 
  -0.152691 ,  -0.039998, -0.007237 
  -0.151730 ,  -0.040402, -0.002987 
  -0.150612 ,  -0.040619, 0.002314 
  -0.149338 ,  -0.040652, 0.008144 
  -0.147906 ,  -0.040504, 0.013872 
  -0.146317 ,  -0.040180, 0.018847 
  -0.144572 ,  -0.039685, 0.022491 
  -0.142670 ,  -0.039027, 0.024378 
  -0.140614 ,  -0.038214, 0.024301 
  -0.138402 ,  -0.037254, 0.022297 
  -0.136038 ,  -0.036158, 0.018646 
  -0.133522 ,  -0.034937, 0.013832 
  -0.130856 ,  -0.033602, 0.008468 
  -0.128042 ,  -0.032165, 0.003215 
  -0.125081 ,  -0.030640, -0.001318 
  -0.121976 ,  -0.029040, -0.004658 
  -0.118729 ,  -0.027377, -0.006530 
  -0.115343 ,  -0.025668, -0.006896 
  -0.111821 ,  -0.023924, -0.005945 
  -0.108165 ,  -0.022161, -0.004062 
  -0.104379 ,  -0.020393, -0.001755 
  -0.100466 ,  -0.018632, 0.000430 
  -0.096430 ,  -0.016893, 0.001996 
  -0.092274 ,  -0.015187, 0.002579 
  -0.088002 ,  -0.013528, 0.002010 
  -0.083618 ,  -0.011928, 0.000334 
  -0.079126 ,  -0.010396, -0.002190 
  -0.074531 ,  -0.008942, -0.005139 
  -0.069836 ,  -0.007577, -0.007997 
  -0.065047 ,  -0.006307, -0.010237 
  -0.060168 ,  -0.005140, -0.011422 
  -0.055204 ,  -0.004082, -0.011271 
  -0.050160 ,  -0.003137, -0.009722 
  -0.045041 ,  -0.002310, -0.006945 
  -0.039852 ,  -0.001602, -0.003325 
  -0.034598 ,  -0.001015, 0.000590 
  -0.029284 ,  -0.000550, 0.004172 
  -0.023917 ,  -0.000205, 0.006811 
  -0.018501 ,  0.000021, 0.008007 
  -0.013043 ,  0.000131, 0.007454 
  -0.007547 ,  0.000129, 0.005097 
  -0.002019 ,  0.000020, 0.001146 
  0.003535 ,  -0.000191, -0.003944 
  0.009109 ,  -0.000497, -0.009529 
  0.014697 ,  -0.000892, -0.014869 
  0.020294 ,  -0.001367, -0.019223 
  0.025894 ,  -0.001914, -0.021956 
  0.031491 ,  -0.002526, -0.022630 
  0.037079 ,  -0.003192, -0.021056 
  0.042653 ,  -0.003904, -0.017328 
  0.048206 ,  -0.004653, -0.011801 
  0.053733 ,  -0.005429, -0.005044 
  0.059228 ,  -0.006222, 0.002246 
  0.064686 ,  -0.007022, 0.009333 
  0.070100 ,  -0.007821, 0.015549 
  0.075466 ,  -0.008608, 0.020371 
  0.080777 ,  -0.009375, 0.023487 
  0.086029 ,  -0.010113, 0.024819 
  0.091215 ,  -0.010813, 0.024517 
  0.096331 ,  -0.011466, 0.022915 
  0.101371 ,  -0.012065, 0.020468 
  0.106330 ,  -0.012601, 0.017666 
  0.111204 ,  -0.013068, 0.014957 
  0.115987 ,  -0.013458, 0.012679 
  0.120674 ,  -0.013764, 0.011012 
  0.125261 ,  -0.013980, 0.009961 
  0.129743 ,  -0.014099, 0.009374 
  0.134116 ,  -0.014118, 0.008978 
  0.138376 ,  -0.014028, 0.008442 
  0.142518 ,  -0.013827, 0.007443 
  0.146538 ,  -0.013509, 0.005732 
  0.150433 ,  -0.013070, 0.003180 
  0.154199 ,  -0.012505, -0.000194 
  0.157833 ,  -0.011812, -0.004222 
  0.161330 ,  -0.010986, -0.008615 
  0.164688 ,  -0.010026, -0.013010 
  0.167904 ,  -0.008927, -0.017029 
  0.170975 ,  -0.007689, -0.020340 
  0.173898 ,  -0.006310, -0.022710 
  0.176671 ,  -0.004787, -0.024037 
  0.179292 ,  -0.003121, -0.024361 
  0.181758 ,  -0.001312, -0.023847 
  0.184067 ,  0.000640, -0.022746 
  0.186218 ,  0.002734, -0.021345 
  0.188210 ,  0.004967, -0.019903 
  0.190040 ,  0.007337, -0.018602 
  0.191708 ,  0.009841, -0.017504 
  0.193213 ,  0.012473, -0.016540 
  0.194554 ,  0.015228, -0.015515 
  0.195730 ,  0.018099, -0.014148 
  0.196742 ,  0.021079, -0.012126 
  0.197588 ,  0.024158, -0.009168 
  0.198269 ,  0.027326, -0.005093 
  0.198786 ,  0.030571, 0.000131 
  0.199137 ,  0.033882, 0.006358 
  0.199325 ,  0.037242, 0.013258 
  0.199350 ,  0.040638, 0.020348 
  0.199213 ,  0.044053, 0.027050 
  0.198915 ,  0.047467, 0.032762 
  0.198456 ,  0.050863, 0.036940 
  0.197840 ,  0.054220, 0.039182 
  0.197068 ,  0.057516, 0.039280 
  0.196140 ,  0.060729, 0.037257 
  0.195060 ,  0.063835, 0.033366 
  0.193830 ,  0.066811, 0.028057 
  0.192452 ,  0.069632, 0.021913 
  0.190928 ,  0.072272, 0.015567 
  0.189261 ,  0.074707, 0.009613 
  0.187455 ,  0.076911, 0.004527 
  0.185511 ,  0.078859, 0.000596 
  0.183433 ,  0.080526, -0.002108 
  0.181225 ,  0.081888, -0.003731 
  0.178889 ,  0.082922, -0.004602 
  0.176430 ,  0.083605, -0.005164 
  0.173850 ,  0.083917, -0.005897 
  0.171154 ,  0.083838, -0.007227 
  0.168345 ,  0.083352, -0.009447 
  0.165428 ,  0.082443, -0.012661 
  0.162406 ,  0.081097, -0.016755 
  0.159283 ,  0.079305, -0.021411 
  0.156064 ,  0.077059, -0.026142 
  0.152754 ,  0.074355, -0.030373 
  0.149355 ,  0.071189, -0.033518 
  0.145874 ,  0.067565, -0.035080 
  0.142314 ,  0.063487, -0.034722 
  0.138680 ,  0.058963, -0.032328 
  0.134977 ,  0.054005, -0.028021 
  0.131209 ,  0.048629, -0.022156 
  0.127381 ,  0.042853, -0.015271 
  0.123497 ,  0.036700, -0.008011 
  0.119563 ,  0.030195, -0.001044 
  0.115583 ,  0.023369, 0.005032 
  0.111562 ,  0.016251, 0.009764 
  0.107505 ,  0.008879, 0.012903 
  0.103416 ,  0.001290, 0.014426 
  0.099300 ,  -0.006475, 0.014522 
  0.095163 ,  -0.014374, 0.013557 
  0.091008 ,  -0.022362, 0.012003 
  0.086840 ,  -0.030393, 0.010366 
  0.082665 ,  -0.038419, 0.009101 
  0.078486 ,  -0.046390, 0.008553 
  0.074309 ,  -0.054259, 0.008909 
  0.070138 ,  -0.061975, 0.010184 
  0.065977 ,  -0.069489, 0.012230 
  0.061830 ,  -0.076754, 0.014780 
  0.057703 ,  -0.083721, 0.017497 
  0.053599 ,  -0.090345, 0.020035 
  0.049523 ,  -0.096581, 0.022099 
  0.045479 ,  -0.102388, 0.023486 
  0.041470 ,  -0.107726, 0.024103 
  0.037501 ,  -0.112560, 0.023965 
  0.033575 ,  -0.116855, 0.023166 
  0.029697 ,  -0.120584, 0.021839 
  0.025870 ,  -0.123720, 0.020106 
  0.022097 ,  -0.126241, 0.018031 
  0.018383 ,  -0.128132, 0.015588 
  0.014729 ,  -0.129379, 0.012654 
  0.011140 ,  -0.129974, 0.009026 
  0.007618 ,  -0.129913, 0.004459 
  0.004167 ,  -0.129199, -0.001269 
  0.000790 ,  -0.127837, -0.008288 
  -0.002512 ,  -0.125838, -0.016571 
  -0.005735 ,  -0.123217, -0.025886 
  -0.008878 ,  -0.119993, -0.035768 
  -0.011937 ,  -0.116191, -0.045541 
  -0.014910 ,  -0.111839, -0.054362 
  -0.017796 ,  -0.106968, -0.061309 
  -0.020593 ,  -0.101614, -0.065489 
  -0.023299 ,  -0.095814, -0.066158 
  -0.025912 ,  -0.089611, -0.062829 
  -0.028431 ,  -0.083047, -0.055362 
  -0.030854 ,  -0.076168, -0.044015 
  -0.033181 ,  -0.069023, -0.029445 
