0.25    -055.576782  120.543159
0.25    -055.281982  120.031731
0.25    -054.987183  119.453682
0.25    -054.580078  118.992256
0.25    -054.130859  118.689758
0.25    -053.836060  118.384613
0.25    -053.541260  118.220451
0.25    -053.232418  117.989433
0.25    -052.937622  117.659645
0.25    -052.642822  117.375465
0.25    -052.221680  117.062759
0.25    -051.940914  116.864731
0.25    -051.604004  116.591484
0.25    -051.323242  116.259560
0.25    -050.874023  115.980064
0.25    -050.579224  115.682602
0.25    -050.284424  115.368866
0.25    -049.989624  115.152580
0.25    -049.694824  114.881004
0.25    -049.400024  114.638321
0.25    -049.105225  114.371552
0.25    -048.810425  114.022476
0.25    -048.319092  113.713821
0.25    -048.038330  113.543221
0.25    -047.743530  113.355339
0.25    -047.350464  113.065590
0.25    -047.055664  112.803932
0.25    -046.760864  112.539619
0.25    -046.466064  112.323380
0.25    -046.171265  112.131729
0.25    -045.834351  111.851448
0.25    -045.553589  111.581276
0.25    -045.272827  111.213745
0.25    -044.992065  111.028160
0.25    -044.697266  110.747650
0.25    -044.163818  110.464569
0.25    -043.883057  110.220871
0.25    -043.602295  109.947792
0.25    -043.321533  109.683502
0.25    -043.054810  109.457954
0.25    -042.703857  109.182228
0.25    -042.423096  108.972237
0.25    -042.128296  108.766426
0.25    -041.763306  108.500900
0.25    -041.468502  108.142021
0.25    -041.103516  107.848846
0.25    -040.822750  107.645546
0.25    -040.541992  107.468307
0.25    -040.275269  107.182533
0.25    -039.994507  106.965569
0.25    -039.699707  106.707825
0.25    -039.404907  106.428818
0.25    -039.110107  106.227982
0.25    -038.717041  106.037613
0.25    -038.422241  105.815079
0.25    -038.141479  105.523003
0.25    -037.776489  105.286415
0.25    -037.495728  105.004303
0.25    -037.102661  104.762413
0.25    -036.807861  104.466469
0.25    -036.513062  104.207253
0.25    -036.176147  103.981133
0.25    -035.881348  103.811485
0.25    -035.544434  103.558876
0.25    -035.277706  103.308014
0.25    -034.996948  103.009903
0.25    -034.716187  102.783676
0.25    -034.435425  102.582077
0.25    -034.154663  102.351753
0.25    -033.887939  102.081299
0.25    -033.607178  101.857124
0.25    -033.326416  101.594498
0.25    -032.933350  101.374519
0.25    -032.652588  101.229652
0.25    -032.385864  100.997215
0.25    -031.936646  100.685081
0.25    -031.655884  100.466209
0.25    -031.375122  100.269363
0.25    -031.108398  100.069679
0.25    -030.827637  099.699570
0.25    -030.546875  099.467484
0.25    -030.266113  099.320343
0.25    -029.999390  099.048431
0.25    -029.718628  098.785965
0.25    -029.437866  098.669754
0.25    -029.157104  098.395561
0.25    -028.876343  098.207825
0.25    -028.609619  097.933853
0.25    -028.300781  097.780190
0.25    -028.020020  097.735298
0.25    -027.739258  097.458023
0.25    -027.360229  097.124588
0.25    -027.093506  096.936852
0.25    -026.840820  096.690567
0.25    -026.574097  096.482094
0.25    -026.307373  096.380959
0.25    -025.928345  096.084045
0.25    -025.661621  095.711983
0.25    -025.394897  095.551521
0.25    -024.987791  095.415970
0.25    -024.721069  095.231056
0.25    -024.440308  094.912109
0.25    -024.159546  094.640038
0.25    -023.878784  094.487221
0.25    -023.598022  094.224579
0.25    -023.331299  093.948074
0.25    -023.050537  093.785423
0.25    -022.769775  093.673309
0.25    -022.489014  093.540161
0.25    -022.208252  093.292969
0.25    -021.941528  093.271935
0.25    -021.660767  092.943878
0.25    -021.380005  092.515472
0.25    -021.099243  092.445953
0.25    -020.776367  092.244797
0.25    -020.523682  092.049881
0.25    -020.256958  091.879318
0.25    -019.990234  091.722977
0.25    -019.709473  091.606056
0.25    -019.442749  091.390526
0.25    -019.161987  091.293152
0.25    -018.881226  091.064217
0.25    -018.600464  090.826614
0.25    -018.319702  090.607018
0.25    -018.052979  090.485466
0.25    -017.772217  090.195145
0.25    -017.463379  090.012581
0.25    -017.168579  089.889603
0.25    -016.901855  089.629265
0.25    -016.621094  089.527306
0.25    -016.312256  089.424980
0.25    -016.045532  089.415886
0.25    -015.778809  089.053726
0.25    -015.441895  088.782936
0.25    -015.161133  088.589302
0.25    -014.725952  088.430672
0.25    -014.473267  088.308571
0.25    -014.206543  088.188690
0.25    -013.939819  087.920921
0.25    -013.673096  087.988701
0.25    -013.420410  087.796959
0.25    -013.153687  087.626335
0.25    -012.886963  087.522194
0.25    -012.620239  087.284821
0.25    -012.367554  087.156891
0.25    -012.100830  087.001633
0.25    -011.834106  086.835999
0.25    -011.567383  086.645325
0.25    -011.314697  086.498878
0.25    -011.047974  086.237358
0.25    -010.781250  086.114082
0.25    -010.514526  086.224884
0.25    -010.261841  086.090233
0.25    -009.995117  085.999718
0.25    -009.728394  085.922394
0.25    -009.461670  085.927673
0.25    -009.208984  085.569405
0.25    -008.942261  085.459465
0.25    -008.675537  085.295975
0.25    -008.408813  085.214653
0.25    -008.156128  085.159943
0.25    -007.889404  084.641113
0.25    -007.622680  084.358719
0.25    -007.355957  084.411057
0.25    -007.103271  084.515785
0.25    -006.836548  084.563438
0.25    -006.569824  084.600952
0.25    -006.303100  084.578903
0.25    -006.050415  084.355766
0.25    -005.783691  084.332954
0.25    -005.516968  084.452301
0.25    -005.250244  084.505020
0.25    -004.997558  084.710930
0.25    -004.716797  084.846252
0.25    -004.436035  084.911263
0.25    -004.155273  085.032028
0.25    -003.888549  085.268608
0.25    -003.607788  085.238419
0.25    -003.327026  085.368378
0.25    -003.046264  085.444672
0.25    -002.765503  085.453651
0.25    -002.498779  085.522575
0.25    -002.218017  085.655212
0.25    -001.937255  085.916039
0.25    -001.656494  086.078384
0.25    -001.375732  086.452538
0.25    -001.109008  086.538620
0.25    -000.828247  086.727768
0.25    -000.547485  086.918854
0.25    -000.266723  087.042366
0.25    0000.000000  087.259407
0.25    0.252685  087.509491
0.25    0000.519409  087.733612
0.25    0000.786132  087.939262
0.25    0001.038818  088.324745
0.25    0001.305542  088.449219
0.25    0001.572265  088.685616
0.25    0001.838989  089.021591
0.25    0002.091674  089.323486
0.25    0002.358398  089.624748
0.25    0002.625122  090.056625
0.25    0002.891845  090.496719
0.25    0003.144531  090.897385
0.25    0003.411255  091.104591
0.25    0003.677978  091.443207
0.25    0003.944702  091.887489
0.25    0004.197387  092.156746
0.25    0004.464111  092.567810
0.25    0004.730835  092.977280
0.25    0004.997558  093.287384
0.25    0005.264282  093.716042
0.25    0005.587158  094.091919
0.25    0006.050415  094.438232
0.25    0006.303100  094.974037
0.25    0006.569824  095.331009
0.25    0006.836548  095.645256
0.25    0007.103271  095.997818
0.25    0007.412109  096.128174
0.25    0007.678833  096.647606
0.25    0008.043823  097.051384
0.25    0008.324585  097.516182
0.25    0008.605347  097.852432
0.25    0008.886108  098.219994
0.25    0009.152832  098.613373
0.25    0009.433594  099.079056
0.25    0009.714355  099.441093
0.25    0009.995117  099.708603
0.25    0010.275879  100.021294
0.25    0010.542603  100.408470
0.25    0010.823364  100.620461
0.25    0011.104126  101.051094
0.25    0011.384888  101.471512
0.25    0011.665649  101.855293
0.25    0011.932373  102.191002
0.25    0012.213135  102.497078
0.25    0012.493896  103.013664
0.25    0012.774658  103.637985
0.25    0013.055420  104.108307
0.25    0013.322144  104.623474
0.25    0015.301514  151.186646
0.25    0015.624390  151.349533
0.25    0015.933228  151.706253
0.25    0016.242065  152.436417
0.25    0016.550903  153.180969
0.25    0017.042236  153.419205
0.25    0017.351074  153.879303
0.25    0017.800291  154.314224
0.25    0018.123167  154.874802
0.25    0018.432007  155.329422
0.25    0018.740845  155.799759
0.25    0019.049683  156.221588
0.25    0019.372559  156.534241
0.25    0019.681396  156.843307
0.25    0019.990234  157.333374
0.25    0020.299072  157.994751
0.25    0020.635986  158.512833
0.25    0020.958862  158.918335
0.25    0021.323853  159.231918
0.25    0021.660767  159.767365
0.25    0022.180176  160.292313
0.25    0022.489014  160.760773
0.25    0022.811890  161.310867
0.25    0023.120728  161.690262
0.25    0023.429565  162.180420
0.25    0023.738403  162.499298
0.25    0024.061279  163.011215
0.25    0024.370117  163.471405
0.25    0024.678955  163.919861
0.25    0025.310667  164.231964
0.25    0025.619507  164.721664
0.25    0025.928345  165.170197
0.25    0026.237183  165.473938
0.25    0026.588135  165.884674
0.25    0026.896973  166.380051
0.25    0027.332153  166.846619
0.25    0027.655029  167.316986
0.25    0027.991943  167.689407
0.25    0028.328857  168.178207
0.25    0028.665771  168.480240
0.25    0028.988647  168.994690
0.25    0029.339600  169.343369
0.25    0029.662476  169.694443
0.25    0030.308228  170.291260
0.25    0030.617065  170.782501
0.25    0030.996094  171.219498
0.25    0031.333008  171.551712
0.25    0031.655884  171.912277
0.25    0031.992798  172.440674
0.25    0032.329712  172.866135
0.25    0032.666626  173.332916
0.25    0032.989502  173.598206
0.25    0033.326416  174.039642
0.25    0033.663330  174.498764
0.25    0033.986206  174.865097
0.25    0034.323120  175.315750
0.25    0034.996948  175.748489
0.25    0035.319824  176.310837
0.25    0035.656738  176.929413
0.25    0035.993652  177.216660
0.25    0036.330566  177.796082
0.25    0036.653442  178.031082
0.25    0036.990356  178.215027
0.25    0037.327271  178.754257
0.25    0037.860718  179.028412
0.25    0038.225708  179.410751
0.25    0038.576660  179.894287
0.25    0038.997803  180.283691
0.25    0039.320679  180.774124
0.25    0039.657593  181.241241
0.25    0039.994507  181.616058
0.25    0040.331421  182.043991
0.25    0040.654297  182.483780
0.25    0041.328125  182.960785
0.25    0041.665039  183.504959
0.25    0041.987915  184.010483
0.25    0042.324829  184.540512
0.25    0042.661743  184.949738
0.25    0042.998657  185.286774
0.25    0043.321533  185.669510
0.25    0043.658447  185.958328
0.25    0043.995361  186.339874
0.25    0044.641113  186.587692
0.25    0044.992065  186.948029
0.25    0045.328979  187.287598
0.25    0045.665894  187.677338
0.25    0045.988770  187.973526
0.25    0046.325684  188.128922
0.25    0046.676636  188.374176
0.25    0047.013546  188.529465
0.25    0047.350464  188.894745
0.25    0047.687374  189.183273
0.25    0048.305054  189.324341
0.25    0048.627930  189.455475
0.25    0048.978878  189.565781
0.25    0049.315796  189.783432
0.25    0049.638672  189.897690
0.25    0049.989624  190.121826
0.25    0050.354614  190.295502
0.25    0050.705566  190.378799
0.25    0051.070557  190.599304
0.25    0051.421509  190.768814
0.25    0051.772461  190.862198
0.25    0052.137451  190.864059
0.25    0052.488403  190.868851
0.25    0052.853394  190.984589
0.25    0053.204346  191.129150
0.25    0053.597412  191.227844
0.25    0053.948364  191.277893
0.25    0054.299316  191.324921
0.25    0054.636230  191.298065
0.25    0054.987183  191.361572
0.25    0055.352173  191.391525
0.25    0055.703125  191.460754
0.25    0056.068115  191.494919
0.25    0056.419067  191.603394
0.25    0056.784058  191.618973
0.25    0057.135006  191.583466
0.25    0057.485958  191.540237
0.25    0057.850952  191.546051
0.25    0058.201904  191.490311
0.25    0058.566895  191.458176
0.25    0058.917847  191.443298
0.25    0059.282837  191.425232
0.25    0059.633789  191.376221
0.25    0059.998779  191.452438
0.25    0060.321655  191.458954
0.25    0060.658569  191.459198
0.25    0060.995483  191.333679
0.25    0061.332397  191.177582
0.25    0061.655273  191.121841
0.25    0061.992188  191.065292
0.25    0062.329102  190.971268
0.25    0062.666016  190.882431
0.25    0062.988892  190.703323
0.25    0063.325806  190.657700
0.25    0063.662720  190.555740
0.25    0063.999630  190.581451
0.25    0064.322510  190.475937
0.25    0064.631348  190.431808
0.25    0064.996338  190.336334
0.25    0065.333252  190.324875
0.25    0065.656128  190.173828
0.25    0065.993042  190.018356
0.25    0066.329956  189.810760
0.25    0066.652832  189.658493
0.25    0066.751099  189.543686
0.25    0067.102051  189.327713
0.25    0067.467041  189.132141
0.25    0067.817993  188.876373
0.25    0068.168945  188.727768
0.25    0068.323364  188.602692
0.25    0068.660278  188.461029
0.25    0068.997192  188.339935
0.25    0069.320068  188.087402
0.25    0069.656982  187.962479
0.25    0069.993896  187.794861
0.25    0070.330811  187.635895
0.25    0070.653687  187.434158
0.25    0070.990601  187.345184
0.25    0071.327515  187.137665
0.25    0071.664429  186.957550
0.25    0071.987305  186.787491
0.25    0072.324219  186.602783
0.25    0072.661133  186.513748
0.25    0072.998047  186.229950
0.25    0073.320923  186.160034
0.25    0073.657837  185.970703
0.25    0073.742065  185.905472
0.25    0074.078979  185.860672
0.25    0074.429924  185.745010
0.25    0074.780876  185.606659
0.25    0075.159912  185.425003
0.25    0075.510864  185.259613
0.25    0075.847778  185.056107
0.25    0076.030273  184.947296
0.25    0076.381226  184.765610
0.25    0076.732178  184.535599
0.25    0077.083130  184.311676
0.25    0077.321777  184.001968
0.25    0077.658691  183.846893
0.25    0077.995605  183.865311
0.25    0078.332520  183.778549
0.25    0078.655396  183.697495
0.25    0078.992310  183.538345
0.25    0079.329224  183.634766
0.25    0079.666138  183.420151
0.25    0079.989014  183.314331
0.25    0080.325928  183.247650
0.25    0080.662842  183.096207
0.25    0080.999748  182.982437
0.25    0081.322632  182.812653
0.25    0081.659546  182.572830
0.25    0081.996452  182.546524
0.25    0082.319336  182.486389
0.25    0082.515869  182.513977
0.25    0082.866821  182.413315
0.25    0083.217773  182.236282
0.25    0083.582756  182.039673
0.25    0083.919678  181.823898
0.25    0083.989868  181.624222
0.25    0084.326782  181.407394
0.25    0084.663696  181.284653
0.25    0084.986572  181.133362
0.25    0085.351563  181.112564
0.25    0085.702515  181.123596
0.25    0086.067505  180.958374
0.25    0086.418457  180.854294
0.25    0086.657104  180.683594
0.25    0086.994019  180.607971
0.25    0087.330933  180.506012
0.25    0087.653809  180.265152
0.25    0087.990723  180.225922
0.25    0088.327637  179.994293
0.25    0088.664551  179.920807
0.25    0088.931274  179.642532
0.25    0089.296265  179.547867
0.25    0089.633179  179.376099
0.25    0089.998169  179.194824
0.25    0090.321045  179.170914
0.25    0090.335083  178.846085
0.25    0090.700073  178.756409
0.25    0091.051025  178.694214
0.25    0091.387939  178.626755
0.25    0091.752930  178.561890
0.25    0092.103882  178.474457
0.25    0092.454834  178.194336
0.25    0092.665405  178.098267
0.25    0092.988281  177.810944
0.25    0093.325195  177.616699
0.25    0093.662109  177.407394
0.25    0093.914795  177.200607
0.25    0094.279785  177.009811
0.25    0094.630737  177.025589
0.25    0094.995728  176.789749
0.25    0095.332642  176.676422
0.25    0095.655518  176.461334
0.25    0095.753784  176.282837
0.25    0096.104736  176.064209
0.25    0096.455688  175.939926
0.25    0096.806641  175.989212
0.25    0097.157593  175.865799
0.25    0097.550659  175.717331
0.25    0097.887573  175.846634
0.25    0098.238525  175.830307
0.25    0098.589478  175.812744
0.25    0098.940430  175.693298
0.25    0099.291382  175.652084
0.25    0099.319458  175.420044
0.25    0099.656372  175.435104
0.25    0099.993286  175.227005
0.25    0100.330200  175.266998
0.25    0100.695190  175.021408
0.25    0101.046143  174.863800
0.25    0101.102295  174.430069
0.25    0101.453247  174.097397
0.25    0101.804199  173.993744
0.25    0101.986694  173.877518
0.25    0102.323608  173.597595
0.25    0102.660522  173.458115
0.25    0102.997437  173.296173
0.25    0103.320313  173.225098
0.25    0103.572998  172.987732
0.25    0103.923950  173.034164
0.25    0104.274902  172.914032
0.25    0104.639893  173.155609