-28.921  3.6088
-25.35   2.2
-22.316   1.562
-19.259   1.043
-16.184   0.642
-13.096   0.361
-10   0.2
-6.667   0.096
-3.334   0.03
0   0
3.334   0.03
6.667   0.096
10   0.2
13.096   0.361
16.184   0.642
19.259   1.043
22.316   1.562
25.35   2.2
27.348   2.836
29.218   3.786
30.911   5.024
32.383   6.518
33.596   8.229
34.518   10.113
35.124   12.121
35.4   14.2
35.503   16.261
35.606   18.323
35.709   20.384
35.812   22.446
35.915   24.507
36.018   26.569
36.122   28.63
36.225   30.691
36.328   32.753
36.431   34.814
36.084   36.043
35.066   36.811
31.613   37.969
28.159   39.127
24.706   40.285
21.253   41.442
17.8   42.6
15.201   44.026
13.3   46.3
11.383   50.856
10.4   55.7
10.013   59.723
9.666   63.75
9.36   67.78
9.095   71.814
8.87   75.849
8.686   79.887
8.543   83.926
8.441   87.967
8.38   92.008
8.36   96.05
8.38   100.092
8.441   104.133
8.543   108.174
8.686   112.213
8.87   116.251
9.095   120.286
9.36   124.32
9.666   128.35
10.013   132.377
10.4   136.4
10.748   138.659
11.352   140.864
12.203   142.986
13.291   144.996
14.601   146.87
16.117   148.581
17.818   150.108
19.682   151.432
21.684   152.534
23.8   153.4
27.376   154.592
30.952   155.784
34.528   156.976
38.104   158.168
41.68   159.36
45.748   160.481
49.912   161.168
54.218   161.646
58.524   162.125
