-30.13   3.72
-26.78   1.77
-24.3052   1.0675
-23   0.9
-20.704   0.731
-18.407   0.579
-16.108   0.445
-13.809   0.328
-11.509   0.229
-9.208   0.148
-6.906   0.085
-4.604   0.039
-2.302   0.011
0   0
2.302   0.011
4.604   0.039
6.906   0.085
9.208   0.148
11.509   0.229
13.809   0.328
16.108   0.445
18.407   0.579
20.704   0.731
23   0.9
24.922   1.194
26.778   1.771
28.527   2.619
30.131   3.718
31.553   5.044
32.761   6.567
33.728   8.253
34.433   10.065
34.86   11.961
35   13.9
35   15.575
35   17.328
35   19.08
35   20.833
35   22.586
35   24.338
35   26.091
35   27.843
35   29.596
35   31.348
34.471   32.887
33.106   33.773
31.336   34.216
29.565   34.659
27.794   35.101
26.024   35.544
24.253   35.987
22.483   36.429
20.712   36.872
18.941   37.315
17.171   37.757
15.4   38.2
13.1   39.4
10.753   42.803
9.7   46.8
9.364   50.113
9.061   53.43
8.788   56.749
8.547   60.07
8.338   63.394
8.161   66.719
8.015   70.046
7.9   73.374
7.818   76.704
7.767   80.033
7.748   83.363
7.76   86.694
7.804   90.024
7.88   93.353
7.988   96.681
8.127   100.009
8.298   103.334
8.5   106.658
8.734   109.98
9   113.3
9.36   115.747
10.02   118.131
10.968   120.415
12.192   122.565
13.671   124.547
15.384   126.332
17.304   127.891
19.402   129.202
21.645   130.243
24   131
27.897   131.974
31.794   132.949
35.691   133.923
39.588   134.897
43.485   135.871
47.382   136.846
51.279   137.82
55.176   138.794
59.073   139.768
62.97   140.743
