  14.441163 
  14.237225 
  14.238782 
  14.223993 
  14.214652 
  14.051969 
  13.988919 
  14.012271 
  13.911859 
  13.876832 
  13.907189 
  13.763187 
  13.823123 
  13.881502 
  13.763187 
  13.765522 
  13.893956 
  13.772527 
  13.872161 
  13.850366 
  13.798993 
  13.791209 
  13.765522 
  13.711813 
  13.851923 
  13.862821 
  13.693910 
  13.668223 
  13.833242 
  13.703251 
  13.774084 
  13.888507 
  13.730495 
  13.589606 
  13.776419 
  13.836355 
  13.789652 
  13.601282 
  13.768636 
  13.770192 
  13.546795 
  13.775641 
  13.780311 
  13.662775 
  13.516438 
  13.549130 
  13.598947 
  13.505540 
  13.631639 
  13.584936 
  13.789652 
  13.594277 
  13.659661 
  13.636310 
  13.625412 
  13.659661 
  13.499313 
  13.509432 
  13.526557 
  13.488416 
  13.620742 
  13.609844 
  13.498535 
  13.485302 
  13.578709 
  13.574038 
  13.403571 
  13.348306 
  13.454167 
  13.576374 
  13.478297 
  13.496978 
  13.453388 
  13.551465 
  13.496200 
  13.448718 
  13.442491 
  13.482967 
  13.498535 
  13.422253 
  13.418361 
  13.323397 
  13.595833 
  13.436264 
  13.468956 
  13.380998 
  13.420696 
  13.338187 
  13.574817 
  13.507097 
  13.499313 
  13.379441 
  13.364652 
  13.421474 
  13.426923 
  13.388004 
  13.402015 
  13.463507 
  13.368544 
  13.377106 
  13.424588 
  13.461951 
  13.380220 
  13.363095 
  13.521886 
  13.404350 
  13.359982 
  13.496200 
  13.457280 
  13.285256 
  13.366209 
  13.460394 
  13.435485 
  13.274359 
  13.409020 
  13.303159 
  13.205082 
  13.349863 
  13.361538 
  13.350641 
  13.234661 
  13.145147 
  13.342079 
  13.260348 
  13.279808 
  13.201969 
  13.314835 
  13.309386 
  13.357647 
  13.292262 
  13.268132 
  13.233104 
  13.318727 
  13.316392 
  13.247894 
  13.205082 
  13.172390 
  13.283700 
  13.121016 
  13.186401 
  13.253342 
  13.278251 
  13.348306 
  13.248672 
  13.174725 
  13.223764 
  13.330403 
  13.197299 
  13.206639 
  13.168498 
  13.242445 
  13.121795 
  13.243223 
  13.121795 
  13.153709 
  13.057967 
  13.159158 
  13.239332 
  13.417582 
  13.303938 
  13.276694 
  13.248672 
  13.337408 
  13.286813 
  13.274359 
  13.172390 
  13.400458 
  13.272802 
  13.268132 
  13.352976 
  13.444826 
  13.421474 
  13.349863 
  13.244780 
  13.388782 
  13.285256 
  13.447940 
  13.419139 
  13.396566 
  13.375549 
  13.396566 
  13.446383 
  13.360760 
  13.335073 
  13.452610 
  13.387225 
  13.412134 
  13.380220 
  13.487637 
  13.454167 
  13.450275 
  13.405128 
  13.498535 
  13.413690 
  13.369322 
  13.472848 
  13.506319 
  13.428480 
  13.455723 
  13.626969 
  13.563141 
  13.431593 
  13.487637 
  13.478297 
  13.317170 
  13.379441 
  13.474405 
  13.513324 
  13.503205 
  13.580266 
  13.506319 
  13.398901 
  13.412134 
  13.486081 
  13.486081 
  13.498535 
  13.621520 
  13.445604 
  13.503984 
  13.518773 
  13.591163 
  13.505540 
  13.552244 
  13.426145 
  13.498535 
  13.474405 
  13.606731 
  13.640980 
  13.699359 
  13.630861 
  13.697024 
  13.632418 
  13.765522 
  13.654212 
  13.769414 
  13.721932 
  13.761630 
  13.789652 
  13.884615 
  13.836355 
  13.897848 
  13.918864 
  13.995925 
  14.063645 
  13.966346 
  14.039515 
  14.058196 
  14.137592 
  14.220101 
  14.097894 
  14.357097 
  14.447390 
  14.378892 
  14.267582 
  14.516667 
  14.455952 
  14.315064 
  14.413141 
  14.524451 
  14.536905 
  14.533013 
  14.504212 
  14.428709 
  14.447390 
  14.487088 
  14.515888 
  14.366438 
  14.447390 
  14.349313 
  14.452839 
  14.634203 
  14.567262 
  14.388233 
  14.325183 
  14.402244 
  14.457509 
  14.331410 
  14.384341 
  14.247344 
  14.461401 
  14.384341 
  14.273031 
  14.196749 
  14.399130 
  14.371108 
  14.490980 
  14.462179 
  14.554808 
  14.650549 
  14.799222 
  14.666117 
  14.604625 
  14.552473 
  14.529121 
  14.368773 
  14.357097 
  14.229441 
  14.103342 
  14.148489 
  14.090110 
  14.118910 
  14.139927 
  14.128251 
  14.106456 
  14.075321 
  14.122802 
  14.129808 
  14.142262 
  14.097894 
  14.187408 
  14.120467 
  14.066758 
  14.162500 
  14.083104 
  14.039515 
  14.093223 
  14.136035 
  14.188187 
  14.084661 
  14.013828 
  14.079991 
  14.138370 
  14.039515 
  14.072985 
  14.080769 
  14.081548 
  13.998260 
  13.952335 
  13.988141 
  13.974130 
  14.009158 
  13.896291 
  13.871383 
  13.878388 
  13.919643 
  13.897070 
  13.885394 
  13.996703 
  13.976465 
  13.747619 
  13.661218 
  13.876053 
  13.826236 
  13.906410 
  13.849588 
  14.036401 
  13.957005 
  13.818452 
  13.849588 
  13.865156 
  13.907189 
  13.855037 
  13.773306 
  13.935989 
  13.998260 
  14.004487 
  13.964789 
  13.934432 
  13.886951 
  13.907189 
  13.747619 
  13.899405 
  13.816117 
  13.843361 
  13.950778 
  13.910302 
  13.891621 
  13.865934 
  13.900183 
  13.964789 
  14.054304 
  13.832463 
  13.858150 
  13.906410 
  13.728159 
  13.879945 
  13.892399 
  13.761630 
  13.851923 
  13.801328 
  13.876832 
  13.807555 
  13.795101 
  13.743727 
  13.841026 
  13.767857 
  13.746062 
  13.893956 
  13.757738 
  13.831685 
  13.904075 
  13.772527 
  13.735943 
  13.820009 
  13.835577 
  13.836355 
  13.705586 
  13.761630 
  13.788095 
  13.922756 
  13.846474 
  13.798993 
  13.684570 
  13.717262 
  13.788095 
  13.876053 
  13.841026 
  13.690018 
  13.787317 
  13.746841 
  13.719597 
  5.848535 
  5.859432 
  5.867216 
  5.902244 
  5.891346 
  5.907692 
  5.878892 
  5.907692 
  5.880449 
  5.891346 
  5.887454 
  5.894460 
  5.898352 
  5.894460 
  5.910806 
  5.899908 
  5.908471 
  5.929487 
  5.968407 
  5.969185 
  5.930266 
  5.945055 
  5.957509 
  5.977747 
  5.969185 
  5.975412 
  5.976969 
  5.946612 
  5.942720 
  5.962958 
  5.972299 
  5.996429 
  6.001099 
  5.997985 
  5.983196 
  5.995650 
  5.995650 
  6.016667 
  6.043132 
  6.033013 
  6.057143 
  6.029121 
  6.064148 
  6.097619 
  6.062592 
  6.087500 
  6.097619 
  6.106960 
  6.120971 
  6.136538 
  6.159112 
  6.160668 
  6.203480 
  6.229945 
  6.229167 
  6.199588 
  6.208150 
  6.229945 
  6.227610 
  6.219048 
  6.217491 
  6.258745 
  6.285989 
  6.293773 
  6.247848 
  6.270421 
  6.247070 
  6.287546 
  6.307005 
  6.332692 
  6.278205 
  6.307005 
  6.351374 
  6.394963 
  6.346703 
  6.343590 
  6.408196 
  6.388736 
  6.384844 
  6.450229 
  6.451007 
  6.446337 
  6.489927 
  6.513278 
  6.542079 
  6.538187 
  6.516392 
  6.489148 
  6.475916 
  6.500824 
  6.461126 
  6.409753 
  6.417537 
  6.434661 
  6.416758 
  6.395742 
  6.400412 
  6.415980 
  6.407418 
  6.390293 
  6.385623 
  6.379396 
  6.391071 
  6.394963 
  6.415201 
  6.387179 
  6.392628 
  6.391071 
  6.396520 
  6.359936 
  6.356044 
  6.398077 
  6.382509 
  6.398077 
  6.371612 
  6.373947 
  6.397299 
  6.386401 
  6.359936 
  6.305449 
  6.328800 
  6.371612 
  6.382509 
  6.409753 
  6.403526 
  6.386401 
  6.370833 
  6.369277 
  6.386401 
  6.381731 
  6.336584 
  6.341255 
  6.368498 
  6.372390 
  6.366163 
  6.384844 
  6.372390 
  6.343590 
  6.350595 
  6.330357 
  6.340476 
  6.363828 
  6.362271 
  6.358379 
  6.345925 
  6.331136 
  6.335806 
  6.355266 
  6.359936 
  6.346703 
  6.343590 
  6.337363 
  6.351374 
  6.379396 
  6.385623 
  6.361493 
  6.340476 
  6.340476 
  6.329579 
  6.333471 
  6.342033 
  6.321795 
  6.332692 
  6.331914 
  6.324130 
  6.352152 
  6.378617 
  6.407418 
  6.382509 
  6.371612 
  6.338141 
  6.359158 
  6.383288 
  6.363828 
  6.359158 
  6.360714 
  6.321016 
  6.314011 
  6.332692 
  6.345925 
  6.398077 
  6.387958 
  6.372390 
  6.328022 
  6.338141 
  6.337363 
  6.385623 
  6.429991 
  6.405861 
  6.373168 
  6.281319 
  6.264194 
  6.304670 
  6.403526 
  6.461126 
  6.408974 
  6.349038 
  6.282875 
  6.301557 
  6.383288 
  6.352152 
  6.384844 
  6.370055 
  6.400412 
  6.401190 
  6.313233 
  6.303892 
  6.321016 
  6.394185 
  6.411310 
  6.384066 
  6.350595 
  6.303114 
  6.441667 
  6.338919 
  6.436218 
  6.463462 
  6.418315 
  6.373947 
  6.310119 
  6.425321 
  6.472802 
  6.443223 
  6.422985 
  6.455678 
  6.463462 
  6.335806 
  6.278205 
  6.307005 
  6.445559 
  6.521062 
  6.533516 
  6.483700 
  6.461126 
  6.449451 
  6.461126 
  6.396520 
  6.326465 
  6.320238 
  6.355266 
  6.500046 
  6.612134 
  6.633150 
  6.540522 
  6.436996 
  6.397299 
  6.421429 
  6.465018 
  6.498489 
  6.526511 
  6.483700 
  6.465797 
  6.479808 
  6.578663 
  6.635485 
  6.689194 
  6.644826 
  6.595788 
  6.493819 
  6.430769 
  6.419093 
  6.415201 
  6.481364 
  6.513278 
  6.566209 
  6.580998 
  6.555311 
  6.583333 
  6.640156 
  6.612912 
  6.635485 
  6.602793 
  6.574771 
  6.528068 
  6.492262 
  6.460348 
  6.482143 
  6.524954 
  6.576328 
  6.605128 
  6.629258 
  6.611355 
  6.638599 
  6.628480 
  6.628480 
  6.606685 
  6.542857 
  6.533516 
  6.566209 
  6.615247 
  6.621474 
  6.624588 
  6.632372 
  6.692308 
  6.661172 
  6.689973 
  6.722665 
  6.756914 
  6.754579 
  6.737454 
  6.728892 
  6.774038 
  6.754579 
  6.753800 
  6.800504 
  6.867445 
  6.908700 
  6.956960 
  7.015339 
  7.058929 
  7.086172 
  7.075275 
  7.084615 
  7.082280 
  7.087729 
  7.071383 
  7.073718 
  7.094734 
  7.088507 
  7.146108 
  7.205266 
  7.241071 
  7.292445 
  7.324359 
  7.322802 
  7.336035 
  7.318910 
  7.310348 
  7.322024 
  7.337592 
  7.358608 
  7.365614 
  7.406090 
  7.432555 
  7.459020 
  7.474588 
  7.533745 
  7.536081 
  7.544643 
  7.589789 
  7.589011 
  7.568773 
  7.601465 
  7.614698 
  7.625595 
  7.716667 
  7.734570 
  7.756364 
  7.750137 
  7.761035 
  7.746245 
  7.739240 
  7.729121 
  7.696429 
  7.673855 
  7.663736 
  7.697985 
  7.702656 
  7.730678 
  7.742353 
  7.722115 
  7.680082 
  7.645833 
  7.660623 
  7.678526 
  7.708104 
  7.724451 
  7.747802 
  7.738462 
  7.661401 
  7.647390 
  7.683196 
  7.728342 
  7.723672 
  7.661401 
  7.751694 
  7.542308 
  7.554762 
  7.627152 
  7.576557 
  7.532967 
  7.450458 
  7.395971 
  7.392857 
  7.371841 
  7.372619 
  7.452015 
  7.379625 
  7.337592 
  7.318910 
  7.304899 
  7.292445 
  7.331364 
  7.356273 
  7.357051 
  7.360943 
  7.313462 
  7.322802 
  7.311126 
  7.278434 
  7.324359 
  7.325916 
  7.350046 
  7.318132 
  7.344597 
  7.347711 
  7.261310 
  7.292445 
  7.300229 
  7.292445 
  7.303342 
  7.318910 
  7.306456 
  7.318132 
  7.303342 
  7.338370 
  7.330586 
  7.295559 
  7.211493 
  7.243407 
  7.241071 
  7.286218 
  7.294780 
  7.296337 
  7.302564 
  7.289332 
  7.286996 
  7.283104 
  7.269872 
  7.290888 
  7.300229 
  7.263645 
  7.230174 
  7.239515 
  7.248855 
  7.254304 
  7.269872 
  7.328251 
  7.312683 
  7.338370 
  7.308013 
  7.319689 
  7.294002 
  7.287775 
  7.305678 
  7.280769 
  7.258974 
  7.318910 
  7.335256 
  7.315018 
  7.334478 
  7.346154 
  7.357051 
  7.322802 
  7.282326 
  7.329029 
  7.301007 
  7.301007 
  7.265201 
  7.295559 
  7.329808 
  7.336813 
  7.337592 
  7.339927 
  7.357830 
  7.333700 
  7.346932 
  7.308791 
  7.293223 
  7.295559 
  7.244185 
  7.250412 
  7.272985 
  7.300229 
  7.235623 
  7.338370 
  7.347711 
  7.248077 
  7.223947 
  7.180357 
  7.243407 
  7.285440 
  7.310348 
  7.345375 
  7.325137 
  7.291667 
  7.263645 
  7.268315 
  7.249634 
  7.268315 
  7.304121 
  7.303342 
  7.346154 
  7.343040 
  7.297115 
  7.298672 
  7.311126 
  7.309570 
  7.306456 
  7.248855 
  7.269093 
  7.288553 
  7.270650 
  7.294002 
  7.325137 
  7.350824 
  7.366392 
  7.364057 
  7.340705 
  7.346932 
  7.368727 
  7.311905 
  7.318132 
  7.382738 
  7.332921 
  7.333700 
  7.368727 
  7.343040 
  7.358608 
  7.374954 
  7.365614 
  7.315797 
  7.316575 
  7.346154 
  7.371841 
  7.365614 
  7.364835 
  7.361722 
  7.372619 
  7.365614 
  7.350046 
  7.345375 
  7.339927 
  7.374954 
  7.380403 
  7.353938 
  7.356273 
  7.362500 
  7.386630 
  7.392857 
  7.347711 
  7.365614 
  7.343819 
  7.377289 
  7.384295 
  7.404533 
  7.390522 
  7.387408 
  7.378068 
  7.369505 
  7.372619 
  7.404533 
  7.423993 
  7.438004 
  7.470696 
  7.477701 
  7.462912 
  7.476145 
  7.473810 
  7.468361 
  7.450458 
  7.495604 
  7.525183 
  7.553205 
  7.538416 
  7.522070 
  7.571108 
  7.580449 
  7.578892 
  7.566438 
  7.592125 
  7.653617 
  7.703434 
  7.694093 
  7.680861 
  7.683974 
  7.699542 
  7.750916 
  7.740018 
  7.775046 
  7.820971 
  7.799176 
  7.826419 
  7.864560 
  7.886355 
  7.888690 
  7.956410 
  7.977427 
  8.023352 
  7.984432 
  8.032692 
  8.054487 
  8.084066 
  8.080952 
  8.108196 
  8.114423 
  8.151007 
  8.139332 
  8.156456 
  8.161126 
  8.164240 
  8.165797 
  8.226511 
  8.256090 
  8.303571 
  8.300458 
  8.288782 
  8.330815 
  8.316026 
  8.300458 
  8.326145 
  8.326923 
  8.317582 
  8.338599 
  8.365064 
  8.361172 
  8.351832 
  8.379075 
  8.363507 
  8.346383 
  8.340934 
  8.302015 
  8.298901 
  8.276328 
  8.327701 
  8.328480 
  8.388416 
  8.358837 
  8.375183 
  8.291896 
  8.302015 
  8.315247 
  8.315247 
  8.290339 
  8.201603 
  8.206273 
  7.950962 
  7.999222 
  7.936172 
  7.922940 
  7.893361 
  7.873901 
  7.821749 
  7.888690 
  7.880128 
  7.874679 
  7.848214 
  7.852106 
  7.810073 
  7.814744 
  7.858333 
  7.841209 
  7.829533 
  7.820192 
  7.817079 
  7.859890 
  7.817857 
  7.775824 
  7.797619 
  7.777381 
  7.798397 
  7.786722 
  7.832647 
  7.831090 
  7.839652 
  7.859112 
  7.854441 
  7.810073 
  7.753251 
  7.761813 
  7.774267 
  7.752473 
  7.785165 
  7.817079 
  7.833425 
  7.821749 
  7.806181 
  7.827198 
  7.815522 
  7.820192 
  7.789057 
  7.725229 
  7.740018 
  7.722894 
  7.737683 
  7.754029 
  7.796062 
  7.838095 
  7.847436 
  7.792949 
  7.802289 
  7.782830 
  7.777381 
  7.772711 
  7.761813 
  7.807738 
  7.825641 
  7.738462 
  7.772711 
  7.759478 
  7.789835 
  7.825641 
  7.830311 
  7.824863 
  7.799176 
  7.804625 
  7.793727 
  7.744689 
  7.721337 
  7.738462 
  7.791392 
  7.821749 
  7.792949 
  7.820192 
  7.817079 
  7.845879 
  7.810073 
  7.795284 
  7.817857 
  7.782830 
  7.736126 
  7.735348 
  7.771932 
  7.755586 
  7.775824 
  7.840430 
  7.818636 
  7.827976 
  7.780495 
  7.737683 
  7.787500 
  7.806960 
  7.786722 
  7.734570 
  7.717445 
  7.750916 
  7.750137 
  7.761035 
  7.839652 
  7.851328 
  7.783608 
  7.736126 
  7.701099 
  7.728342 
  7.747024 
  7.801511 
  7.831090 
  7.852106 
  7.792949 
  7.799176 
  7.756364 
  7.725229 
  7.698764 
  7.722894 
  7.796062 
  7.764927 
  7.777381 
  7.778938 
  7.774267 
  7.718223 
  7.729121 
  7.758700 
  7.775046 
  7.775046 
  7.771932 
  7.752473 
  7.765705 
  7.804625 
  7.738462 
  7.803846 
  7.832647 
  7.831090 
  7.844322 
  7.826419 
  7.866117 
  7.820192 
  7.807738 
  7.830311 
  7.846658 
  7.872344 
  7.849771 
  7.896474 
  7.882463 
  7.852106 
  7.844322 
  7.852106 
  7.798397 
  7.802289 
  7.842766 
  7.877793 
  7.863782 
  7.865339 
  7.882463 
  7.866117 
  7.842766 
  7.857555 
  7.882463 
  7.889469 
  7.891804 
  7.849771 
  7.876236 
  7.867674 
  7.829533 
  7.800733 
  7.823306 
  7.880907 
  7.866896 
  7.855998 
  7.885577 
  7.904258 
  7.912821 
  7.880128 
  7.894918 
  7.905815 
  7.880907 
  7.873901 
  7.819414 
  7.872344 
  7.899588 
  7.966529 
  7.961859 
  7.944734 
  7.951740 
  7.954853 
  7.923718 
  7.862225 
  7.910485 
  7.953297 
  7.989103 
  7.982875 
  8.010119 
  7.982875 
  8.035806 
  8.052152 
  8.134661 
  8.163462 
  8.141667 
  8.128434 
  8.158791 
  8.184478 
  8.196154 
  8.218727 
  8.219505 
  8.252976 
  8.289560 
  8.331593 
  8.365064 
  8.409432 
  8.439789 
  8.429670 
  8.454579 
  8.432784 
  8.457692 
  8.498168 
  8.523855 
  8.543315 
  8.579121 
  8.557326 
  8.603251 
  8.616484 
  8.594689 
  8.605586 
  8.646841 
  8.727015 
  8.712225 
  8.695879 
  8.678755 
  8.720788 
  8.774496 
  8.783059 
  8.745696 
  8.784615 
  8.800962 
  8.816529 
  8.809524 
  8.791621 
  8.779945 
  8.768269 
  8.755815 
  8.794734 
  8.800962 
  8.750366 
  8.790064 
  8.759707 
  8.761264 
  8.780723 
  8.728571 
  8.737912 
  8.725458 
  8.707555 
  8.751923 
  8.703663 
  8.786951 
  8.720009 
  8.737912 
  8.653846 
  8.605586 
  8.641392 
  8.654625 
  8.635165 
  8.515293 
  8.478709 
  8.449130 
  8.396200 
  8.411767 
  8.386859 
  8.408654 
  8.432005 
  8.377518 
  8.295009 
  8.289560 
  8.287225 
  8.317582 
  8.361172 
  8.358837 
  8.340156 
  8.341712 
  8.332372 
  8.314469 
  8.270879 
  8.269322 
  8.288004 
  8.309799 
  8.311355 
  8.310577 
  8.299679 
  8.351832 
  8.349496 
  8.342491 
  8.309799 
  8.309020 
  8.321474 
  8.298123 
  8.225733 
  8.293452 
  8.258425 
  8.346383 
  8.329258 
  8.283333 
  8.288782 
  8.305128 
  8.288004 
  8.327701 
  8.312134 
  8.285668 
  8.259203 
  8.277106 
  8.249084 
  8.280998 
  8.263874 
  8.221062 
  8.274771 
  8.249084 
  8.307463 
  8.302015 
  8.273993 
  8.288004 
  8.295009 
  8.233516 
  8.281777 
  8.298123 
  8.319918 
  8.287225 
  8.223397 
  8.235852 
  8.316026 
  8.256090 
  8.291117 
  8.291117 
  8.291117 
  8.316804 
  8.302793 
  8.302793 
  8.308242 
  8.278663 
  8.322253 
  8.293452 
  8.252198 
  8.239744 
  8.315247 
  8.283333 
  8.259982 
  8.212500 
  8.255311 
  8.289560 
  8.262317 
  8.273214 
  8.322253 
  8.284890 
  8.209386 
  8.225733 
  8.268544 
  8.302793 
  8.287225 
  8.306685 
  8.326923 
  8.325366 
  8.305128 
  8.243636 
  8.244414 
  8.290339 
  8.296566 
  8.231960 
  8.245971 
  8.258425 
  8.270879 
  8.250641 
  8.249084 
  8.214057 
  8.292674 
  8.293452 
  8.244414 
  8.304350 
  8.319918 
  8.288782 
  8.268544 
  8.288782 
  8.296566 
  8.242079 
  8.296566 
  8.262317 
  8.245971 
  8.224176 
  8.233516 
  8.239744 
  8.238965 
  8.224176 
  8.228846 
  8.229625 
  8.214835 
  8.231960 
  8.261538 
  8.263874 
  8.288004 
  8.264652 
  8.245971 
  8.259982 
  8.238965 
  8.255311 
  8.164240 
  8.234295 
  8.303571 
  8.313690 
  8.242857 
  8.224176 
  8.234295 
  8.379075 
  8.306685 
  8.309799 
  8.280220 
  8.306685 
  8.403205 
  8.437454 
  8.456136 
  8.373626 
  8.259982 
  8.216392 
  8.231181 
  8.266209 
  8.322253 
  8.368178 
  8.414881 
  8.445238 
  8.382967 
  8.330037 
  8.323031 
  8.263095 
  8.267766 
  8.233516 
  8.308242 
  8.365064 
  8.447573 
  8.466255 
  8.440568 
  8.386859 
  8.376740 
  8.306685 
  8.221841 
  8.235073 
  8.253755 
  8.291896 
  8.293452 
  8.396200 
  8.398535 
  8.422665 
  8.401648 
  8.386081 
  8.347940 
  8.344826 
  8.315247 
  8.333150 
  8.302015 
  8.290339 
  8.326923 
  8.351053 
  8.349496 
  8.362729 
  8.417216 
  8.448352 
  8.396200 
  8.369734 
  8.383745 
  8.351053 
  8.300458 
  8.300458 
  8.305128 
  8.384524 
  8.444460 
  8.428892 
  8.451465 
  8.524634 
  8.522299 
  8.533196 
  8.531639 
  8.495055 
  8.497390 
  8.456914 
  8.497390 
  8.523855 
  8.636722 
  8.637500 
  8.691987 
  8.727015 
  8.700549 
  8.710668 
  8.769826 
  8.775275 
  8.754258 
  8.778388 
  8.762821 
  8.766712 
  8.753480 
  8.734799 
  8.774496 
  8.815751 
  8.880357 
  8.948077 
  8.938736 
  8.978434 
  8.971429 
  9.022802 
  8.993223 
  8.992445 
  9.033700 
  9.034478 
  9.029029 
  9.071841 
  9.065614 
  9.118544 
  9.141117 
  9.085852 
  9.031364 
  9.039148 
  9.103755 
  9.116987 
  9.060943 
  9.090522 
  9.100641 
  9.067949 
  9.137225 
  9.143452 
  9.149679 
  9.106868 
  9.056273 
  9.039148 
  9.098306 
  9.039927 
  9.015018 
  8.975321 
  9.042262 
  9.035256 
  9.116209 
  9.085852 
  9.039927 
  8.997115 
  9.015797 
  9.081960 
  9.132555 
  9.155128 
  9.004899 
  9.044597 
  9.058608 
  8.982326 
  8.883471 
  8.857784 
  8.751145 
  8.759707 
  8.749588 
  8.734799 
  8.710668 
  8.618040 
  8.617262 
  8.586905 
  8.570559 
  8.558104 
  8.618819 
  8.651511 
  8.661630 
  8.655403 
  8.655403 
  8.639057 
  8.590018 
  8.586126 
  8.537866 
  8.575229 
  8.591575 
  8.583013 
  8.645284 
  8.621932 
  8.594689 
  8.629716 
  8.622711 
  8.632051 
  8.604029 
  8.576007 
  8.510623 
  8.559661 
  8.533196 
  8.604029 
  8.636722 
  8.619597 
  8.636722 
  8.592353 
  8.588462 
  8.578342 
  8.542537 
  8.618040 
  8.631273 
  8.587683 
  8.528526 
  8.567445 
  8.567445 
  8.552656 
  8.582234 
  8.606364 
  8.646841 
  8.619597 
  8.609478 
  8.625824 
  8.588462 
  8.587683 
  8.523855 
  8.572894 
  8.567445 
  8.576786 
  8.586905 
  8.639057 
  8.611035 
  8.614148 
  8.618819 
  8.579121 
  8.591575 
  8.546429 
  8.585348 
  8.654625 
  8.660073 
  8.559661 
  8.594689 
  8.590797 
  8.561996 
  8.601694 
  8.621932 
  8.653068 
  8.625824 
  8.571337 
  8.591575 
  8.656181 
  8.646062 
  8.654625 
  8.576786 
  8.612592 
  8.618040 
  8.586126 
  8.565888 
  8.557326 
  8.534753 
  8.566667 
  8.596245 
  8.616484 
  8.613370 
  8.624267 
  8.568223 
  8.595467 
  8.593910 
  8.552656 
  8.536310 
  8.618819 
  8.637500 
  8.631273 
  8.576786 
  8.601694 
  8.604029 
  8.573672 
  8.592353 
  8.570559 
  8.577564 
  8.635165 
  8.582234 
  8.576007 
  8.535531 
  8.532418 
  8.533974 
  8.620375 
  8.716896 
  8.670192 
  8.639057 
  8.604808 
  8.605586 
  8.576007 
  8.537866 
  8.515293 
  8.521520 
  8.528526 
  8.593910 
  8.629716 
  8.611035 
  8.647619 
  8.600916 
  8.552656 
  8.536310 
  8.506731 
  8.536310 
  8.622711 
  8.635165 
  8.642170 
  8.593910 
  8.553434 
  8.519963 
  8.568223 
  8.590018 
  8.615705 
  8.582234 
  8.597024 
  8.620375 
  8.632051 
  8.621154 
  8.614927 
  8.631273 
  8.640614 
  8.577564 
  8.636722 
  8.670971 
  8.648397 
  8.652289 
  8.597024 
  8.602473 
  8.626603 
  8.628159 
  8.625046 
  8.677198 
  8.682647 
  8.691987 
  8.667079 
  8.648397 
  8.642949 
  8.695101 
  8.658516 
  8.673306 
  8.634386 
  8.611813 
  8.731685 
  8.770604 
  8.779945 
  8.705998 
  8.701328 
  8.617262 
  8.600137 
  8.660073 
  8.646841 
  8.583791 
  8.600916 
  8.656960 
  8.745696 
  8.767491 
  8.818864 
  8.814194 
  8.800183 
  8.740247 
  8.646841 
  8.660852 
  8.628938 
  8.598581 
  8.588462 
  8.567445 
  8.637500 
  8.723123 
  8.765156 
  8.767491 
  8.737912 
  8.774496 
  8.779167 
  8.705998 
  8.750366 
  8.713782 
  8.732463 
  8.697436 
  8.613370 
  8.613370 
  8.639057 
  8.739469 
  8.758929 
  8.806410 
  8.789286 
  8.790064 
  8.774496 
  8.790842 
  8.847665 
  8.788507 
  8.770604 
  8.807189 
  8.881136 
  8.920055 
  8.893590 
  8.956639 
  8.948077 
  9.005678 
  9.015018 
  9.015018 
  8.990888 
  9.029029 
  9.023581 
  9.030586 
  8.995559 
  8.984661 
  9.034478 
  9.130998 
  9.181593 
  9.205723 
  9.192491 
  9.235302 
  9.246200 
  9.306914 
  9.336493 
  9.323260 
  9.348947 
  9.376969 
  9.354396 
  9.351282 
  9.320925 
  9.322482 
  9.341163 
  9.466484 
  9.490614 
  9.418223 
  9.472711 
  9.496841 
  9.517079 
  9.475824 
  9.467262 
  9.490614 
  9.458700 
  9.499176 
  9.530311 
  9.515522 
  9.598810 
  9.601145 
  9.539652 
  9.547436 
  9.510073 
  9.545879 
  9.555220 
  9.493727 
  9.473489 
  9.438462 
  9.447802 
  9.507738 
  9.533425 
  9.482830 
  9.517857 
  9.478159 
  9.426007 
  9.438462 
  9.395650 
  9.355174 
  9.375412 
  9.347390 
  9.430678 
  9.422894 
  9.379304 
  9.351282 
  9.354396 
  9.329487 
  9.341163 
  9.344277 
  9.331044 
  9.272665 
  9.313919 
  9.278892 
  9.095192 
  9.065614 
  9.008013 
  8.970650 
  8.954304 
  8.927839 
  8.931731 
  8.925504 
  8.903709 
  8.855449 
  8.858562 
  8.821978 
  8.790842 
  8.838324 
  8.854670 
  8.869460 
  8.871795 
  8.871016 
  8.860119 
  8.867903 
  8.806410 
  8.806410 
  8.819643 
  8.756593 
  8.786951 
  8.853892 
  8.860897 
  8.811081 
  8.818864 
  8.874908 
  8.862454 
  8.781502 
  8.779167 
  8.751145 
  8.670192 
  8.755815 
  8.847665 
  8.877244 
  8.841438 
  8.808745 
  8.810302 
  8.751145 
  8.774496 
  8.736355 
  8.825870 
  8.798626 
  8.745696 
  8.719231 
  8.763599 
  8.797070 
  8.814973 
  8.818086 
  8.838324 
  8.822756 
  8.758929 
  8.755815 
  8.742582 
  8.744918 
  8.747253 
  8.793956 
  8.809524 
  8.846108 
  8.857005 
  8.839881 
  8.819643 
  8.853114 
  8.807967 
  8.810302 
  8.772940 
  8.770604 
  8.751145 
  8.797070 
  8.802518 
  8.777610 
  8.765156 
  8.778388 
  8.803297 
  8.794734 
  8.841438 
  8.836767 
  8.800962 
  8.821200 
  8.750366 
  8.720788 
  8.720009 
  8.762042 
  8.866346 
  8.800962 
  8.760485 
  8.776832 
  8.809524 
  8.796291 
  8.791621 
  8.771383 
  8.797848 
  8.757372 
  8.697436 
  8.683425 
  8.705220 
  8.769826 
  8.771383 
  8.806410 
  8.804853 
  8.817308 
  8.782280 
  8.752701 
  8.737912 
  8.723123 
  8.733242 
  8.751923 
  8.825870 
  8.795513 
  8.779167 
  8.736355 
  8.696658 
  8.733242 
  8.737912 
  8.756593 
  8.756593 
  8.751923 
  8.802518 
  8.828984 
  8.845330 
  8.774496 
  8.825092 
  8.771383 
  8.730907 
  8.741026 
  8.742582 
  8.831319 
  8.829762 
  8.761264 
  8.777610 
  8.705998 
  8.720788 
  8.827427 
  8.699771 
  8.791621 
  8.800962 
  8.806410 
  8.778388 
  8.816529 
  8.882692 
  8.825092 
  8.824313 
  8.864789 
  8.912271 
  8.906822 
  8.832875 
  8.797070 
  8.781502 
  8.832097 
  8.793178 
  8.823535 
  8.865568 
  8.891255 
  8.860119 
  8.832875 
  8.916941 
  8.871795 
  8.881914 
  8.869460 
  8.823535 
  8.817308 
  8.831319 
  8.843773 
  8.861676 
  8.873352 
  8.899038 
  8.909936 
  8.856227 
  8.867903 
  8.916941 
  8.849222 
  8.825870 
  8.833654 
  8.853114 
  8.878022 
  8.859341 
  8.882692 
  8.952747 
  8.923947 
  8.895147 
  8.927839 
  8.892811 
  8.892811 
  8.856227 
  8.884249 
  8.891255 
  8.846108 
  8.893590 
  8.888141 
  8.920055 
  8.952747 
  8.937958 
  8.940293 
  8.939515 
  8.987775 
  8.965201 
  8.916163 
  8.917720 
  8.957418 
  8.965980 
  8.938736 
  8.941850 
  9.021245 
  9.067949 
  9.044597 
  9.102976 
  9.145788 
  9.189377 
  9.147344 
  9.188599 
  9.246978 
  9.257875 
  9.286676 
  9.329487 
  9.333379 
  9.355952 
  9.400321 
  9.430678 
  9.470375 
  9.501511 
  9.517079 
  9.573123 
  9.647848 
  9.637729 
  9.592582 
  9.591026 
  9.639286 
  9.682875 
  9.665751 
  9.675092 
  9.687546 
  9.709341 
  9.754487 
  9.759936 
  9.741255 
  9.744368 
  9.789515 
  9.731914 
  9.794185 
  9.791071 
  9.859570 
  9.777060 
  9.730357 
  9.695330 
  9.746703 
  9.754487 
  9.794963 
  9.818315 
  9.805861 
  9.812866 
  9.825321 
  9.770833 
  9.795742 
  9.757601 
  9.792628 
  9.807418 
  9.798077 
  9.823764 
  9.835440 
  9.847115 
  9.837775 
  9.833104 
  9.827656 
  9.840888 
  9.865797 
  9.897711 
  9.903938 
  9.901603 
  9.889927 
  9.889148 
  9.886035 
  9.898489 
  9.859570 
  9.886813 
  9.861126 
  9.838553 
  9.809753 
  9.749817 
  9.730357 
  9.698443 
  9.649405 
  9.557555 
  9.531090 
  9.572344 
  9.531090 
  9.493727 
  9.433013 
  9.420559 
  9.430678 
  9.434570 
  9.421337 
  9.429899 
  9.435348 
  9.464148 
  9.454029 
  9.408104 
  9.377747 
  9.338828 
  9.386310 
  9.426007 
  9.448581 
  9.410440 
  9.413553 
  9.474267 
  9.426786 
  9.447024 
  9.443132 
  9.428342 
  9.431456 
  9.454029 
  9.404991 
  9.398764 
  9.417445 
  9.410440 
  9.377747 
  9.385531 
  9.428342 
  9.398764 
  9.412775 
  9.447024 
  9.472711 
  9.411218 
  9.450137 
  9.389423 
  9.348947 
  9.331044 
  9.325595 
  9.355952 
  9.398764 
  9.429121 
  9.454808 
  9.454029 
  9.408104 
  9.376190 
  9.429121 
  9.390980 
  9.411218 
  9.406548 
  9.366071 
  9.361401 
  9.376969 
  9.369185 
  9.400321 
  9.369963 
  9.397207 
  9.461035 
  9.480495 
  9.479716 
  9.453251 
  9.449359 
  9.373077 
  9.328709 
  9.358288 
  9.326374 
  9.411996 
  9.404991 
  9.394093 
  9.370742 
  9.344277 
  9.338049 
  9.323260 
  9.314698 
  9.378526 
  9.404212 
  9.353617 
  9.307692 
  9.294460 
  9.325595 
  9.352060 
  9.345055 
  9.376190 
  9.338049 
  9.360623 
  9.377747 
  9.352839 
  9.327152 
  9.297573 
  9.376969 
  9.349725 
  9.320925 
  9.355952 
  9.350504 
  9.315476 
  9.334936 
  9.337271 
  9.383196 
  9.358288 
  9.331044 
  9.348947 
  9.328709 
  9.350504 
  9.299908 
  9.316255 
  9.352060 
  9.340385 
  9.332601 
  9.349725 
  9.395650 
  9.350504 
  9.360623 
  9.291346 
  9.383974 
  9.342720 
  9.345833 
  9.338828 
  9.334936 
  9.334158 
  9.340385 
  9.348168 
  9.376969 
  9.406548 
  9.373077 
  9.350504 
  9.377747 
  9.433013 
  9.375412 
  9.340385 
  9.303022 
  9.376190 
  9.460256 
  9.436126 
  9.406548 
  9.341941 
  9.318590 
  9.395650 
  9.345055 
  9.419780 
  9.446245 
  9.417445 
  9.425229 
  9.314698 
  9.364515 
  9.408104 
  9.519414 
  9.559890 
  9.475824 
  9.399542 
  9.348168 
  9.318590 
  9.353617 
  9.401877 
  9.442353 
  9.475824 
  9.544322 
  9.517857 
  9.490614 
  9.450137 
  9.401099 
  9.365293 
  9.354396 
  9.391758 
  9.485943 
  9.502289 
  9.515522 
  9.523306 
  9.496841 
  9.463370 
  9.387866 
  9.383974 
  9.388645 
  9.362179 
  9.374634 
  9.429121 
  9.491392 
  9.504625 
  9.532647 
  9.538874 
  9.568452 
  9.506960 
  9.424451 
  9.394872 
  9.378526 
  9.378526 
  9.355952 
  9.459478 
  9.480495 
  9.474267 
  9.496841 
  9.539652 
  9.529533 
  9.579350 
  9.519414 
  9.503068 
  9.538874 
  9.490614 
  9.441575 
  9.398764 
  9.409661 
  9.440018 
  9.512408 
  9.524863 
  9.570009 
  9.613599 
  9.642399 
  9.646291 
  9.668864 
  9.685989 
  9.598810 
  9.603480 
  9.648626 
  9.724130 
  9.700778 
  9.764606 
  9.814423 
  9.805082 
  9.868132 
  9.869689 
  9.922619 
  9.952976 
  9.982555 
  10.026923 
  10.024588 
  10.030037 
  9.998123 
  9.966209 
  9.964652 
  10.034707 
  10.085302 
  10.090751 
  10.148352 
  10.184158 
  10.184158 
  10.206731 
  10.218407 
  10.143681 
  10.136676 
  10.230861 
  10.231639 
  10.230082 
  10.254212 
  10.287683 
  10.286126 
  10.258883 
  10.286905 
  10.310256 
  10.334386 
  10.391987 
  10.456593 
  10.400549 
  10.402106 
  10.377198 
  10.378755 
  10.305586 
  10.314148 
  10.339835 
  10.312592 
  10.391987 
  10.427015 
  10.457372 
  10.499405 
  10.482280 
  10.465934 
  10.446474 
  10.444139 
  10.462821 
  10.479167 
  10.531319 
  10.545330 
  10.576465 
  10.596703 
  10.651190 
  10.634066 
  10.594368 
  10.580357 
  10.560897 
  10.546108 
  10.585027 
  10.589698 
  10.567903 
  10.619277 
  10.565568 
  10.530540 
  10.507967 
  10.471383 
  10.454258 
  10.420009 
  10.425458 
  10.430907 
  10.378755 
  10.388874 
  10.321932 
  10.123443 
  10.107875 
  10.014469 
  9.985668 
  9.997344 
  9.939744 
  9.909386 
  9.912500 
  9.833104 
  9.787179 
  9.791071 
  9.824542 
  9.877473 
  9.861126 
  9.846337 
  9.890705 
  9.847894 
  9.876694 
  9.841667 
  9.778617 
  9.757601 
  9.749817 
  9.869689 
  9.886813 
  9.867353 
  9.840110 
  9.780952 
  9.759158 
  9.770055 
  9.787958 
  9.833883 
  9.793407 
  9.751374 
  9.749817 
  9.729579 
  9.784066 
  9.857234 
  9.911722 
  9.905495 
  9.910943 
  9.831548 
  9.780952 
  9.793407 
  9.703892 
  9.716346 
  9.784066 
  9.829212 
  9.802747 
  9.834661 
  9.822985 
  9.808974 
  9.833883 
  9.821429 
  9.873581 
  9.814423 
  9.780952 
  9.752930 
  9.707784 
  9.703892 
  9.721795 
  9.717903 
  9.786401 
  9.826877 
  9.868910 
  9.905495 
  9.867353 
  9.836996 
  9.826877 
  9.819872 
  9.776282 
  9.711676 
  9.743590 
  9.749817 
  9.745147 
  9.752152 
  9.757601 
  9.829212 
  9.844780 
  9.844002 
  9.867353 
  9.808196 
  9.815980 
  9.774725 
  9.807418 
  9.794185 
  9.708562 
  9.713233 
  9.708562 
  9.708562 
  9.668086 
  9.733471 
  9.700778 
  9.763049 
  9.772390 
  9.774725 
  9.740476 
  9.749817 
  9.745925 
  9.703114 
  9.703892 
  9.681319 
  9.632280 
  9.648626 
  9.681319 
  9.694551 
  9.687546 
  9.714011 
  9.785623 
  9.747482 
  9.722573 
  9.702335 
  9.671200 
  9.668086 
  9.710119 
  9.668086 
  9.685989 
  9.633837 
  9.716346 
  9.674313 
  9.686767 
  9.708562 
  9.707784 
  9.754487 
  9.719460 
  9.748260 
  9.721795 
  9.698443 
  9.664194 
  9.628388 
  9.667308 
  9.689103 
  9.746703 
  9.710119 
  9.713233 
  9.675870 
  9.691438 
  9.644734 
  9.699222 
  9.704670 
  9.712454 
  9.726465 
  9.702335 
  9.735806 
  9.759158 
  9.749038 
  9.718681 
  9.678984 
  9.595696 
  9.653297 
  9.752152 
  9.784066 
  9.733471 
  9.679762 
  9.687546 
  9.680540 
  9.654853 
  9.700778 
  9.787179 
  9.734249 
  9.725687 
  9.654075 
  9.674313 
  9.752152 
  9.650962 
  9.773947 
  9.791850 
  9.792628 
  9.846337 
  9.822207 
  9.798855 
  9.763049 
  9.728800 
  9.796520 
  9.810531 
  9.819093 
  9.844002 
  9.851786 
  9.814423 
  9.794185 
  9.789515 
  9.768498 
  9.861126 
  9.826877 
  9.820650 
  9.772390 
  9.757601 
  9.763049 
  9.872024 
  9.794963 
  9.788736 
  9.811310 
  9.823764 
  9.858791 
  9.860348 
  9.867353 
  9.808974 
  9.815201 
  9.805082 
  9.833883 
  9.809753 
  9.791071 
  9.802747 
  9.753709 
  9.827656 
  9.851786 
  9.877473 
  9.890705 
  9.872802 
  9.901603 
  9.837775 
  9.847894 
  9.877473 
  9.819872 
  9.860348 
  9.843223 
  9.832326 
  9.815201 
  9.798077 
  9.798855 
  9.811310 
  9.808974 
  9.872802 
  9.910943 
  9.930403 
  9.913278 
  9.863462 
  9.859570 
  9.871245 
  9.871245 
  9.865797 
  9.855678 
  9.931181 
  9.965430 
  9.982555 
  9.959203 
  9.942079 
  9.899267 
  9.914057 
  10.004350 
  9.967766 
  10.026145 
  10.008242 
  10.033150 
  10.041712 
  10.072848 
  10.047940 
  10.048718 
  10.110211 
  10.107097 
  10.140568 
  10.188828 
  10.198168 
  10.220742 
  10.244093 
  10.297802 
  10.360073 
  10.394322 
  10.380311 
  10.430128 
  10.447253 
  10.424679 
  10.487729 
  10.459707 
  10.458150 
  10.499405 
  10.542216 
  10.510302 
  10.587363 
  10.655861 
  10.653526 
  10.620833 
  10.613049 
  10.640293 
  10.628617 
  10.675321 
  10.734478 
  10.757051 
  10.769505 
  10.771841 
  10.781181 
  10.768727 
  10.701007 
  10.749267 
  10.712683 
  10.741484 
  10.855907 
  10.871474 
  10.903388 
  10.882372 
  10.962546 
  10.947756 
  10.902610 
  10.879258 
  10.856685 
  10.918956 
  10.918956 
  10.887821 
  10.848901 
  10.831777 
  10.794414 
  10.759386 
  10.769505 
  10.845788 
  10.950092 
  11.081639 
  11.124451 
  11.092537 
  11.094872 
  11.023260 
  11.086310 
  11.158700 
  11.176603 
  11.154029 
  11.124451 
  11.101099 
  11.101099 
  11.247436 
  11.289469 
  11.132234 
  11.064515 
  11.088645 
  11.094093 
  11.108104 
  11.024817 
  11.025595 
  11.111996 
  10.997573 
  10.920513 
  10.882372 
  10.614606 
  10.622390 
  10.615385 
  10.487729 
  10.443361 
  10.440247 
  10.517308 
  10.568681 
  10.525092 
  10.522756 
  10.470604 
  10.478388 
  10.454258 
  10.458929 
  10.477610 
  10.462821 
  10.463599 
  10.462042 
  10.487729 
  10.535989 
  10.462821 
  10.413782 
  10.441804 
  10.439469 
  10.372527 
  10.492399 
  10.564789 
  10.549222 
  10.481502 
  10.430128 
  10.486172 
  10.431685 
  10.444918 
  10.486951 
  10.462821 
  10.535989 
  10.455037 
  10.528205 
  10.475275 
  10.511859 
  10.462042 
  10.534432 
  10.509524 
  10.469826 
  10.477610 
  10.371749 
  10.444139 
  10.405220 
  10.365522 
  10.360073 
  10.437134 
  10.542216 
  10.557784 
  10.530540 
  10.504075 
  10.504075 
  10.492399 
  10.476053 
  10.405220 
  10.367079 
  10.404441 
  10.405220 
  10.368636 
  10.413782 
  10.414560 
  10.483837 
  10.471383 
  10.455037 
  10.443361 
  10.486172 
  10.493178 
  10.394322 
  10.404441 
  10.365522 
  10.367079 
  10.431685 
  10.349954 
  10.372527 
  10.353068 
  10.363965 
  10.443361 
  10.415339 
  10.455815 
  10.439469 
  10.400549 
  10.430128 
  10.433242 
  10.385760 
  10.346841 
  10.329716 
  10.305586 
  10.287683 
  10.321154 
  10.336722 
  10.340614 
  10.356181 
  10.370192 
  10.384203 
  10.393544 
  10.360852 
  10.403663 
  10.413004 
  10.323489 
  10.286905 
  10.290797 
  10.266667 
  10.274451 
  10.270559 
  10.280678 
  10.307143 
  10.363965 
  10.413782 
  10.364744 
  10.360073 
  10.318040 
  10.349176 
  10.258883 
  10.314927 
  10.288462 
  10.251099 
  10.236310 
  10.187271 
  10.188049 
  10.220742 
  10.290797 
  10.328938 
  10.349954 
  10.415339 
  10.415339 
  10.386538 
  10.261218 
  10.278342 
  10.215293 
  10.220742 
  10.216071 
  10.183379 
  10.259661 
  10.276786 
  10.312592 
  10.282234 
  10.336722 
  10.396658 
  10.392766 
  10.363187 
  10.327381 
  10.330495 
  10.300137 
  10.254991 
  10.209066 
  10.253434 
  10.236310 
  10.274451 
  10.352289 
  10.419231 
  10.340614 
  10.340614 
  10.311035 
  10.314148 
  10.245650 
  10.245650 
  10.325046 
  10.269002 
  10.363187 
  10.350733 
  10.354625 
  10.324267 
  10.281456 
  10.291575 
  10.329716 
  10.270559 
  10.293132 
  10.365522 
  10.364744 
  10.385760 
  10.344505 
  10.282234 
  10.264332 
  10.278342 
  10.309478 
  10.438690 
  10.313370 
  10.279899 
  10.291575 
  10.362408 
  10.354625 
  10.313370 
  10.363965 
  10.400549 
  10.339057 
  10.347619 
  10.406777 
  10.421566 
  10.419231 
  10.454258 
  10.416117 
  10.378755 
  10.395101 
  10.402885 
  10.414560 
  10.443361 
  10.423123 
  10.434020 
  10.455815 
  10.480723 
  10.483837 
  10.406777 
  10.349954 
  10.414560 
  10.429350 
  10.452701 
  10.405998 
  10.455037 
  10.476053 
  10.458929 
  10.358516 
  10.368636 
  10.415339 
  10.415339 
  10.403663 
  10.491621 
  10.503297 
  10.501740 
  10.465156 
  10.451145 
  10.409890 
  10.439469 
  10.456593 
  10.543773 
  10.447253 
  10.480723 
  10.394322 
  10.347619 
  10.342170 
  10.362408 
  10.440247 
  10.444139 
  10.505632 
  10.491621 
  10.490842 
  10.477610 
  10.474496 
  10.456593 
  10.443361 
  10.469048 
  10.418452 
  10.469048 
  10.462821 
  10.446474 
  10.443361 
  10.358516 
  10.413004 
  10.447253 
  10.492399 
  10.502518 
  10.514973 
  10.542216 
  10.528984 
  10.460485 
  10.463599 
  10.479167 
  10.472940 
  10.512637 
  10.476053 
  10.476832 
  10.514194 
  10.451923 
  10.522756 
  10.488507 
  10.498626 
  10.528205 
  10.528205 
  10.535989 
  10.569460 
  10.552335 
  10.490064 
  10.550000 
  10.562454 
  10.559341 
  10.623168 
  10.634066 
  10.606822 
  10.602930 
  10.632509 
  10.724359 
  10.739927 
  10.659753 
  10.708791 
  10.700229 
  10.729029 
  10.709570 
  10.694780 
  10.743040 
  10.793636 
  10.831777 
  10.792079 
  10.850458 
  10.798306 
  10.901832 
  10.820879 
  11.021703 
  10.974222 
  11.020147 
  11.052839 
  11.124451 
  11.057509 
  11.085531 
  11.034936 
  11.115110 
  11.115110 
  11.227198 
  11.224863 
  11.227976 
  11.204625 
  11.189835 
  11.168819 
  11.195284 
  11.254441 
  11.265339 
  11.271566 
  11.280907 
  11.227198 
  11.182051 
  11.186722 
  11.267674 
  11.281685 
  11.319048 
  11.196062 
  11.204625 
  11.097207 
  11.206960 
  11.220971 
  11.270009 
  11.232647 
  11.248993 
  11.285577 
  11.367308 
  11.344734 
  11.343178 
  11.283242 
  11.436584 
  11.347848 
  11.292582 
  11.409341 
  11.350183 
  11.421016 
  11.583700 
  11.132234 
  11.025595 
  11.031044 
  10.992903 
  10.876145 
  10.767170 
  10.715018 
  10.796749 
  10.769505 
  10.766392 
  10.703342 
  10.760943 
  10.764057 
  10.764835 
  10.733700 
  10.731364 
  10.724359 
  10.677656 
  10.692445 
  10.746932 
  10.694002 
  10.764835 
  10.723581 
  10.744597 
  10.708013 
  10.655861 
  10.669093 
  10.655861 
  10.718910 
  10.727473 
  10.785073 
  10.753159 
  10.613828 
  10.688553 
  10.711905 
  10.676877 
  10.685440 
  10.727473 
  10.655082 
  10.706456 
  10.594368 
  10.634066 
  10.689332 
  10.630952 
  10.733700 
  10.644185 
  10.675321 
  10.723581 
  10.606822 
  10.638736 
  10.701007 
  10.638736 
  10.678434 
  10.650412 
  10.665201 
  10.654304 
  10.794414 
  10.687775 
  10.686218 
  10.609158 
  10.581136 
  10.606822 
  10.634844 
  10.623168 
  10.687775 
  10.676877 
  10.702564 
  10.666758 
  10.617720 
  10.648855 
  10.644963 
  10.649634 
  10.655082 
  10.577244 
  10.626282 
  10.696337 
  10.637179 
  10.643407 
  10.669093 
  10.618498 
  10.634066 
  10.631731 
  10.578022 
  10.608379 
  10.585806 
  10.668315 
  10.640293 
  10.599038 
  10.636401 
  10.589698 
  10.592811 
  10.694780 
  10.581136 
  10.537546 
  10.590476 
  10.605266 
  10.660531 
  10.653526 
  10.585027 
  10.550000 
  10.552335 
  10.573352 
  10.592811 
  10.605266 
  10.575687 
  10.553892 
  10.640293 
  10.518864 
  10.589698 
  10.591255 
  10.612271 
  10.674542 
  10.608379 
  10.607601 
  10.569460 
  10.645742 
  10.571795 
  10.489286 
  10.609936 
  10.534432 
  10.629396 
  10.618498 
  10.567903 
  10.463599 
  10.514973 
  10.624725 
  10.594368 
  10.535989 
  10.527427 
  10.563233 
