  6.949954 
  6.929716 
  6.930495 
  6.945284 
  6.945284 
  6.962408 
  6.934386 
  6.905586 
  6.949176 
  6.916484 
  6.914148 
  6.947619 
  6.927381 
  6.958516 
  6.947619 
  6.938278 
  6.916484 
  6.927381 
  6.954625 
  6.925824 
  6.895467 
  6.878342 
  6.914148 
  6.939057 
  6.926603 
  6.938278 
  6.953846 
  6.945284 
  6.918040 
  6.918040 
  6.949176 
  6.942949 
  6.959295 
  6.950733 
  6.949176 
  6.928159 
  6.895467 
  6.904808 
  6.924267 
  6.946062 
  6.960073 
  6.959295 
  6.939835 
  6.917262 
  6.918040 
  6.934386 
  6.947619 
  6.954625 
  6.957738 
  6.963965 
  6.943727 
  6.938278 
  6.925824 
  6.914927 
  6.943727 
  6.934386 
  6.972527 
  6.948397 
  6.916484 
  6.928159 
  6.949176 
  6.953846 
  6.977198 
  6.955403 
  6.950733 
  6.918819 
  6.951511 
  6.932830 
  6.951511 
  6.970971 
  6.939835 
  6.906364 
  6.935165 
  6.949176 
  6.969414 
  6.930495 
  6.939835 
  6.956960 
  6.994322 
  6.927381 
  6.923489 
  6.959295 
  6.931273 
  6.921932 
  6.931273 
  6.961630 
  6.953846 
  6.947619 
  6.939835 
  6.981090 
  6.961630 
  6.946062 
  6.935943 
  6.963965 
  6.960852 
  6.932051 
  6.953068 
  6.961630 
  6.981090 
  6.977976 
  6.943727 
  6.941392 
  6.974084 
  6.956181 
  6.957738 
  6.960852 
  6.928938 
  6.935943 
  6.947619 
  6.989652 
  6.987317 
  6.938278 
  6.948397 
  6.962408 
  6.959295 
  6.990430 
  6.999771 
  6.993544 
  6.956960 
  6.932830 
  6.934386 
  6.963965 
  6.968636 
  6.979533 
  6.961630 
  6.970192 
  6.988874 
  6.917262 
  6.930495 
  6.938278 
  6.960852 
  6.990430 
  6.989652 
  6.961630 
  6.955403 
  6.942949 
  6.946841 
  6.951511 
  6.965522 
  6.987317 
  6.997436 
  6.935943 
  6.904808 
  6.935165 
  6.941392 
  6.944505 
  6.971749 
  6.983425 
  6.975641 
  6.974084 
  6.985760 
  6.949954 
  6.931273 
  6.941392 
  6.985760 
  6.995879 
  6.977976 
  6.974084 
  6.974084 
  6.956960 
  6.965522 
  6.996658 
  6.963187 
  6.960073 
  6.937500 
  6.943727 
  6.954625 
  6.969414 
  6.964744 
  6.944505 
  6.954625 
  6.942170 
  6.963187 
  6.988095 
  6.941392 
  6.934386 
  6.931273 
  6.974863 
  6.915705 
  6.899359 
  6.948397 
  6.960073 
  6.981090 
  6.945284 
  6.914148 
  6.903251 
  6.928159 
  6.930495 
  6.976419 
  7.000549 
  6.992766 
  6.956181 
  6.925046 
  6.916484 
  6.876007 
  6.897802 
  6.960852 
  6.991987 
  6.992766 
  6.975641 
  6.947619 
  6.900916 
  6.901694 
  6.903251 
  6.907921 
  6.886905 
  6.926603 
  6.990430 
  6.992766 
  6.957738 
  6.943727 
  6.931273 
  6.934386 
  6.908700 
  6.898581 
  6.933608 
  6.955403 
  6.975641 
  6.971749 
  6.965522 
  6.926603 
  6.959295 
  6.918819 
  6.884570 
  6.923489 
  6.923489 
  6.967079 
  6.939835 
  6.960073 
  6.965522 
  6.957738 
  6.979533 
  6.928938 
  6.935943 
  6.925046 
  6.914148 
  6.937500 
  6.954625 
  6.956181 
  6.963965 
  6.947619 
  6.964744 
  6.925046 
  6.916484 
  6.904808 
  6.934386 
  6.944505 
  6.978755 
  6.966300 
  6.982647 
  6.935165 
  6.918819 
  6.890018 
  6.924267 
  6.913370 
  6.915705 
  6.512500 
  6.951511 
  6.953068 
  6.950733 
  6.939057 
  6.928159 
  6.932051 
  6.921932 
  6.925046 
  6.919597 
  6.919597 
  6.961630 
  6.971749 
  6.945284 
  6.914148 
  6.932830 
  6.914148 
  6.954625 
  6.932830 
  6.933608 
  6.928938 
  6.935165 
  6.945284 
  6.918040 
  6.923489 
  6.911813 
  6.914148 
  6.932051 
  6.941392 
  6.897024 
  6.906364 
  6.922711 
  6.926603 
  6.926603 
  6.911035 
  6.949176 
  6.921932 
  6.911813 
  6.906364 
  6.911813 
  6.960073 
  6.946841 
  6.931273 
  6.947619 
  6.899359 
  6.920375 
  6.954625 
  6.900137 
  6.955403 
  6.958516 
  6.926603 
  6.932830 
  6.914148 
  6.925046 
  6.915705 
  6.960073 
  6.947619 
  6.939057 
  6.941392 
  6.939057 
  6.933608 
  6.939835 
  6.914148 
  6.940614 
  6.928159 
  6.950733 
  6.988095 
  6.949176 
  6.936722 
  6.933608 
  6.922711 
  6.926603 
  6.950733 
  6.973306 
  6.952289 
  6.963187 
  6.970971 
  6.953846 
  6.929716 
  6.942949 
  6.928159 
  6.912592 
  6.929716 
  6.935165 
  6.981090 
  6.