  8.298901 
  8.303571 
  8.282555 
  8.310577 
  8.300458 
  8.291117 
  8.332372 
  8.288782 
  8.314469 
  8.319139 
  8.315247 
  8.340156 
  8.350275 
  8.329258 
  8.316804 
  8.290339 
  8.305128 
  8.323031 
  8.289560 
  8.290339 
  8.305128 
  8.302793 
  8.316804 
  8.314469 
  8.310577 
  8.306685 
  8.307463 
  8.301236 
  8.279441 
  8.318361 
  8.316804 
  8.315247 
  8.305907 
  8.290339 
  8.307463 
  8.318361 
  8.304350 
  8.280998 
  8.302793 
  8.332372 
  8.329258 
  8.343269 
  8.348718 
  8.348718 
  8.328480 
  8.329258 
  8.331593 
  8.325366 
  8.345604 
  8.335485 
  8.355723 
  8.361172 
  8.349496 
  8.358837 
  8.344826 
  8.341712 
  8.336264 
  8.349496 
  8.374405 
  8.349496 
  8.336264 
  8.333929 
  8.340934 
  8.346383 
  8.351053 
  8.345604 
  8.327701 
  8.354167 
  8.361172 
  8.356502 
  8.334707 
  8.362729 
  8.371291 
  8.353388 
  8.358837 
  8.312912 
  8.344826 
  8.348718 
  8.360394 
  8.368178 
  8.381410 
  8.342491 
  8.390751 
  8.353388 
  8.379853 
  8.370513 
  8.307463 
  8.337042 
  8.305128 
  8.352610 
  8.350275 
  8.341712 
  8.309799 
  8.346383 
  8.347940 
  8.337821 
  8.333929 
  8.344826 
  8.319139 
  8.327701 
  8.362729 
  8.343269 
  8.337042 
  8.329258 
  8.323031 
  8.349496 
  8.327701 
  8.325366 
  8.334707 
  8.333929 
  8.373626 
  8.339377 
  8.332372 
  8.346383 
  8.356502 
  8.323031 
  8.321474 
  8.325366 
  8.330815 
  8.339377 
  8.333150 
  8.347940 
  8.358059 
  8.335485 
  8.329258 
  8.284890 
  8.294231 
  8.266209 
  8.289560 
  8.291117 
  8.286447 
  8.304350 
  8.311355 
  8.329258 
  8.317582 
  8.315247 
  8.296566 
  8.307463 
  8.313690 
  8.299679 
  8.295788 
  8.330815 
  8.287225 
  8.307463 
  8.313690 
  8.316804 
  8.312134 
  8.298123 
  8.298901 
  8.298123 
  8.312134 
  8.320696 
  8.331593 
  8.330037 
  8.334707 
  8.331593 
  8.323031 
  8.304350 
  8.298123 
  8.283333 
  8.274771 
  8.287225 
  8.299679 
  8.291896 
  8.321474 
  8.334707 
  8.324588 
  8.309020 
  8.333929 
  8.301236 
  8.311355 
  8.298123 
  8.306685 
  8.323031 
  8.313690 
  8.336264 
  8.344048 
  8.333929 
  8.327701 
  8.344826 
  8.325366 
  8.296566 
  8.326923 
  8.299679 
  8.317582 
  8.302793 
  8.319918 
  8.339377 
  8.332372 
  8.323810 
  8.319918 
  8.320696 
  8.302793 
  8.323031 
  8.331593 
  8.324588 
  8.341712 
  8.337821 
  8.341712 
  8.334707 
  8.346383 
  8.305907 
  8.306685 
  8.305907 
  8.302793 
  8.314469 
  8.332372 
  8.330037 
  8.328480 
  8.351053 
  8.328480 
  8.317582 
  8.318361 
  8.323031 
  8.302015 
  8.299679 
  8.291896 
  8.329258 
  8.333929 
  8.339377 
  8.327701 
  8.330815 
  8.315247 
  8.309020 
  8.307463 
  8.315247 
  8.295788 
  8.315247 
  8.318361 
  8.352610 
  8.347940 
  8.323031 
  8.317582 
  8.334707 
  8.317582 
  8.314469 
  8.334707 
  8.325366 
  8.336264 
  8.347940 
  8.361172 
  8.339377 
  8.340934 
  8.338599 
  8.336264 
  8.321474 
  8.329258 
  8.343269 
  8.360394 
  8.360394 
  8.348718 
  8.337821 
  8.360394 
  8.345604 
  8.328480 
  8.328480 
  8.340934 
  8.365064 
  8.343269 
  8.330815 
  8.319918 
  8.339377 
  8.323031 
  8.326145 
  8.333929 
  8.338599 
  8.331593 
  8.340156 
  8.302015 
  8.319139 
  8.344826 
  8.306685 
  8.314469 
  8.312912 
  8.330037 
  8.326923 
  8.339377 
  8.349496 
  8.310577 
  8.326923 
  8.316026 
  8.327701 
  8.319918 
  8.356502 
  8.338599 
  8.322253 
  8.308242 
  8.298123 
  8.349496 
  8.322253 
  8.324588 
  8.326923 
  8.321474 
  8.324588 
  8.324588 
  8.350275 
  8.346383 
  8.351053 
  8.330037 
  8.329258 
  8.340934 
  8.329258 
  8.346383 
  8.332372 
  8.358837 
  8.350275 
  8.362729 
  8.333150 
  8.336264 
  8.354945 
  8.331593 
  8.324588 
  8.323031 
  8.337042 
  8.356502 
  8.324588 
  8.338599 
  8.333929 
  8.340156 
  8.325366 
  8.320696 
  8.327701 
  8.317582 
  8.314469 
  8.326923 
  8.311355 
  8.357280 
  8.335485 
  8.330815 
  8.335485 
  8.306685 
  8.309020 
  8.301236 
  8.295009 
  8.308242 
  8.323810 
  8.307463 
  8.325366 
  8.352610 
  8.332372 
  8.326145 
  8.316026 
  8.319918 
  8.328480 
  8.325366 
  8.337821 
  8.305128 
  8.330815 
  8.319139 
  8.328480 
  8.344048 
  8.316026 
  8.319139 
  8.340156 
  8.323810 
  8.319139 
  8.334707 
  8.319918 
  8.336264 
  8.325366 
  8.328480 
  8.319139 
  8.319918 
  8.315247 
  8.327701 
  8.340156 
  8.339377 
  8.336264 
  8.318361 
  8.322253 
  8.303571 
  8.288004 
  8.302793 
  8.314469 
  8.326145 
  8.324588 
  8.337042 
  8.352610 
  8.355723 
  8.337042 
  8.319918 
  8.293452 
  8.287225 
  8.302015 
  8.320696 
  8.332372 
  8.351832 
  8.339377 
  8.333929 
  8.310577 
  8.301236 
  8.309020 
  8.294231 
  8.277885 
  8.323031 
  8.331593 
  8.337821 
  8.348718 
  8.315247 
  8.279441 
  8.277885 
  8.280998 
  8.316026 
  8.354945 
  8.357280 
  8.351053 
  8.327701 
  8.284112 
  8.289560 
  8.308242 
  8.322253 
  8.344048 
  8.316026 
  8.299679 
  8.286447 
  8.267766 
  8.280998 
  8.316026 
  8.347940 
  8.330037 
  8.302015 
  8.272436 
  8.286447 
  8.303571 
  8.349496 
  8.344048 
  8.315247 
  8.291117 
  8.277885 
  8.329258 
  8.340934 
  8.279441 
  8.298901 
  8.340934 
  8.370513 
  8.385302 
  8.309020 
  8.316804 
  8.387637 
  8.347940 
  8.321474 
  8.332372 
  8.386859 
  8.319918 
  8.350275 
  8.360394 
  8.351053 
  8.360394 
  8.379075 
  8.330815 
  8.352610 
  8.347161 
  8.340156 
  8.327701 
  8.335485 
  8.344826 
  8.340156 
  8.337821 
  8.328480 
  8.345604 
  8.330037 
  8.345604 
  8.361172 
  8.352610 
  8.342491 
  8.340934 
  8.340934 
  8.342491 
  8.339377 
  8.319139 
  8.347161 
  8.334707 
  8.335485 
  8.347161 
  8.392308 
  8.365842 
  8.332372 
  8.347940 
  8.358059 
  8.360394 
  8.377518 
  8.344826 
  8.348718 
  8.393086 
  8.337042 
  8.347940 
  8.324588 
  8.316026 
  8.330037 
  8.324588 
  8.290339 
  8.330815 
  8.309799 
  8.361172 
  8.331593 
  8.349496 
  8.314469 
  8.329258 
  8.317582 
  8.320696 
  8.321474 
  8.340156 
  8.333150 
  8.340934 
  8.359615 
  8.353388 
  8.333150 
  8.319139 
  8.304350 
  8.330815 
  8.319139 
  8.319918 
  8.328480 
  8.336264 
  8.333150 
  8.344826 
  8.348718 
  8.344826 
  8.337821 
  8.319139 
  8.302793 
  8.318361 
  8.311355 
  8.319918 
  8.310577 
  8.322253 
  8.334707 
  8.337821 
  8.343269 
  8.321474 
  8.298123 
  8.272436 
  8.273993 
  8.280998 
  8.277106 
  8.280998 
  8.276328 
  8.280998 
  8.274771 
  8.276328 
  8.295009 
  8.308242 
  8.332372 
  8.333150 
  8.322253 
  8.273214 
  8.278663 
  8.277885 
  8.270101 
  8.263874 
  8.273214 
  8.295009 
  8.318361 
  8.317582 
  8.351053 
  8.330815 
  8.331593 
  8.347940 
  8.314469 
  8.288004 
  8.251419 
  8.263874 
  8.289560 
  8.303571 
  8.291117 
  8.317582 
  8.313690 
  8.300458 
  8.328480 
  8.352610 
  8.319139 
  8.300458 
  8.286447 
  8.265430 
  8.288004 
  8.292674 
  8.289560 
  8.306685 
  8.311355 
  8.316026 
  8.330037 
  8.333150 
  8.336264 
  8.338599 
  8.329258 
  8.302793 
  8.295009 
  8.302015 
  8.286447 
  8.277885 
  8.295009 
  8.290339 
  8.317582 
  8.343269 
  8.340934 
  8.325366 
  8.317582 
  8.299679 
  8.313690 
  8.312912 
  8.323810 
  8.329258 
  8.316026 
  8.318361 
  8.339377 
  8.316804 
  8.313690 
  8.325366 
  8.312912 
  8.311355 
  8.310577 
  8.304350 
  8.302015 
  8.333929 
  8.314469 
  8.338599 
  8.332372 
  8.309799 
  8.302015 
  8.292674 
  8.290339 
  8.329258 
  8.332372 
  8.319139 
  8.311355 
  8.326923 
  8.324588 
  8.309020 
  8.305907 
  8.314469 
  8.298901 
  8.304350 
  8.319139 
  8.342491 
  8.333150 
  8.311355 
  8.312134 
  8.337821 
  8.328480 
  8.312912 
  8.324588 
  8.312912 
  8.324588 
  8.298123 
  8.314469 
  8.316026 
  8.320696 
  8.338599 
  8.305128 
  8.315247 
  8.305907 
  8.316026 
  8.326923 
  8.326145 
  8.304350 
  8.309799 
  8.304350 
  8.317582 
  8.316804 
  8.315247 
  8.305128 
  8.337042 
  8.308242 
  8.318361 
  8.337821 
  8.323031 
  8.305907 
  8.320696 
  8.317582 
  8.322253 
  8.319918 
  8.311355 
  8.310577 
  8.323031 
  8.332372 
  8.325366 
  8.307463 
  8.323810 
  8.313690 
  8.322253 
  8.335485 
  8.320696 
  8.313690 
  8.324588 
  8.306685 
  8.298123 
  8.287225 
  8.311355 
  8.312912 
  8.336264 
  8.330815 
  8.327701 
  8.344048 
  8.319139 
  8.323031 
  8.298901 
  8.304350 
  8.291117 
  8.307463 
  8.313690 
  8.312134 
  8.320696 
  8.302015 
  8.319139 
  8.342491 
  8.333929 
  8.297344 
  8.302793 
  8.286447 
  8.290339 
  8.287225 
  8.316026 
  8.305907 
  8.295009 
  8.320696 
  8.316026 
  8.323810 
  8.333150 
  8.307463 
  8.321474 
  8.308242 
  8.317582 
  8.319918 
  8.335485 
  8.322253 
  8.293452 
  8.303571 
  8.302793 
  8.298123 
  8.291117 
  8.305128 
  8.320696 
  8.298123 
  8.299679 
  8.326145 
  8.306685 
  8.312912 
  8.295009 
  8.299679 
  8.294231 
  8.281777 
  8.291896 
  8.304350 
  8.323031 
  8.298123 
  8.273993 
  8.321474 
  8.341712 
  8.361172 
  8.354945 
  8.337042 
  8.330815 
  8.349496 
  8.351832 
  8.336264 
  8.318361 
  8.306685 
  8.341712 
  8.343269 
  8.344826 
  8.334707 
  8.360394 
  8.382967 
  8.344826 
  8.350275 
  8.335485 
  8.300458 
  8.324588 
  8.328480 
  8.329258 
  8.368178 
  8.362729 
  8.362729 
  8.361172 
  8.363507 
  8.340156 
  8.319139 
  8.308242 
  8.342491 
  8.358059 
  8.376740 
  8.353388 
  8.336264 
  8.316026 
  8.310577 
  8.338599 
  8.344826 
  8.360394 
  8.370513 
  8.338599 
  8.371291 
  8.351053 
  8.380632 
  8.333150 
  8.355723 
  8.378297 
  8.332372 
  8.350275 
  8.336264 
  8.323810 
  8.334707 
  8.351832 
  8.282555 
  8.309020 
  8.322253 
  8.331593 
  8.331593 
  8.328480 
  8.349496 
  8.343269 
  8.340156 
  8.303571 
  8.331593 
  8.325366 
  8.339377 
  8.361951 
  8.331593 
  8.328480 
  8.328480 
  8.340156 
  8.335485 
  8.321474 
  8.321474 
  8.319139 
  8.344048 
  8.333929 
  8.338599 
  8.319139 
  8.313690 
  8.325366 
  8.326923 
  8.341712 
  8.320696 
  8.319139 
  8.320696 
  8.337821 
  8.354945 
  8.349496 
  8.336264 
  8.319139 
  8.297344 
  8.271658 
  8.247527 
  8.282555 
  8.280998 
  8.283333 
  8.291117 
  8.290339 
  8.299679 
  8.303571 
  8.318361 
  8.328480 
  8.309020 
  8.284112 
  8.291117 
  8.276328 
  8.280220 
  8.267766 
  8.279441 
  8.273214 
  8.315247 
  8.326145 
  8.348718 
  8.330037 
  8.331593 
  8.311355 
  8.313690 
  8.288782 
  8.293452 
  8.279441 
  8.308242 
  8.289560 
  8.318361 
  8.333150 
  8.307463 
  8.323810 
  8.318361 
  8.290339 
  8.294231 
  8.299679 
  8.298123 
  8.284112 
  8.293452 
  8.288782 
  8.304350 
  8.301236 
  8.322253 
  8.328480 
  8.326923 
  8.302015 
  8.309799 
  8.317582 
  8.330815 
  8.312134 
  8.292674 
  8.301236 
  8.303571 
  8.321474 
  8.308242 
  8.293452 
  8.290339 
  8.307463 
  8.302015 
  8.319918 
  8.322253 
  8.316026 
  8.295009 
  8.316026 
  8.323810 
  8.338599 
  8.343269 
  8.340934 
  8.318361 
  8.318361 
  8.307463 
  8.304350 
  8.294231 
  8.298123 
  8.307463 
  8.324588 
  8.330815 
  8.316026 
  8.311355 
  8.340934 
  8.319139 
  8.329258 
  8.330037 
  8.321474 
  8.289560 
  8.290339 
  8.276328 
  8.319918 
  8.327701 
  8.333150 
  8.319139 
  8.322253 
  8.326145 
  8.338599 
  8.321474 
  8.292674 
  8.307463 
  8.295788 
  8.305128 
  8.328480 
  8.355723 
  8.330815 
  8.320696 
  8.316026 
  8.309020 
  8.333150 
  8.321474 
  8.321474 
  8.312134 
  8.311355 
  8.332372 
  8.323810 
  8.301236 
  8.330037 
  8.323810 
  8.333929 
  8.331593 
  8.345604 
  8.346383 
  8.344048 
  8.366621 
  8.323810 
  8.334707 
  8.327701 
  8.321474 
  8.347940 
  8.355723 
  8.340934 
  8.321474 
  8.309799 
  8.307463 
  8.344048 
  8.318361 
  8.326145 
  8.344826 
  8.339377 
  8.352610 
  8.354167 
  8.337042 
  8.323810 
  8.342491 
  8.346383 
  8.327701 
  8.340934 
  8.314469 
  8.332372 
  8.329258 
  8.347161 
  8.347940 
  8.335485 
  8.315247 
  8.311355 
  8.302015 
  8.303571 
  8.331593 
  8.325366 
  8.336264 
  8.347161 
  8.349496 
  8.319139 
  8.316804 
  8.291117 
  8.283333 
  8.298901 
  8.308242 
  8.305907 
  8.312134 
  8.338599 
  8.340934 
  8.319139 
  8.287225 
  8.316026 
  8.303571 
  8.319139 
  8.315247 
  8.317582 
  8.326145 
  8.304350 
  8.328480 
  8.333929 
  8.333150 
  8.330037 
  8.319139 
  8.327701 
  8.295788 
  8.323810 
  8.319139 
  8.326145 
  8.324588 
  8.337042 
  8.330037 
  8.344048 
  8.330037 
  8.317582 
  8.331593 
  8.316804 
  8.305907 
  8.311355 
  8.300458 
  8.316804 
  8.316026 
  8.302793 
  8.311355 
  8.315247 
  8.321474 
  8.320696 
  8.305907 
  8.335485 
  8.323810 
  8.321474 
  8.296566 
  8.312912 
  8.297344 
  8.289560 
  8.326145 
  8.315247 
  8.336264 
  8.325366 
  8.308242 
  8.309799 
  8.288004 
  8.326145 
  8.316026 
  8.308242 
  8.314469 
  8.301236 
  8.292674 
  8.326145 
  8.320696 
  8.312134 
  8.311355 
  8.298123 
  8.309799 
  8.329258 
  8.319918 
  8.307463 
  8.310577 
  8.321474 
  8.322253 
  8.327701 
  8.332372 
  8.311355 
  8.293452 
  8.295788 
  8.303571 
  8.299679 
  8.273214 
  8.284890 
  8.309799 
  8.321474 
  8.314469 
  8.322253 
  8.314469 
  8.298901 
  8.297344 
  8.292674 
  8.295009 
  8.305907 
  8.293452 
  8.309799 
  8.289560 
  8.281777 
  8.306685 
  8.337821 
  8.351832 
  8.350275 
  8.314469 
  8.327701 
  8.330815 
  8.341712 
  8.346383 
  8.321474 
  8.316804 
  8.345604 
  8.320696 
  8.333150 
  8.337042 
  8.348718 
  8.347161 
  8.321474 
  8.323810 
  8.344048 
  8.332372 
  8.345604 
  8.346383 
  8.348718 
  8.330037 
  8.326923 
  8.344826 
  8.347940 
  8.333150 
  8.332372 
  8.329258 
  8.324588 
  8.319139 
  8.313690 
  8.346383 
  8.344826 
  8.339377 
  8.323031 
  8.316026 
  8.322253 
  8.296566 
  8.306685 
  8.317582 
  8.328480 
  8.336264 
  8.323810 
  8.319918 
  8.340934 
  8.326145 
  8.333150 
  8.307463 
  8.263874 
  8.275549 
  8.246749 
  8.296566 
  8.307463 
  8.302015 
  8.290339 
  8.291896 
  8.284112 
  8.292674 
  8.299679 
  8.311355 
  8.296566 
  8.297344 
  8.295009 
  8.305128 
  8.288004 
  8.285668 
  8.283333 
  8.286447 
  8.309799 
  8.292674 
  8.322253 
  8.324588 
  8.310577 
  8.308242 
  8.303571 
  8.304350 
  8.298901 
  8.316026 
  8.296566 
  8.298123 
  8.293452 
  8.305907 
  8.306685 
  8.280220 
  8.309799 
  8.298901 
  8.301236 
  8.304350 
  8.316026 
  8.310577 
  8.298123 
  8.289560 
  8.302015 
  8.288782 
  8.312134 
  8.316804 
  8.298901 
  8.301236 
  8.293452 
  8.308242 
  8.319918 
  8.350275 
  8.341712 
  8.297344 
  8.308242 
  8.300458 
  8.302793 
  8.288782 
  8.301236 
  8.296566 
  8.288782 
  8.304350 
  8.312912 
  8.325366 
  8.330037 
  8.315247 
  8.321474 
  8.310577 
  8.330037 
  8.330815 
  8.321474 
  8.316804 
  8.291896 
  8.313690 
  8.316026 
  8.295009 
  8.320696 
  8.321474 
  8.326923 
  8.324588 
  8.317582 
  8.316804 
  8.317582 
  8.312134 
  8.312134 
  8.312912 
  8.312134 
  8.303571 
  8.305907 
  8.277106 
  8.317582 
  8.330815 
  8.314469 
  8.307463 
  8.312134 
  8.314469 
  8.316026 
  8.291896 
  8.305907 
  8.302793 
  8.314469 
  8.325366 
  8.331593 
  8.325366 
  8.309799 
  8.309020 
  8.329258 
  8.327701 
  8.332372 
  8.323810 
  8.344826 
  8.329258 
  8.316026 
  8.309020 
  8.305907 
  8.342491 
  8.350275 
  8.340934 
  8.335485 
  8.319139 
  8.333150 
  8.367399 
  8.351053 
  8.348718 
  8.324588 
  8.333150 
  8.330815 
  8.343269 
  8.348718 
  8.328480 
  8.350275 
  8.328480 
  8.305907 
  8.320696 
  8.326923 
  8.333150 
  8.347940 
  8.334707 
  8.329258 
  8.330037 
  8.329258 
  8.306685 
  8.294231 
  8.316026 
  8.315247 
  8.324588 
  8.319918 
  8.321474 
  8.295788 
  8.305907 
  8.317582 
  8.296566 
  8.286447 
  8.295009 
  8.317582 
  8.339377 
  8.337821 
  8.333150 
  8.323031 
  8.325366 
  8.319139 
  8.330037 
  8.306685 
  8.321474 
  8.319139 
  8.335485 
  8.333929 
  8.326145 
  8.333150 
  8.315247 
  8.321474 
  8.316804 
  8.312134 
  8.310577 
  8.319918 
  8.320696 
  8.333929 
  8.325366 
  8.337042 
  8.323810 
  8.333929 
  8.319918 
  8.319918 
  8.288004 
  8.291117 
  8.282555 
  8.278663 
  8.315247 
  8.319139 
  8.314469 
  8.331593 
  8.340156 
  8.344048 
  8.334707 
  8.309020 
  8.326923 
  8.309799 
  8.302015 
  8.301236 
  8.310577 
  8.296566 
  8.304350 
  8.274771 
  8.309020 
  8.327701 
  8.326145 
  8.327701 
  8.320696 
  8.308242 
  8.299679 
  8.317582 
  8.314469 
  8.288782 
  8.279441 
  8.291117 
  8.317582 
  8.302793 
  8.332372 
  8.347161 
  8.318361 
  8.343269 
  8.331593 
  8.316804 
  8.308242 
  8.280220 
  8.298123 
  8.296566 
  8.273993 
  8.274771 
  8.286447 
  8.302793 
  8.294231 
  8.300458 
  8.316804 
  8.320696 
  8.319918 
  8.310577 
  8.292674 
  8.290339 
  8.309020 
  8.292674 
  8.298123 
  8.259203 
  8.295788 
  8.301236 
  8.323031 
  8.342491 
  8.354167 
  8.352610 
  8.336264 
  8.361172 
  8.342491 
  8.350275 
  8.326145 
  8.319139 
  8.302793 
  8.312134 
  8.330037 
  8.341712 
  8.339377 
  8.347940 
  8.366621 
  8.353388 
  8.379075 
  8.343269 
  8.326923 
  8.316026 
  8.300458 
  8.324588 
  8.355723 
  8.344826 
  8.356502 
  8.363507 
  8.396200 
  8.356502 
  8.354167 
  8.320696 
  8.331593 
  8.337821 
  8.346383 
  8.362729 
  8.341712 
  8.368178 
  8.332372 
  8.326923 
  8.316804 
  8.330815 
  8.357280 
  8.379075 
  8.386859 
  8.345604 
  8.338599 
  8.382189 
  8.344048 
  8.380632 
  8.348718 
  8.330037 
  8.313690 
  8.316804 
  8.307463 
  8.330815 
  8.351053 
  8.377518 
  8.328480 
  8.298901 
  8.347940 
  8.319139 
  8.331593 
  8.345604 
  8.352610 
  8.351832 
  8.367399 
  8.337042 
  8.282555 
  8.294231 
  8.305128 
  8.305128 
  8.347161 
  8.351832 
  8.337042 
  8.344048 
  8.336264 
  8.342491 
  8.326923 
  8.312134 
  8.295009 
  8.295788 
  8.323031 
  8.343269 
  8.351832 
  8.356502 
  8.340934 
  8.360394 
  8.354167 
  8.333929 
  8.309799 
  8.300458 
  8.274771 
  8.238187 
  8.277106 
  8.291117 
  8.307463 
  8.298901 
  8.292674 
  8.320696 
  8.309020 
  8.323031 
  8.310577 
  8.314469 
  8.303571 
  8.278663 
  8.286447 
  8.266209 
  8.302015 
  8.285668 
  8.284112 
  8.316804 
  8.326923 
  8.344826 
  8.327701 
  8.298123 
  8.301236 
  8.326145 
  8.311355 
  8.302793 
  8.327701 
  8.311355 
  8.330815 
  8.323031 
  8.319918 
  8.312912 
  8.288004 
  8.286447 
  8.308242 
  8.312134 
  8.317582 
  8.313690 
  8.295009 
  8.320696 
  8.311355 
  8.312912 
  8.323810 
  8.307463 
  8.312912 
  8.296566 
  8.298123 
  8.313690 
  8.340156 
  8.347940 
  8.329258 
  8.310577 
  8.311355 
  8.323810 
  8.299679 
  8.307463 
  8.312912 
  8.304350 
  8.312912 
  8.346383 
  8.314469 
  8.291117 
  8.305907 
  8.312134 
  8.328480 
  8.348718 
  8.344048 
  8.351053 
  8.323810 
  8.334707 
  8.309799 
  8.309799 
  8.344048 
  8.339377 
  8.327701 
  8.318361 
  8.310577 
  8.320696 
  8.328480 
  8.335485 
  8.327701 
  8.319139 
  8.328480 
  8.349496 
  8.309799 
  8.326923 
  8.347940 
  8.331593 
  8.293452 
  8.344048 
  8.331593 
  8.326923 
  8.336264 
  8.343269 
  8.337821 
  8.332372 
  8.323810 
  8.322253 
  8.327701 
  8.340156 
  8.322253 
  8.329258 
  8.333929 
  8.336264 
  8.323810 
  8.328480 
  8.344048 
  8.323810 
  8.323031 
  8.319918 
  8.305128 
  8.305128 
  8.310577 
  8.312912 
  8.317582 
  8.340156 
  8.330815 
  8.333150 
  8.332372 
  8.345604 
  8.318361 
  8.307463 
  8.298123 
  8.305907 
  8.318361 
  8.318361 
  8.329258 
  8.337042 
  8.318361 
  8.340156 
  8.331593 
  8.313690 
  8.305907 
  8.278663 
  8.295788 
  8.309020 
  8.338599 
  8.319139 
  8.344048 
  8.315247 
  8.286447 
  8.289560 
  8.292674 
  8.317582 
  8.358059 
  8.326923 
  8.329258 
  8.333150 
  8.331593 
  8.292674 
  8.291117 
  8.330037 
  8.291896 
  8.302793 
  8.319918 
  8.306685 
  8.319139 
  8.278663 
  8.305907 
  8.326145 
  8.304350 
  8.314469 
  8.294231 
  8.279441 
  8.286447 
  8.305907 
  8.319918 
  8.314469 
  8.287225 
  8.294231 
  8.293452 
  8.319918 
  8.300458 
  8.311355 
  8.375962 
  8.332372 
  8.308242 
  8.374405 
  8.359615 
  8.365064 
  8.342491 
  8.324588 
  8.325366 
  8.328480 
  8.337821 
  8.327701 
  8.337042 
  8.364286 
  8.351832 
  8.368178 
  8.336264 
  8.337042 
  8.319918 
  8.330815 
  8.333929 
  8.343269 
  8.349496 
  8.372070 
  8.337821 
  8.337821 
  8.335485 
  8.352610 
  8.349496 
  8.367399 
  8.357280 
  8.333150 
  8.315247 
  8.351053 
  8.344048 
  8.325366 
  8.357280 
  8.346383 
  8.356502 
  8.337821 
  8.349496 
  8.351832 
  8.349496 
  8.357280 
  8.369734 
  8.358059 
  8.340934 
  8.347161 
  8.340934 
  8.386081 
  8.378297 
  8.363507 
  8.357280 
  8.379075 
  8.360394 
  8.368178 
  8.354945 
  8.366621 
  8.361172 
  8.364286 
  8.370513 
  8.350275 
  8.332372 
  8.361172 
  8.359615 
  8.389973 
  8.348718 
  8.357280 
  8.349496 
  8.376740 
  8.377518 
  8.379853 
  8.351053 
  8.357280 
  8.349496 
  8.347161 
  8.364286 
  8.326145 
  8.351053 
  8.357280 
  8.359615 
  8.346383 
  8.334707 
  8.340934 
  8.351053 
  8.363507 
  8.360394 
  8.351053 
  8.365064 
  8.353388 
  8.333150 
  8.334707 
  8.376740 
  8.354945 
  8.358837 
  8.349496 
  8.365842 
  8.357280 
  8.348718 
  8.359615 
  8.339377 
  8.307463 
  8.354167 
  8.310577 
  8.341712 
  8.366621 
  8.363507 
  8.351053 
  8.311355 
  8.358059 
  8.354945 
  8.326923 
  8.346383 
  8.361172 
  8.351832 
  8.365064 
  8.339377 
  8.327701 
  8.316026 
  8.344048 
  8.358837 
  8.330815 
  8.330815 
  8.347940 
  8.309799 
  8.320696 
  8.333150 
  8.337821 
  8.317582 
  8.316026 
  8.327701 
  8.336264 
  8.349496 
  8.342491 
  8.331593 
  8.321474 
  8.343269 
  8.326923 
  8.328480 
  8.297344 
  8.299679 
  8.287225 
  8.297344 
  8.298123 
  8.318361 
  8.303571 
  8.306685 
  8.302015 
  8.300458 
  8.300458 
  8.296566 
  8.280998 
  8.302793 
  8.300458 
  8.282555 
  8.270101 
  8.317582 
  8.303571 
  8.309799 
  8.307463 
  8.286447 
  8.333150 
  8.333150 
  8.298901 
  8.312134 
  8.328480 
  8.319918 
  8.318361 
  8.340156 
  8.300458 
  8.306685 
  8.310577 
  8.309799 
  8.301236 
  8.298123 
  8.323031 
  8.302793 
  8.300458 
  8.316026 
  8.318361 
  8.316026 
  8.323031 
  8.295009 
  8.294231 
  8.282555 
  8.295788 
  8.354945 
  8.358059 
  8.340934 
  8.351053 
  8.342491 
  8.321474 
  8.336264 
  8.337042 
  8.312912 
  8.326923 
  8.333150 
  8.340156 
  8.356502 
  8.353388 
  8.326923 
  8.332372 
  8.361951 
  8.332372 
  8.366621 
  8.350275 
  8.327701 
  8.334707 
  8.345604 
  8.362729 
  8.359615 
  8.349496 
  8.368178 
  8.336264 
  8.330037 
  8.347940 
  8.354945 
  8.356502 
  8.351832 
  8.353388 
  8.362729 
  8.349496 
  8.296566 
  8.366621 
  8.342491 
  8.347940 
  8.338599 
  8.358059 
  8.362729 
  8.354945 
  8.394643 
  8.380632 
  8.338599 
  8.361172 
  8.344826 
  8.339377 
  8.362729 
  8.372848 
  8.345604 
  8.363507 
  8.325366 
  8.357280 
  8.372848 
  8.375962 
  8.326145 
  8.351832 
  8.369734 
  8.369734 
  8.335485 
  8.342491 
  8.344048 
  8.344048 
  8.351053 
  8.358837 
  8.330815 
  8.325366 
  8.340156 
  8.344048 
  8.359615 
  8.351832 
  8.347161 
  8.344048 
  8.346383 
  8.330815 
  8.344048 
  8.340934 
  8.334707 
  8.301236 
  8.346383 
  8.338599 
  8.349496 
  8.340934 
  8.334707 
  8.340156 
  8.335485 
  8.354167 
  8.327701 
  8.349496 
  8.334707 
  8.340156 
  8.364286 
  8.351832 
  8.316026 
  8.328480 
  8.322253 
  8.324588 
  8.323031 
  8.350275 
  8.317582 
  8.312134 
  8.349496 
  8.361172 
  8.338599 
  8.319139 
  8.330037 
  8.338599 
  8.326923 
  8.326923 
  8.315247 
  8.337042 
  8.340934 
  8.326145 
  8.341712 
  8.316804 
  8.278663 
  8.264652 
  8.252198 
  8.291896 
  8.307463 
  8.291896 
  8.309799 
  8.323031 
  8.316804 
  8.303571 
  8.306685 
  8.293452 
  8.270101 
  8.266987 
  8.273214 
  8.284112 
  8.315247 
  8.316026 
  8.330815 
  8.320696 
  8.296566 
  8.320696 
  8.287225 
  8.280998 
  8.302793 
  8.309799 
  8.315247 
  8.323810 
  8.351832 
  8.327701 
  8.319139 
  8.292674 
  8.277885 
  8.269322 
  8.305128 
  8.293452 
  8.306685 
  8.319139 
  8.330037 
  8.307463 
  8.319139 
  8.316804 
  8.298123 
  8.312912 
  8.308242 
  8.315247 
  8.319139 
  8.313690 
  8.301236 
  8.312134 
  8.295009 
  8.305128 
  8.307463 
  8.316804 
  8.325366 
  8.342491 
  8.338599 
  8.307463 
  8.303571 
  8.307463 
  8.298123 
  8.296566 
  8.298901 
  8.305907 
  8.326145 
  8.312912 
  8.333150 
  8.342491 
  8.354945 
  8.327701 
  8.280220 
  8.297344 
