  8.676419 
  8.671749 
  8.679533 
  8.672527 
  8.654625 
  8.646841 
  8.674863 
  8.687317 
  8.656960 
  8.649954 
  8.653846 
  8.653846 
  8.665522 
  8.674863 
  8.658516 
  8.674863 
  8.675641 
  8.681090 
  8.671749 
  8.668636 
  8.674084 
  8.675641 
  8.693544 
  8.667857 
  8.687317 
  8.674863 
  8.663965 
  8.679533 
  8.667079 
  8.674863 
  8.667079 
  8.678755 
  8.655403 
  8.669414 
  8.681090 
  8.737134 
  8.681868 
  8.681868 
  8.674084 
  8.668636 
  8.674863 
  8.698993 
  8.687317 
  8.677976 
  8.674863 
  8.682647 
  8.677976 
  8.694322 
  8.686538 
  8.677198 
  8.695879 
  8.693544 
  8.681868 
  8.691209 
  8.681090 
  8.687317 
  8.710668 
  8.695879 
  8.699771 
  8.686538 
  8.697436 
  8.702106 
  8.709112 
  8.693544 
  8.683425 
  8.695879 
  8.716896 
  8.705220 
  8.697436 
  8.683425 
  8.677976 
  8.679533 
  8.688874 
  8.701328 
  8.717674 
  8.717674 
  8.734020 
  8.698214 
  8.711447 
  8.705220 
  8.672527 
  8.706777 
  8.697436 
  8.711447 
  8.709112 
  8.702106 
  8.719231 
  8.740247 
  8.740247 
  8.739469 
  8.727793 
  8.703663 
  8.692766 
  8.719231 
  8.695879 
  8.723901 
  8.737912 
  8.729350 
  8.730907 
  8.728571 
  8.707555 
  8.716117 
  8.724679 
  8.713004 
  8.701328 
  8.743361 
  8.717674 
  8.722344 
  8.732463 
  8.721566 
  8.717674 
  8.723901 
  8.720788 
  8.702885 
  8.693544 
  8.690430 
  8.729350 
  8.705998 
  8.703663 
  8.695879 
  8.698214 
  8.705998 
  8.700549 
  8.690430 
  8.709890 
  8.697436 
  8.690430 
  8.727015 
  8.707555 
  8.691209 
  8.691209 
  8.707555 
  8.694322 
  8.699771 
  8.690430 
  8.690430 
  8.697436 
  8.690430 
  8.668636 
  8.691209 
  8.665522 
  8.681090 
  8.711447 
  8.686538 
  8.715339 
  8.697436 
  8.705220 
  8.698993 
  8.695101 
  8.687317 
  8.703663 
  8.695101 
  8.708333 
  8.692766 
  8.721566 
  8.702106 
  8.708333 
  8.691987 
  8.696658 
  8.700549 
  8.688874 
  8.689652 
  8.702106 
  8.705998 
  8.691987 
  8.702106 
  8.705220 
  8.691987 
  8.694322 
  8.701328 
  8.701328 
  8.695879 
  8.695101 
  8.704441 
  8.704441 
  8.701328 
  8.718452 
  8.693544 
  8.700549 
  8.685760 
  8.695101 
  8.657738 
  8.670192 
  8.698214 
  8.697436 
  8.688874 
  8.688095 
  8.684982 
  8.688095 
  8.671749 
  8.688095 
  8.693544 
  8.690430 
  8.678755 
  8.684982 
  8.684203 
  8.698214 
  8.696658 
  8.689652 
  8.695879 
  8.692766 
  8.688874 
  8.699771 
  8.695879 
  8.689652 
  8.695879 
  8.689652 
  8.705220 
  8.686538 
  8.686538 
  8.707555 
  8.693544 
  8.683425 
  8.682647 
  8.692766 
  8.695101 
  8.683425 
  8.689652 
  8.709890 
  8.697436 
  8.709112 
  8.705220 
  8.697436 
  8.692766 
  8.677198 
  8.702106 
  8.692766 
  8.709112 
  8.692766 
  8.693544 
  8.688874 
  8.705220 
  8.706777 
  8.705220 
  8.715339 
  8.702106 
  8.703663 
  8.687317 
  8.716117 
  8.709112 
  8.695101 
  8.727015 
  8.770604 
  8.737134 
  8.710668 
  8.682647 
  8.687317 
  8.727793 
  8.695879 
  8.697436 
  8.701328 
  8.696658 
  8.712225 
  8.692766 
  8.694322 
  8.728571 
  8.698993 
  8.696658 
  8.703663 
  8.703663 
  8.695879 
  8.695879 
  8.698993 
  8.678755 
  8.691987 
  8.683425 
  8.700549 
  8.695879 
  8.673306 
  8.676419 
  8.674863 
  8.677976 
  8.693544 
  8.696658 
  8.683425 
  8.685760 
  8.691209 
  8.702106 
  8.689652 
  8.677976 
  8.678755 
  8.726236 
  8.696658 
  8.664744 
  8.684982 
  8.691987 
  8.668636 
  8.688095 
  8.658516 
  8.667857 
  8.660073 
  8.691987 
  8.670192 
  8.671749 
  8.679533 
  8.686538 
  8.686538 
  8.689652 
  8.692766 
  8.691987 
  8.680311 
  8.703663 
  8.715339 
  8.663965 
  8.676419 
  8.670192 
  8.677976 
  8.700549 
  8.699771 
  8.689652 
  8.715339 
  8.694322 
  8.702885 
  8.684982 
  8.718452 
  8.772161 
  8.689652 
  8.702106 
  8.695879 
  8.698993 
  8.697436 
  8.691987 
  8.694322 
  8.686538 
  8.682647 
  8.694322 
  8.677198 
  8.694322 
  8.684982 
  8.687317 
  8.681090 
  8.675641 
  8.688095 
  8.677976 
  8.672527 
  8.682647 
  8.694322 
  8.688095 
  8.682647 
  8.674084 
  8.680311 
  8.677976 
  8.688095 
  8.678755 
  8.694322 
  8.688874 
  8.679533 
  8.682647 
  8.681090 
  8.674084 
  8.670192 
  8.675641 
  8.660073 
  8.683425 
  8.681090 
  8.670192 
  8.677976 
  8.693544 
  8.689652 
  8.663965 
  8.670192 
  8.674084 
  8.684203 
  8.681868 
  8.669414 
  8.677976 
  8.684203 
  8.663965 
  8.676419 
  8.670971 
  8.680311 
  8.682647 
  8.677976 
  8.667079 
  8.660073 
  8.668636 
  8.673306 
  8.688874 
  8.674863 
  8.692766 
  8.660073 
  8.690430 
  8.689652 
  8.691987 
  8.695879 
  8.669414 
  8.684203 
  8.696658 
  8.688874 
  8.675641 
  8.678755 
  8.684982 
  8.681868 
  8.683425 
  8.690430 
  8.698993 
  8.692766 
  8.698993 
  8.690430 
  8.682647 
  8.684982 
  8.667079 
  8.692766 
  8.685760 
  8.694322 
  8.688874 
  8.698993 
  8.688874 
  8.673306 
  8.685760 
  8.695101 
  8.706777 
  8.692766 
  8.692766 
  8.681868 
  8.679533 
  8.684982 
  8.688874 
  8.692766 
  8.687317 
  8.683425 
  8.676419 
  8.669414 
  8.691209 
  8.682647 
  8.699771 
  8.678755 
  8.672527 
  8.672527 
  8.772940 
  8.695101 
  8.688095 
  8.670192 
  8.674863 
  8.687317 
  8.709890 
  8.701328 
  8.669414 
  8.687317 
  8.741026 
  8.660852 
  8.684982 
  8.702106 
  8.660073 
  8.733242 
  8.711447 
  8.695101 
  8.705220 
  8.709112 
  8.724679 
  8.706777 
  8.705998 
  8.705998 
  8.688095 
  8.737912 
  8.706777 
  8.718452 
  8.686538 
  8.693544 
  8.693544 
  8.695101 
  8.701328 
  8.685760 
  8.707555 
  8.698214 
  8.709112 
  8.672527 
  8.705998 
  8.713004 
  8.691209 
  8.695879 
  8.693544 
  8.694322 
  8.692766 
  8.705998 
  8.707555 
  8.717674 
  8.677976 
  8.702106 
  8.697436 
  8.712225 
  8.713004 
  8.663965 
  8.700549 
  8.679533 
  8.735577 
  8.728571 
  8.722344 
  8.716117 
  8.735577 
  8.727793 
  8.718452 
  8.715339 
  8.724679 
  8.740247 
  8.705998 
  8.706777 
  8.707555 
  8.724679 
  8.730128 
  8.715339 
  8.727793 
  8.732463 
  8.729350 
  8.714560 
  8.725458 
  8.732463 
  8.730128 
  8.701328 
  8.702106 
  8.734020 
  8.730907 
  8.715339 
  8.713004 
  8.720788 
  8.720788 
  8.713004 
  8.709112 
  8.709890 
  8.712225 
  8.702106 
  8.698993 
  8.695101 
  8.707555 
  8.710668 
  8.718452 
  8.705220 
  8.697436 
  8.706777 
  8.702885 
  8.699771 
  8.700549 
  8.717674 
  8.691209 
  8.684982 
  8.677198 
  8.660852 
  8.695879 
  8.685760 
  8.705220 
  8.695879 
  8.713004 
  8.693544 
  8.709112 
  8.693544 
  8.708333 
  8.700549 
  8.688095 
  8.681868 
  8.698214 
  8.695879 
  8.705220 
  8.700549 
  8.695101 
  8.698993 
  8.705998 
  8.690430 
  8.705220 
  8.695879 
  8.685760 
  8.688095 
  8.679533 
  8.684203 
  8.685760 
  8.687317 
  8.698993 
  8.700549 
  8.711447 
  8.698214 
  8.690430 
  8.705998 
  8.695101 
  8.695879 
  8.684203 
  8.706777 
  8.689652 
  8.697436 
  8.705220 
  8.698993 
  8.702106 
  8.684203 
  8.701328 
  8.698993 
  8.691209 
  8.689652 
  8.696658 
  8.686538 
  8.663187 
  8.671749 
  8.691987 
  8.688095 
  8.686538 
  8.675641 
  8.668636 
  8.670971 
  8.683425 
  8.697436 
  8.692766 
  8.665522 
  8.668636 
  8.690430 
  8.692766 
  8.694322 
  8.681090 
  8.709890 
  8.688095 
  8.691987 
  8.693544 
  8.674084 
  8.685760 
  8.686538 
  8.680311 
  8.681090 
  8.679533 
  8.678755 
  8.695101 
  8.694322 
  8.688874 
  8.709112 
  8.691987 
  8.702106 
  8.681090 
  8.689652 
  8.714560 
  8.680311 
  8.674084 
  8.699771 
  8.685760 
  8.699771 
  8.671749 
  8.688874 
  8.703663 
  8.698993 
  8.678755 
  8.690430 
  8.675641 
  8.678755 
  8.694322 
  8.710668 
  8.682647 
  8.683425 
  8.665522 
  8.687317 
  8.693544 
  8.669414 
  8.684203 
  8.680311 
  8.680311 
  8.669414 
  8.679533 
  8.663187 
  8.689652 
  8.676419 
  8.687317 
  8.696658 
  8.687317 
  8.685760 
  8.677976 
  8.667079 
  8.671749 
  8.662408 
  8.661630 
  8.681868 
  8.669414 
  8.665522 
  8.690430 
  8.687317 
  8.677976 
  8.674084 
  8.661630 
  8.676419 
  8.678755 
  8.676419 
  8.662408 
  8.690430 
  8.661630 
  8.669414 
  8.674084 
  8.676419 
  8.677198 
  8.669414 
  8.674084 
  8.670192 
  8.672527 
  8.659295 
  8.673306 
  8.658516 
  8.676419 
  8.665522 
  8.661630 
  8.677976 
  8.671749 
  8.677976 
  8.694322 
  8.672527 
  8.677976 
  8.688874 
  8.691209 
  8.683425 
  8.663965 
  8.692766 
  8.685760 
  8.669414 
  8.686538 
  8.681868 
  8.681090 
  8.665522 
  8.684982 
  8.677976 
  8.682647 
  8.689652 
  8.684982 
  8.677976 
  8.684203 
  8.680311 
  8.688874 
  8.691987 
  8.691987 
  8.688095 
  8.683425 
  8.688095 
  8.669414 
  8.689652 
  8.698214 
  8.681090 
  8.688095 
  8.688095 
  8.674084 
  8.691987 
  8.703663 
  8.699771 
  8.670971 
  8.670192 
  8.684203 
  8.668636 
  8.688095 
  8.659295 
  8.674863 
  8.693544 
  8.695879 
  8.665522 
  8.677976 
  8.696658 
  8.698993 
  8.678755 
  8.691209 
  8.694322 
  8.653846 
  8.676419 
  8.681868 
  8.702106 
  8.695101 
  8.681868 
  8.692766 
  8.678755 
  8.702885 
  8.701328 
  8.679533 
  8.698214 
  8.695879 
  8.696658 
  8.712225 
  8.703663 
  8.697436 
  8.694322 
  8.718452 
  8.690430 
  8.682647 
  8.683425 
  8.730907 
  8.723901 
  8.703663 
  8.727015 
  8.712225 
  8.708333 
  8.703663 
  8.707555 
  8.702885 
  8.696658 
  8.705220 
  8.710668 
  8.713782 
  8.702106 
  8.709112 
  8.703663 
  8.691209 
  8.745696 
  8.702106 
  8.682647 
  8.705998 
  8.691209 
  8.721566 
  8.695879 
  8.732463 
  8.684982 
  8.689652 
  8.675641 
  8.711447 
  8.723123 
  8.711447 
  8.731685 
  8.716117 
  8.704441 
  8.737134 
  8.722344 
  8.709890 
  8.710668 
  8.720788 
  8.702106 
  8.726236 
  8.722344 
  8.744918 
  8.728571 
  8.724679 
  8.723901 
  8.724679 
  8.741026 
  8.720788 
  8.720788 
  8.704441 
  8.717674 
  8.711447 
  8.739469 
  8.716117 
  8.721566 
  8.712225 
  8.726236 
  8.720788 
  8.714560 
  8.695101 
  8.699771 
  8.687317 
  8.706777 
  8.715339 
  8.710668 
  8.721566 
  8.699771 
  8.713782 
  8.714560 
  8.705220 
  8.691987 
  8.705998 
  8.709890 
  8.724679 
  8.692766 
  8.672527 
  8.667857 
  8.678755 
  8.694322 
  8.720788 
  8.701328 
  8.684982 
  8.725458 
  8.703663 
  8.700549 
  8.691987 
  8.690430 
  8.683425 
  8.709890 
  8.697436 
  8.712225 
  8.685760 
  8.690430 
  8.707555 
  8.709112 
  8.687317 
  8.699771 
  8.687317 
  8.720788 
  8.701328 
  8.707555 
  8.693544 
  8.701328 
  8.710668 
  8.695879 
  8.695879 
  8.696658 
  8.690430 
  8.698993 
  8.692766 
  8.673306 
  8.689652 
  8.703663 
  8.688874 
  8.718452 
  8.701328 
  8.700549 
  8.710668 
  8.696658 
  8.716896 
  8.695101 
  8.712225 
  8.684982 
  8.681090 
  8.682647 
  8.695101 
  8.691209 
  8.695879 
  8.684203 
  8.702885 
  8.690430 
  8.689652 
  8.693544 
  8.667079 
  8.688095 
  8.672527 
  8.688874 
  8.690430 
  8.692766 
  8.690430 
  8.703663 
  8.687317 
  8.699771 
  8.691209 
  8.695879 
  8.694322 
  8.676419 
  8.690430 
  8.689652 
  8.706777 
  8.677976 
  8.698214 
  8.670971 
  8.695879 
  8.692766 
  8.690430 
  8.700549 
  8.701328 
  8.699771 
  8.713004 
  8.706777 
  8.696658 
  8.707555 
  8.701328 
  8.691987 
  8.699771 
  8.689652 
  8.683425 
  8.669414 
  8.710668 
  8.695879 
  8.698993 
  8.736355 
  8.691209 
  8.708333 
  8.695879 
  8.709112 
  8.704441 
  8.707555 
  8.690430 
  8.697436 
  8.689652 
  8.700549 
  8.710668 
  8.720009 
  8.704441 
  8.734799 
  8.720788 
  8.724679 
  8.677976 
  8.681868 
  8.707555 
  8.714560 
  8.706777 
  8.711447 
  8.697436 
  8.699771 
  8.695101 
  8.677198 
  8.701328 
  8.682647 
  8.693544 
  8.719231 
  8.674863 
  8.695101 
  8.685760 
  8.666300 
  8.674863 
  8.678755 
  8.671749 
  8.691987 
  8.681090 
  8.674084 
  8.702885 
  8.704441 
  8.705998 
  8.691209 
  8.670192 
  8.732463 
  8.694322 
  8.690430 
  8.698993 
  8.686538 
  8.688874 
  8.678755 
  8.691209 
  8.679533 
  8.686538 
  8.677976 
  8.701328 
  8.682647 
  8.710668 
  8.675641 
  8.695879 
  8.663965 
  8.688095 
  8.676419 
  8.676419 
  8.679533 
  8.679533 
  8.685760 
  8.689652 
  8.694322 
  8.681090 
  8.690430 
  8.684203 
  8.677976 
  8.667079 
  8.671749 
  8.671749 
  8.670971 
  8.672527 
  8.684982 
  8.671749 
  8.670971 
  8.667857 
  8.674084 
  8.685760 
  8.677976 
  8.671749 
  8.679533 
  8.671749 
  8.680311 
  8.691209 
  8.694322 
  8.683425 
  8.694322 
  8.673306 
  8.684982 
  8.691987 
  8.672527 
  8.655403 
  8.661630 
  8.670192 
  8.674863 
  8.688874 
  8.674084 
  8.671749 
  8.691209 
  8.686538 
  8.691209 
  8.682647 
  8.674084 
  8.688095 
  8.679533 
  8.684203 
  8.694322 
  8.678755 
  8.700549 
  8.684203 
  8.690430 
  8.674863 
  8.700549 
  8.679533 
  8.679533 
  8.677198 
  8.677976 
  8.674863 
  8.696658 
  8.692766 
  8.684982 
  8.685760 
  8.667857 
  8.702885 
  8.688095 
  8.689652 
  8.691987 
  8.696658 
  8.692766 
  8.682647 
  8.677198 
  8.692766 
  8.697436 
  8.710668 
  8.709112 
  8.688874 
  8.709112 
  8.695101 
  8.684203 
  8.686538 
  8.681868 
  8.688874 
  8.686538 
  8.682647 
  8.685760 
  8.690430 
  8.678755 
  8.690430 
  8.678755 
  8.708333 
  8.669414 
  8.687317 
  8.679533 
  8.683425 
  8.685760 
  8.695101 
  8.682647 
  8.686538 
  8.702106 
  8.695879 
  8.688095 
  8.716896 
  8.695879 
  8.695879 
  8.698993 
  8.727793 
  8.687317 
  8.666300 
  8.695101 
  8.710668 
  8.709890 
  8.709890 
  8.707555 
  8.712225 
  8.723901 
  8.702106 
  8.700549 
  8.708333 
  8.710668 
  8.731685 
  8.719231 
  8.717674 
  8.708333 
  8.725458 
  8.720009 
  8.723123 
  8.717674 
  8.720009 
  8.731685 
  8.712225 
  8.703663 
  8.697436 
  8.727015 
  8.722344 
  8.722344 
  8.713782 
  8.705998 
  8.718452 
  8.713004 
  8.699771 
  8.712225 
  8.730907 
  8.727793 
  8.709890 
  8.697436 
  8.696658 
  8.718452 
  8.702885 
  8.714560 
  8.714560 
  8.720009 
  8.688874 
  8.681090 
  8.680311 
  8.666300 
  8.730907 
  8.676419 
  8.714560 
  8.681090 
  8.693544 
  8.693544 
  8.699771 
  8.695879 
  8.702106 
  8.695879 
  8.696658 
  8.695101 
  8.686538 
  8.694322 
  8.689652 
  8.705220 
  8.715339 
  8.696658 
  8.697436 
  8.716117 
  8.702106 
  8.702106 
  8.709890 
  8.709112 
  8.693544 
  8.703663 
  8.705220 
  8.718452 
  8.707555 
  8.699771 
  8.688095 
  8.695879 
  8.699771 
  8.693544 
  8.698214 
  8.708333 
  8.700549 
  8.704441 
  8.717674 
  8.691987 
  8.695879 
  8.715339 
  8.690430 
  8.691209 
  8.714560 
  8.688874 
  8.685760 
  8.689652 
  8.698993 
  8.684203 
  8.693544 
  8.691987 
  8.698993 
  8.677976 
  8.701328 
  8.694322 
  8.669414 
  8.696658 
  8.681868 
  8.716117 
  8.694322 
  8.697436 
  8.681868 
  8.703663 
  8.687317 
  8.709112 
  8.699771 
  8.702106 
  8.677198 
  8.681868 
  8.677198 
  8.707555 
  8.713004 
  8.683425 
  8.677198 
  8.688874 
  8.691209 
  8.678755 
  8.678755 
  8.691987 
  8.684982 
  8.711447 
  8.705998 
  8.693544 
  8.712225 
  8.709890 
  8.695879 
  8.692766 
  8.695879 
  8.709890 
  8.691209 
  8.709112 
  8.703663 
  8.695101 
  8.694322 
  8.711447 
  8.697436 
  8.716896 
  8.690430 
  8.715339 
  8.730128 
  8.699771 
  8.709890 
  8.704441 
  8.703663 
  8.702106 
  8.719231 
  8.736355 
  8.716117 
  8.707555 
  8.710668 
  8.746474 
  8.723123 
  8.690430 
  8.707555 
  8.712225 
  8.683425 
  8.718452 
  8.673306 
  8.717674 
  8.695101 
  8.709112 
  8.709112 
  8.714560 
  8.718452 
  8.710668 
  8.691987 
  8.683425 
  8.685760 
  8.681868 
  8.698214 
  8.685760 
  8.669414 
  8.687317 
  8.675641 
  8.701328 
  8.678755 
  8.680311 
  8.688095 
  8.670192 
  8.688874 
  8.675641 
  8.677198 
  8.677198 
  8.678755 
  8.676419 
  8.701328 
  8.688874 
  8.678755 
  8.675641 
  8.677198 
  8.710668 
  8.671749 
  8.657738 
  8.653846 
  8.662408 
  8.677198 
  8.663965 
  8.690430 
  8.678755 
  8.698214 
  8.691987 
  8.690430 
  8.690430 
  8.681090 
  8.674084 
  8.677976 
  8.691987 
  8.673306 
  8.670971 
  8.688874 
  8.706777 
  8.667857 
  8.667857 
  8.677976 
  8.673306 
  8.674863 
  8.682647 
  8.676419 
  8.677976 
  8.688874 
  8.658516 
  8.682647 
  8.663187 
  8.686538 
  8.676419 
  8.708333 
  8.688095 
  8.677976 
  8.691987 
  8.700549 
  8.689652 
  8.674863 
  8.687317 
  8.665522 
  8.686538 
  8.677198 
  8.680311 
  8.683425 
  8.677198 
  8.675641 
  8.681090 
  8.684203 
  8.687317 
  8.701328 
  8.676419 
  8.662408 
  8.712225 
  8.676419 
  8.691209 
  8.689652 
  8.678755 
  8.690430 
  8.684982 
  8.693544 
  8.685760 
  8.691987 
  8.680311 
  8.666300 
  8.675641 
  8.679533 
  8.675641 
  8.669414 
  8.692766 
  8.688095 
  8.683425 
  8.673306 
  8.674863 
  8.696658 
  8.681090 
  8.685760 
  8.671749 
  8.691987 
  8.678755 
  8.665522 
  8.672527 
  8.684203 
  8.691987 
  8.697436 
  8.695101 
  8.678755 
  8.682647 
  8.682647 
  8.713782 
  8.708333 
  8.698993 
  8.688874 
  8.692766 
  8.716117 
  8.683425 
  8.695879 
  8.700549 
  8.693544 
  8.700549 
  8.708333 
  8.716896 
  8.713782 
  8.713004 
  8.720788 
  8.692766 
  8.706777 
  8.709890 
  8.716896 
  8.703663 
  8.720009 
  8.720788 
  8.730907 
  8.718452 
  8.723123 
  8.691987 
  8.724679 
  8.688095 
  8.695101 
  8.709112 
  8.739469 
  8.734799 
  8.723901 
  8.720788 
  8.719231 
  8.720009 
  8.698214 
  8.713004 
  8.709112 
  8.718452 
  8.713782 
  8.688095 
  8.714560 
  8.711447 
  8.701328 
  8.756593 
  8.732463 
  8.736355 
  8.724679 
  8.741026 
  8.746474 
  8.738690 
  8.744918 
  8.723901 
  8.764377 
  8.710668 
  8.720009 
  8.718452 
  8.730907 
  8.731685 
  8.715339 
  8.738690 
  8.746474 
  8.731685 
  8.713004 
  8.701328 
  8.722344 
  8.711447 
  8.758150 
  8.730907 
  8.737134 
  8.728571 
  8.712225 
  8.677976 
  8.691987 
  8.723123 
  8.710668 
  8.705220 
  8.707555 
  8.715339 
  8.724679 
  8.723123 
  8.724679 
  8.706777 
  8.691987 
  8.720009 
  8.689652 
  8.700549 
  8.693544 
  8.714560 
  8.714560 
  8.686538 
  8.695879 
  8.705220 
  8.669414 
  8.713782 
  8.707555 
  8.696658 
  8.685760 
  8.689652 
  8.698993 
  8.712225 
  8.688874 
  8.686538 
  8.701328 
  8.702885 
  8.702885 
  8.716896 
  8.689652 
  8.711447 
  8.707555 
  8.694322 
  8.699771 
  8.688095 
  8.686538 
  8.741026 
  8.709890 
  8.708333 
  8.697436 
  8.694322 
  8.714560 
  8.693544 
  8.695879 
  8.674863 
  8.705220 
  8.691209 
  8.666300 
  8.695879 
  8.702885 
  8.688874 
  8.690430 
  8.691987 
  8.686538 
  8.686538 
  8.702885 
  8.718452 
  8.709112 
  8.701328 
  8.709112 
  8.688874 
  8.691209 
  8.691987 
  8.687317 
  8.677198 
  8.688874 
  8.717674 
  8.698993 
  8.697436 
  8.688874 
  8.665522 
  8.695879 
  8.701328 
  8.702885 
  8.705220 
  8.685760 
  8.701328 
  8.715339 
  8.715339 
  8.682647 
  8.686538 
  8.689652 
  8.713004 
  8.675641 
  8.721566 
  8.687317 
  8.707555 
  8.684982 
  8.708333 
  8.662408 
  8.688874 
  8.701328 
  8.684982 
  8.688874 
  8.703663 
  8.686538 
  8.693544 
  8.685760 
  8.712225 
  8.675641 
  8.666300 
  8.677976 
  8.705998 
  8.674084 
  8.653846 
  8.682647 
  8.673306 
  8.686538 
  8.668636 
  8.683425 
  8.687317 
  8.694322 
  8.667079 
  8.666300 
  8.680311 
  8.700549 
  8.670192 
  8.705998 
  8.677198 
  8.683425 
  8.691987 
  8.678755 
  8.682647 
  8.695879 
  8.681868 
  8.693544 
  8.676419 
  8.679533 
  8.681090 
  8.677976 
  8.728571 
  8.693544 
  8.675641 
  8.704441 
  8.674084 
  8.687317 
  8.701328 
  8.702106 
  8.692766 
  8.686538 
  8.689652 
  8.693544 
  8.685760 
  8.690430 
  8.680311 
  8.691987 
  8.693544 
  8.722344 
  8.717674 
  8.696658 
  8.681868 
  8.690430 
  8.675641 
  8.699771 
  8.700549 
  8.704441 
  8.718452 
  8.689652 
  8.691209 
  8.704441 
  8.695879 
  8.689652 
  8.682647 
  8.699771 
  8.694322 
  8.682647 
  8.691209 
  8.691987 
  8.684203 
  8.708333 
  8.699771 
  8.694322 
  8.682647 
  8.690430 
  8.691209 
  8.663965 
  8.706777 
  8.680311 
  8.686538 
  8.686538 
  8.711447 
  8.699771 
  8.705220 
  8.699771 
  8.697436 
  8.679533 
  8.696658 
  8.723901 
  8.706777 
  8.727015 
  8.681868 
  8.672527 
  8.708333 
  8.663187 
  8.672527 
  8.677976 
  8.674084 
  8.697436 
  8.690430 
  8.691987 
  8.727793 
  8.716117 
  8.701328 
  8.689652 
  8.689652 
  8.704441 
  8.694322 
  8.695879 
  8.716896 
  8.699771 
  8.705998 
  8.689652 
  8.709112 
  8.695879 
  8.694322 
  8.684982 
  8.700549 
  8.705998 
  8.702885 
  8.708333 
  8.729350 
  8.712225 
  8.705998 
  8.713004 
  8.705998 
  8.695879 
  8.693544 
  8.702885 
  8.703663 
  8.724679 
  8.708333 
  8.717674 
  8.711447 
  8.703663 
  8.709890 
  8.715339 
  8.704441 
  8.654625 
  8.697436 
  8.705998 
  8.717674 
  8.710668 
  8.713782 
  8.651511 
  8.663187 
  8.661630 
  8.668636 
  8.722344 
  8.709890 
  8.736355 
  8.724679 
  8.722344 
  8.712225 
  8.732463 
  8.726236 
  8.720788 
  8.720009 
  8.704441 
  8.735577 
  8.725458 
  8.720788 
  8.691987 
  8.680311 
  8.663965 
  8.654625 
  8.720009 
  8.744139 
  8.687317 
  8.734799 
  8.687317 
  8.701328 
  8.730128 
  8.712225 
  8.702885 
  8.695879 
  8.720009 
  8.739469 
  8.730128 
  8.719231 
  8.711447 
  8.718452 
  8.720788 
  8.737912 
  8.744139 
  8.725458 
  8.743361 
  8.713782 
  8.724679 
  8.716117 
  8.703663 
  8.717674 
  8.723901 
  8.737912 
  8.712225 
  8.716896 
  8.720009 
  8.731685 
  8.721566 
  8.723123 
  8.737912 
  8.713782 
  8.731685 
  8.715339 
  8.716896 
  8.701328 
  8.708333 
  8.757372 
  8.688095 
  8.726236 
  8.723901 
  8.708333 
  8.690430 
  8.691987 
  8.687317 
  8.716117 
  8.705220 
  8.708333 
  8.723901 
  8.716896 
  8.725458 
  8.696658 
  8.693544 
  8.699771 
  8.698214 
  8.706777 
  8.692766 
  8.705220 
  8.687317 
  8.684203 
  8.679533 
  8.716896 
  8.690430 
  8.696658 
  8.681090 
  8.698214 
  8.716896 
  8.694322 
  8.698993 
  8.705998 
  8.677976 
  8.677976 
  8.704441 
  8.697436 
  8.671749 
  8.695879 
  8.687317 
  8.718452 
  8.721566 
  8.682647 
  8.691987 
  8.695879 
  8.695101 
  8.669414 
  8.700549 
  8.702106 
  8.692766 
  8.684982 
  8.699771 
  8.697436 
  8.690430 
  8.691209 
  8.709890 
  8.693544 
  8.664744 
  8.657738 
  8.721566 
  8.694322 
  8.695101 
  8.647619 
  8.698993 
  8.705998 
  8.695879 
  8.693544 
  8.691987 
  8.682647 
  8.680311 
  8.669414 
  8.713782 
  8.676419 
  8.689652 
  8.679533 
  8.702885 
  8.695101 
  8.702106 
  8.684982 
  8.700549 
  8.699771 
  8.712225 
  8.696658 
  8.698214 
  8.709890 
  8.692766 
  8.711447 
  8.740247 
  8.721566 
  8.707555 
  8.709112 
  8.725458 
  8.713004 
  8.729350 
  8.713782 
  8.712225 
  8.727015 
  8.719231 
  8.691987 
  8.717674 
  8.733242 
  8.712225 
  8.730907 
  8.722344 
  8.720788 
  8.697436 
  8.716896 
  8.714560 
  8.707555 
  8.705220 
  8.708333 
  8.724679 
  8.705220 
  8.702885 
  8.706777 
  8.719231 
  8.718452 
  8.681868 
  8.693544 
  8.707555 
  8.702106 
  8.727015 
  8.696658 
  8.642949 
  8.666300 
  8.680311 
  8.670971 
  8.715339 
  8.663965 
  8.732463 
  8.720788 
  8.709890 
  8.715339 
  8.737912 
  8.720788 
  8.731685 
  8.735577 
  8.706777 
  8.702106 
  8.723901 
  8.731685 
  8.737134 
  8.733242 
  8.727015 
  8.718452 
  8.733242 
  8.733242 
  8.716117 
  8.717674 
  8.723901 
  8.722344 
  8.721566 
  8.729350 
  8.709112 
  8.723123 
  8.743361 
  8.727015 
  8.713004 
  8.726236 
  8.751923 
  8.732463 
  8.718452 
  8.719231 
  8.720788 
  8.720788 
  8.710668 
  8.733242 
  8.736355 
  8.705220 
  8.702885 
  8.714560 
  8.712225 
  8.714560 
  8.701328 
  8.702885 
  8.691209 
  8.695879 
  8.718452 
  8.713782 
  8.705998 
  8.709890 
  8.696658 
  8.718452 
  8.705220 
  8.704441 
  8.681090 
  8.664744 
  8.671749 
  8.706777 
  8.690430 
  8.705998 
  8.698993 
  8.681090 
  8.684203 
  8.687317 
  8.687317 
  8.691209 
  8.702885 
  8.698993 
  8.691209 
  8.698214 
  8.713782 
  8.680311 
  8.693544 
  8.691209 
  8.698214 
  8.691209 
  8.695879 
  8.713004 
  8.703663 
  8.691987 
  8.743361 
  8.688095 
  8.712225 
  8.694322 
  8.702106 
  8.708333 
  8.691209 
  8.704441 
  8.706777 
  8.695101 
  8.701328 
  8.695879 
  8.688095 
  8.690430 
  8.688874 
  8.695879 
  8.698214 
  8.706777 
  8.705998 
  8.690430 
  8.720009 
  8.718452 
  8.693544 
  8.709890 
  8.679533 
  8.674863 
  8.695101 
  8.703663 
  8.686538 
  8.692766 
  8.687317 
  8.702106 
  8.692766 
  8.667857 
  8.675641 
  8.677198 
  8.663965 
  8.675641 
  8.681868 
  8.685760 
  8.681090 
  8.678755 
  8.679533 
