  8.196154 
  8.185256 
  8.166575 
  8.166575 
  8.189148 
  8.201603 
  8.183700 
  8.191484 
  8.179808 
  8.201603 
  8.229625 
  8.193819 
  8.191484 
  8.185256 
  8.193040 
  8.213278 
  8.231960 
  8.263874 
  8.245192 
  8.231960 
  8.200046 
  8.168132 
  8.156456 
  8.166575 
  8.144780 
  8.136996 
  8.209386 
  8.197711 
  8.202381 
  8.183700 
  8.165797 
  8.182143 
  8.189927 
  8.196932 
  8.204716 
  8.203159 
  8.207051 
  8.187592 
  8.154121 
  8.131548 
  8.150229 
  8.152564 
  8.172802 
  8.189148 
  8.201603 
  8.175916 
  8.169689 
  8.176694 
  8.153342 
  8.142445 
  8.161905 
  8.178251 
  8.207051 
  8.186813 
  8.193040 
  8.180586 
  8.180586 
  8.168910 
  8.161905 
  8.198489 
  8.194597 
  8.200046 
  8.188370 
  8.174359 
  8.171245 
  8.152564 
  8.182921 
  8.207051 
  8.188370 
  8.196932 
  8.175137 
  8.175137 
  8.175137 
  8.179808 
  8.178251 
  8.169689 
  8.199267 
  8.171245 
  8.187592 
  8.166575 
  8.158013 
  8.170467 
  8.183700 
  8.210943 
  8.196932 
  8.194597 
  8.199267 
  8.200046 
  8.186813 
  8.201603 
  8.171245 
  8.163462 
  8.189927 
  8.168132 
  8.170467 
  8.167353 
  8.190705 
  8.189927 
  8.191484 
  8.161905 
  8.159570 
  8.175916 
  8.191484 
  8.164240 
  8.175137 
  8.161905 
  8.180586 
  8.189927 
  8.177473 
  8.188370 
  8.158791 
  8.173581 
  8.161905 
  8.165018 
  8.186813 
  8.193819 
  8.185256 
  8.172024 
  8.169689 
  8.191484 
  8.182143 
  8.172802 
  8.154121 
  8.172802 
  8.192262 
  8.185256 
  8.179029 
  8.160348 
  8.165018 
  8.150229 
  8.140888 
  8.159570 
  8.187592 
  8.155678 
  8.164240 
  8.167353 
  8.190705 
  8.186813 
  8.178251 
  8.168132 
  8.175137 
  8.194597 
  8.174359 
  8.211722 
  8.203159 
  8.195375 
  8.133883 
  8.151786 
  8.168132 
  8.151007 
  8.156456 
  8.178251 
  8.186813 
  8.211722 
  8.246749 
  8.248306 
  8.216392 
  8.206273 
  8.204716 
  8.207830 
  8.165018 
  8.200824 
  8.144002 
  8.161126 
  8.175916 
  8.212500 
  8.244414 
  8.212500 
  8.199267 
  8.214057 
  8.196932 
  8.185256 
  8.162683 
  8.147894 
  8.154899 
  8.186813 
  8.177473 
  8.208608 
  8.203938 
  8.224176 
  8.216392 
  8.179808 
  8.182143 
  8.166575 
  8.195375 
  8.192262 
  8.198489 
  8.198489 
  8.227289 
  8.210165 
  8.217170 
  8.199267 
  8.183700 
  8.161905 
  8.189148 
  8.200046 
  8.213278 
  8.203159 
  8.210165 
  8.188370 
  8.194597 
  8.206273 
  8.196154 
  8.205495 
  8.207051 
  8.226511 
  8.194597 
  8.188370 
  8.182921 
  8.163462 
  8.207830 
  8.214835 
  8.180586 
  8.180586 
  8.172024 
  8.175916 
  8.216392 
  8.198489 
  8.179808 
  8.191484 
  8.177473 
  8.173581 
  8.195375 
  8.195375 
  8.196154 
  8.177473 
  8.193040 
  8.191484 
  8.189148 
  8.195375 
  8.201603 
  8.198489 
  8.201603 
  8.185256 
  8.186035 
  8.186813 
  8.170467 
  8.192262 
  8.195375 
  8.197711 
  8.191484 
  8.196932 
  8.197711 
  8.196932 
  8.183700 
  8.203159 
  8.181364 
  8.202381 
  8.182143 
  8.192262 
  8.192262 
  8.193819 
  8.195375 
  8.181364 
  8.179029 
  8.171245 
  8.173581 
  8.175916 
  8.170467 
  8.179029 
  8.156456 
  8.193040 
  8.208608 
  8.207051 
  8.196154 
  8.185256 
  8.198489 
  8.180586 
  8.228068 
  8.192262 
  8.192262 
  8.195375 
  8.165797 
  8.166575 
  8.189148 
  8.226511 
  8.238187 
  8.211722 
  8.207830 
  8.200046 
  8.194597 
  8.196932 
  8.154121 
  8.136996 
  8.161126 
  8.146337 
  8.147115 
  8.155678 
  8.185256 
  8.202381 
  8.200824 
  8.211722 
  8.203938 
  8.216392 
  8.222619 
  8.193040 
  8.164240 
  8.133883 
  8.153342 
  8.136218 
  8.147894 
  8.147115 
  8.157234 
  8.173581 
  8.200824 
  8.217170 
  8.210165 
  8.207051 
  8.196932 
  8.178251 
  8.173581 
  8.165797 
  8.150229 
  8.161905 
  8.164240 
  8.186813 
  8.191484 
  8.209386 
  8.213278 
  8.223397 
  8.191484 
  8.200046 
  8.157234 
  8.158791 
  8.160348 
  8.158791 
  8.160348 
  8.150229 
  8.172024 
  8.188370 
  8.196154 
  8.211722 
  8.215614 
  8.200046 
  8.171245 
  8.175916 
  8.175916 
  8.164240 
  8.156456 
  8.168132 
  8.171245 
  8.192262 
  8.208608 
  8.221841 
  8.210165 
  8.205495 
  8.187592 
  8.183700 
  8.158791 
  8.170467 
  8.187592 
  8.210943 
  8.189927 
  8.168132 
  8.156456 
  8.174359 
  8.183700 
  8.200824 
  8.234295 
  8.182921 
  8.153342 
  8.186035 
  8.187592 
  8.157234 
  8.199267 
  8.133883 
  8.144780 
  8.191484 
  8.191484 
  8.194597 
  8.175916 
  8.170467 
  8.175137 
  8.174359 
  8.185256 
  8.165797 
  8.156456 
  8.163462 
  8.169689 
  8.179029 
  8.195375 
  8.196154 
  8.187592 
  8.173581 
  8.163462 
  8.158791 
  8.164240 
  8.165018 
  8.154121 
  8.179808 
  8.174359 
  8.189148 
  8.195375 
  8.172024 
  8.158791 
  8.152564 
  8.150229 
  8.182921 
  8.163462 
  8.171245 
  8.179808 
  8.172024 
  8.195375 
  8.194597 
  8.198489 
  8.179808 
  8.172024 
  8.172024 
  8.147894 
  8.165797 
  8.161905 
  8.161126 
  8.161126 
  8.187592 
  8.183700 
  8.193040 
  8.168132 
  8.176694 
  8.157234 
  8.172024 
  8.151007 
  8.157234 
  8.152564 
  8.147115 
  8.166575 
  8.164240 
  8.182921 
  8.168132 
  8.196154 
  8.200824 
  8.207051 
  8.199267 
  8.191484 
  8.199267 
  8.158013 
  8.124542 
  8.144780 
  8.162683 
  8.172024 
  8.169689 
  8.176694 
  8.187592 
  8.214835 
  8.227289 
  8.238187 
  8.219505 
  8.219505 
  8.214835 
  8.194597 
  8.181364 
  8.193819 
  8.163462 
  8.150229 
  8.150229 
  8.177473 
  8.196932 
  8.198489 
  8.176694 
  8.212500 
  8.208608 
  8.196932 
  8.202381 
  8.205495 
  8.201603 
  8.177473 
  8.162683 
  8.132326 
  8.148672 
  8.165797 
  8.204716 
  8.199267 
  8.211722 
  8.199267 
  8.213278 
  8.212500 
  8.219505 
  8.223397 
  8.216392 
  8.184478 
  8.185256 
  8.171245 
  8.140888 
  8.150229 
  8.170467 
  8.187592 
  8.211722 
  8.228846 
  8.219505 
  8.226511 
  8.203159 
  8.193819 
  8.190705 
  8.173581 
  8.182921 
  8.171245 
  8.196154 
  8.204716 
  8.179029 
  8.213278 
  8.231960 
  8.216392 
  8.189148 
  8.171245 
  8.166575 
  8.161905 
  8.183700 
  8.207051 
  8.194597 
  8.204716 
  8.217949 
  8.231181 
  8.196932 
  8.185256 
  8.215614 
  8.185256 
  8.201603 
  8.215614 
  8.202381 
  8.210165 
  8.221841 
  8.186813 
  8.190705 
  8.174359 
  8.189927 
  8.215614 
  8.214057 
  8.200824 
  8.182921 
  8.240522 
  8.206273 
  8.193040 
  8.219505 
  8.204716 
  8.196154 
  8.206273 
  8.203159 
  8.188370 
  8.189927 
  8.205495 
  8.200046 
  8.196932 
  8.199267 
  8.195375 
  8.191484 
  8.172802 
  8.169689 
  8.165797 
  8.193040 
  8.186035 
  8.193819 
  8.191484 
  8.177473 
  8.190705 
  8.189927 
  8.194597 
  8.205495 
  8.194597 
  8.193040 
  8.198489 
  8.197711 
  8.196154 
  8.215614 
  8.194597 
  8.200046 
  8.186035 
  8.187592 
  8.185256 
  8.169689 
  8.195375 
  8.201603 
  8.203159 
  8.213278 
  8.195375 
  8.203159 
  8.221062 
  8.185256 
  8.183700 
  8.190705 
  8.196154 
  8.200824 
  8.190705 
  8.197711 
  8.182143 
  8.199267 
  8.184478 
  8.182143 
  8.175137 
  8.184478 
  8.161126 
  8.168132 
  8.182143 
  8.157234 
  8.186035 
  8.207051 
  8.198489 
  8.221841 
  8.203159 
  8.207051 
  8.213278 
  8.204716 
  8.205495 
  8.200824 
  8.188370 
  8.173581 
  8.191484 
  8.214835 
  8.193040 
  8.208608 
  8.197711 
  8.210943 
  8.184478 
  8.213278 
  8.172024 
  8.154899 
  8.169689 
  8.204716 
  8.198489 
  8.177473 
  8.175916 
  8.174359 
  8.178251 
  8.187592 
  8.182143 
  8.200824 
  8.198489 
  8.211722 
  8.186813 
  8.198489 
  8.175916 
  8.191484 
  8.172802 
  8.168132 
  8.153342 
  8.156456 
  8.156456 
  8.175916 
  8.172024 
  8.169689 
  8.175916 
  8.207051 
  8.199267 
  8.192262 
  8.206273 
  8.222619 
  8.196154 
  8.189148 
  8.165797 
  8.175137 
  8.165797 
  8.140888 
  8.175137 
  8.193040 
  8.186035 
  8.179029 
  8.203938 
  8.207830 
  8.198489 
  8.188370 
  8.192262 
  8.203938 
  8.182921 
  8.188370 
  8.159570 
  8.178251 
  8.151786 
  8.161905 
  8.154121 
  8.169689 
  8.204716 
  8.214057 
  8.203938 
  8.225733 
  8.209386 
  8.207830 
  8.197711 
  8.203938 
  8.198489 
  8.193819 
  8.172802 
  8.175916 
  8.179029 
  8.189148 
  8.203938 
  8.205495 
  8.195375 
  8.186813 
  8.194597 
  8.174359 
  8.204716 
  8.185256 
  8.183700 
  8.207830 
  8.196932 
  8.191484 
  8.191484 
  8.188370 
  8.200824 
  8.185256 
  8.175137 
  8.172024 
  8.176694 
  8.201603 
  8.194597 
  8.183700 
  8.166575 
  8.172802 
  8.166575 
  8.179029 
  8.161126 
  8.176694 
  8.178251 
  8.179808 
  8.179808 
  8.185256 
  8.177473 
  8.169689 
  8.161126 
  8.175137 
  8.179029 
  8.170467 
  8.191484 
  8.184478 
  8.197711 
  8.201603 
  8.193040 
  8.188370 
  8.177473 
  8.169689 
  8.167353 
  8.163462 
  8.167353 
  8.174359 
  8.159570 
  8.184478 
  8.175137 
  8.186035 
  8.211722 
  8.185256 
  8.165797 
  8.181364 
  8.171245 
  8.156456 
  8.167353 
  8.184478 
  8.194597 
  8.183700 
  8.180586 
  8.175916 
  8.188370 
  8.182921 
  8.179029 
  8.175916 
  8.179029 
  8.182921 
  8.172802 
  8.173581 
  8.170467 
  8.156456 
  8.173581 
  8.164240 
  8.165018 
  8.165018 
  8.175137 
  8.183700 
  8.170467 
  8.186035 
  8.191484 
  8.200824 
  8.189927 
  8.197711 
  8.183700 
  8.189148 
  8.187592 
  8.182143 
  8.148672 
  8.151786 
  8.200824 
  8.186813 
  8.184478 
  8.165797 
  8.170467 
  8.200046 
  8.221062 
  8.219505 
  8.216392 
  8.215614 
  8.228846 
  8.214835 
  8.198489 
  8.187592 
  8.181364 
  8.163462 
  8.175137 
  8.181364 
  8.193819 
  8.208608 
  8.165018 
  8.194597 
  8.191484 
  8.190705 
  8.214057 
  8.206273 
  8.207830 
  8.206273 
  8.206273 
  8.167353 
  8.161126 
  8.156456 
  8.170467 
  8.178251 
  8.181364 
  8.187592 
  8.197711 
  8.220284 
  8.213278 
  8.221841 
  8.228846 
  8.217949 
  8.227289 
  8.209386 
  8.163462 
  8.169689 
  8.167353 
  8.162683 
  8.180586 
  8.186035 
  8.215614 
  8.204716 
  8.220284 
  8.221062 
  8.225733 
  8.223397 
  8.221841 
  8.200046 
  8.195375 
  8.185256 
  8.173581 
  8.172024 
  8.181364 
  8.186035 
  8.207051 
  8.189927 
  8.202381 
  8.211722 
  8.205495 
  8.206273 
  8.199267 
  8.194597 
  8.187592 
  8.188370 
  8.188370 
  8.196932 
  8.227289 
  8.216392 
  8.227289 
  8.214835 
  8.207830 
  8.199267 
  8.186035 
  8.203938 
  8.198489 
  8.210165 
  8.209386 
  8.216392 
  8.217170 
  8.208608 
  8.195375 
  8.189148 
  8.204716 
  8.211722 
  8.225733 
  8.237408 
  8.212500 
  8.206273 
  8.196932 
  8.231960 
  8.175916 
  8.190705 
  8.184478 
  8.165797 
  8.174359 
  8.204716 
  8.238965 
  8.220284 
  8.210943 
  8.201603 
  8.166575 
  8.179808 
  8.219505 
  8.182143 
  8.198489 
  8.210165 
  8.220284 
  8.238187 
  8.197711 
  8.208608 
  8.186035 
  8.177473 
  8.201603 
  8.207051 
  8.189927 
  8.174359 
  8.185256 
  8.194597 
  8.207051 
  8.205495 
  8.213278 
  8.169689 
  8.195375 
  8.177473 
  8.179808 
  8.194597 
  8.178251 
  8.194597 
  8.184478 
  8.179029 
  8.198489 
  8.214057 
  8.210165 
  8.203159 
  8.200046 
  8.184478 
  8.186035 
  8.178251 
  8.203159 
  8.200824 
  8.204716 
  8.196154 
  8.193040 
  8.189927 
  8.206273 
  8.185256 
  8.200046 
  8.193040 
  8.188370 
  8.196932 
  8.210943 
  8.200046 
  8.186813 
  8.206273 
  8.198489 
  8.177473 
  8.170467 
  8.165018 
  8.192262 
  8.175137 
  8.187592 
  8.153342 
  8.182921 
  8.204716 
  8.213278 
  8.204716 
  8.211722 
  8.217170 
  8.189927 
  8.207051 
  8.196154 
  8.202381 
  8.194597 
  8.166575 
  8.158791 
  8.173581 
  8.211722 
  8.233516 
  8.223397 
  8.212500 
  8.207830 
  8.200824 
  8.214057 
  8.170467 
  8.144002 
  8.168910 
  8.154121 
  8.145559 
  8.162683 
  8.160348 
  8.179029 
  8.203159 
  8.224954 
  8.228068 
  8.239744 
  8.220284 
  8.207051 
  8.170467 
  8.140110 
  8.153342 
  8.132326 
  8.147894 
  8.144780 
  8.157234 
  8.180586 
  8.220284 
  8.216392 
  8.207830 
  8.190705 
  8.180586 
  8.157234 
  8.172024 
  8.160348 
  8.162683 
  8.169689 
  8.189927 
  8.195375 
  8.210165 
  8.224954 
  8.195375 
  8.193819 
  8.165797 
  8.157234 
  8.150229 
  8.146337 
  8.174359 
  8.201603 
  8.194597 
  8.200046 
  8.200046 
  8.189927 
  8.174359 
  8.186035 
  8.167353 
  8.163462 
  8.198489 
  8.183700 
  8.200046 
  8.190705 
  8.165797 
  8.179808 
  8.189927 
  8.238187 
  8.167353 
  8.217949 
  8.159570 
  8.158013 
  8.149451 
  8.173581 
  8.181364 
  8.186035 
  8.165018 
  8.181364 
  8.165797 
  8.159570 
  8.175137 
  8.177473 
  8.185256 
  8.156456 
  8.160348 
  8.182921 
  8.174359 
  8.172802 
  8.186035 
  8.185256 
  8.182143 
  8.185256 
  8.181364 
  8.167353 
  8.170467 
  8.153342 
  8.152564 
  8.166575 
  8.175137 
  8.179808 
  8.171245 
  8.180586 
  8.175916 
  8.175137 
  8.172024 
  8.161905 
  8.154121 
  8.164240 
  8.151007 
  8.168132 
  8.167353 
  8.161905 
  8.175916 
  8.193819 
  8.214835 
  8.201603 
  8.194597 
  8.182921 
  8.195375 
  8.137775 
  8.127656 
  8.152564 
  8.178251 
  8.147115 
  8.176694 
  8.179808 
  8.197711 
  8.212500 
  8.211722 
  8.221062 
  8.214835 
  8.208608 
  8.221062 
  8.194597 
  8.186813 
  8.172024 
  8.179808 
  8.159570 
  8.172802 
  8.188370 
  8.191484 
  8.203159 
  8.161905 
  8.191484 
  8.196154 
  8.193040 
  8.210943 
  8.200824 
  8.221062 
  8.201603 
  8.206273 
  8.153342 
  8.175137 
  8.158013 
  8.156456 
  8.169689 
  8.181364 
  8.177473 
  8.189927 
  8.231960 
  8.220284 
  8.224954 
  8.217949 
  8.222619 
  8.211722 
  8.221841 
  8.174359 
  8.180586 
  8.168132 
  8.163462 
  8.162683 
  8.178251 
  8.184478 
  8.190705 
  8.198489 
  8.220284 
  8.224954 
  8.236630 
  8.229625 
  8.219505 
  8.209386 
  8.201603 
  8.168132 
  8.182143 
  8.177473 
  8.175137 
  8.165797 
  8.150229 
  8.149451 
  8.175137 
  8.226511 
  8.225733 
  8.221841 
  8.218727 
  8.210943 
  8.210943 
  8.185256 
  8.205495 
  8.223397 
  8.176694 
  8.193040 
  8.197711 
  8.200824 
  8.193819 
  8.191484 
  8.221062 
  8.235073 
  8.245971 
  8.231960 
  8.213278 
  8.190705 
  8.211722 
  8.203159 
  8.196932 
  8.182921 
  8.193819 
  8.200046 
  8.231181 
  8.238187 
  8.226511 
  8.236630 
  8.215614 
  8.196154 
  8.182143 
  8.186813 
  8.266987 
  8.205495 
  8.206273 
  8.221841 
  8.198489 
  8.207051 
  8.217949 
  8.189927 
  8.179808 
  8.202381 
  8.207051 
  8.201603 
  8.206273 
  8.169689 
  8.187592 
  8.200824 
  8.215614 
  8.218727 
  8.228068 
  8.204716 
  8.199267 
  8.203938 
  8.267766 
  8.217170 
  8.218727 
  8.211722 
  8.200046 
  8.212500 
  8.208608 
  8.217170 
  8.216392 
  8.186813 
  8.208608 
  8.220284 
  8.207051 
  8.237408 
  8.203159 
  8.210165 
  8.222619 
  8.200046 
  8.187592 
  8.189148 
  8.181364 
  8.196932 
  8.210943 
  8.203938 
  8.198489 
  8.198489 
  8.212500 
  8.213278 
  8.187592 
  8.207051 
  8.191484 
  8.192262 
  8.189148 
  8.200046 
  8.184478 
  8.186035 
  8.181364 
  8.185256 
  8.187592 
  8.179029 
  8.184478 
  8.177473 
  8.190705 
  8.184478 
  8.210165 
  8.201603 
  8.198489 
  8.199267 
  8.186035 
  8.203159 
  8.189927 
  8.204716 
  8.204716 
  8.204716 
  8.206273 
  8.171245 
  8.189148 
  8.182921 
  8.168132 
  8.203159 
  8.196154 
  8.193819 
  8.214057 
  8.201603 
  8.196932 
  8.207051 
  8.190705 
  8.186035 
  8.196154 
  8.198489 
  8.209386 
  8.197711 
  8.189148 
  8.198489 
  8.197711 
  8.181364 
  8.189148 
  8.179808 
  8.184478 
  8.171245 
  8.185256 
  8.189148 
  8.154899 
  8.199267 
  8.191484 
  8.186035 
  8.193819 
  8.202381 
  8.189148 
  8.203938 
  8.207051 
  8.214835 
  8.193040 
  8.193040 
  8.181364 
  8.188370 
  8.214057 
  8.203159 
  8.215614 
  8.198489 
  8.203159 
  8.196154 
  8.218727 
  8.170467 
  8.159570 
  8.162683 
  8.177473 
  8.161905 
  8.168132 
  8.163462 
  8.186813 
  8.179029 
  8.208608 
  8.193040 
  8.224176 
  8.226511 
  8.212500 
  8.181364 
  8.181364 
  8.154899 
  8.161905 
  8.145559 
  8.144780 
  8.158791 
  8.158791 
  8.198489 
  8.227289 
  8.210943 
  8.208608 
  8.186813 
  8.171245 
  8.180586 
  8.176694 
  8.145559 
  8.178251 
  8.175916 
  8.206273 
  8.196932 
  8.217949 
  8.215614 
  8.181364 
  8.191484 
  8.165018 
  8.168132 
  8.147894 
  8.179808 
  8.211722 
  8.181364 
  8.199267 
  8.189927 
  8.176694 
  8.174359 
  8.167353 
  8.182921 
  8.166575 
  8.177473 
  8.223397 
  8.179808 
  8.193040 
  8.147115 
  8.215614 
  8.150229 
  8.155678 
  8.204716 
  8.189148 
  8.153342 
  8.167353 
  8.161905 
  8.179029 
  8.175916 
  8.189148 
  8.165018 
  8.156456 
  8.126877 
  8.167353 
  8.172024 
  8.181364 
  8.168910 
  8.189148 
  8.180586 
  8.184478 
  8.182921 
  8.167353 
  8.175137 
  8.168910 
  8.161905 
  8.184478 
  8.169689 
  8.182143 
  8.183700 
  8.180586 
  8.185256 
  8.172802 
  8.166575 
  8.152564 
  8.162683 
  8.147115 
  8.176694 
  8.172024 
  8.178251 
  8.191484 
  8.185256 
  8.196154 
  8.214835 
  8.203938 
  8.196932 
  8.190705 
  8.186813 
  8.170467 
  8.128434 
  8.141667 
  8.161126 
  8.177473 
  8.178251 
  8.185256 
  8.194597 
  8.202381 
  8.238965 
  8.224954 
  8.210943 
  8.211722 
  8.224176 
  8.212500 
  8.189148 
  8.201603 
  8.175137 
  8.186813 
  8.172802 
  8.182921 
  8.200824 
  8.196154 
  8.189148 
  8.193040 
  8.195375 
  8.198489 
  8.214835 
  8.193040 
  8.189927 
  8.193819 
  8.194597 
  8.188370 
  8.154899 
  8.161905 
  8.186813 
  8.172024 
  8.182921 
  8.197711 
  8.204716 
  8.215614 
  8.231181 
  8.212500 
  8.229625 
  8.217170 
  8.214835 
  8.210165 
  8.195375 
  8.175916 
  8.172024 
  8.156456 
  8.186813 
  8.179029 
  8.199267 
  8.203159 
  8.214057 
  8.215614 
  8.214057 
  8.214835 
  8.213278 
  8.220284 
  8.207830 
  8.191484 
  8.186813 
  8.166575 
  8.176694 
  8.176694 
  8.190705 
  8.183700 
  8.179029 
  8.170467 
  8.195375 
  8.229625 
  8.229625 
  8.213278 
  8.215614 
  8.217949 
  8.213278 
  8.198489 
  8.199267 
  8.193040 
  8.206273 
  8.193040 
  8.183700 
  8.202381 
  8.200824 
  8.200824 
  8.206273 
  8.207830 
  8.231960 
  8.231960 
  8.202381 
  8.203938 
  8.209386 
  8.212500 
  8.211722 
  8.209386 
  8.182143 
  8.203159 
  8.212500 
  8.210943 
  8.206273 
  8.210165 
  8.218727 
  8.233516 
  8.218727 
  8.216392 
  8.203159 
  8.196932 
  8.196932 
  8.192262 
  8.212500 
  8.189927 
  8.210165 
  8.215614 
  8.222619 
  8.221062 
  8.235852 
  8.188370 
  8.200046 
  8.210165 
  8.184478 
  8.195375 
  8.186813 
  8.217170 
  8.240522 
  8.235852 
  8.219505 
  8.206273 
  8.196154 
  8.186035 
  8.196154 
  8.233516 
  8.224954 
  8.188370 
  8.212500 
  8.186813 
  8.200046 
  8.209386 
  8.214835 
  8.213278 
  8.208608 
  8.200046 
  8.213278 
  8.212500 
  8.224176 
  8.213278 
  8.229625 
  8.200046 
  8.209386 
  8.211722 
  8.217949 
  8.217170 
  8.231960 
  8.224176 
  8.205495 
  8.215614 
  8.235852 
  8.214057 
  8.200046 
  8.204716 
  8.193819 
  8.218727 
  8.224954 
  8.223397 
  8.233516 
  8.204716 
  8.210943 
  8.218727 
  8.210943 
  8.213278 
  8.200046 
  8.191484 
  8.227289 
  8.217949 
  8.214057 
  8.213278 
  8.207051 
  8.205495 
  8.220284 
  8.214057 
  8.197711 
  8.193819 
  8.207051 
  8.197711 
  8.199267 
  8.200824 
  8.195375 
  8.196932 
  8.204716 
  8.212500 
  8.208608 
  8.202381 
  8.193040 
  8.183700 
  8.200046 
  8.197711 
  8.193040 
  8.176694 
  8.161905 
  8.182143 
  8.203938 
  8.182921 
  8.198489 
  8.207830 
  8.208608 
  8.214835 
  8.221841 
  8.201603 
  8.207830 
  8.196932 
  8.214835 
  8.207830 
  8.182143 
  8.199267 
  8.180586 
  8.203159 
  8.186813 
  8.206273 
  8.216392 
  8.208608 
  8.213278 
  8.221841 
  8.203159 
  8.188370 
  8.203938 
  8.186035 
  8.191484 
  8.209386 
  8.192262 
  8.181364 
  8.202381 
  8.189148 
  8.199267 
  8.189148 
  8.185256 
  8.177473 
  8.206273 
  8.198489 
  8.163462 
  8.203159 
  8.196932 
  8.193819 
  8.211722 
  8.212500 
  8.213278 
  8.198489 
  8.208608 
  8.203159 
  8.212500 
  8.188370 
  8.182921 
  8.165797 
  8.216392 
  8.213278 
  8.226511 
  8.213278 
  8.194597 
  8.206273 
  8.216392 
  8.201603 
  8.155678 
  8.145559 
  8.170467 
  8.160348 
  8.194597 
  8.187592 
  8.188370 
  8.210165 
  8.227289 
  8.207830 
  8.221841 
  8.196932 
  8.196932 
  8.155678 
  8.157234 
  8.154899 
  8.144780 
  8.169689 
  8.188370 
  8.193819 
  8.193040 
  8.212500 
  8.192262 
  8.182921 
  8.164240 
  8.159570 
  8.170467 
  8.203159 
  8.195375 
  8.207830 
  8.215614 
  8.191484 
  8.194597 
  8.181364 
  8.180586 
  8.190705 
  8.189927 
  8.207051 
  8.182143 
  8.173581 
  8.164240 
  8.193040 
  8.193040 
  8.202381 
  8.165797 
  8.156456 
  8.164240 
  8.190705 
  8.186813 
  8.151007 
  8.157234 
  8.157234 
  8.147115 
  8.201603 
  8.191484 
  8.182143 
  8.154121 
  8.167353 
  8.163462 
  8.177473 
  8.196154 
  8.196154 
  8.203938 
  8.185256 
  8.182143 
  8.152564 
  8.154121 
  8.162683 
  8.180586 
  8.189927 
  8.203159 
  8.183700 
  8.172802 
  8.175137 
  8.158791 
  8.168910 
  8.156456 
  8.140110 
  8.163462 
  8.168132 
  8.188370 
  8.201603 
  8.220284 
  8.200046 
  8.193040 
  8.196154 
  8.189148 
  8.182143 
  8.129991 
  8.115980 
  8.152564 
  8.180586 
  8.188370 
  8.183700 
  8.208608 
  8.209386 
  8.220284 
  8.235073 
  8.214057 
  8.201603 
  8.208608 
  8.186035 
  8.170467 
  8.193040 
  8.183700 
  8.183700 
  8.176694 
  8.177473 
  8.183700 
  8.214057 
  8.213278 
  8.189148 
  8.229625 
  8.199267 
  8.193040 
  8.176694 
  8.182143 
  8.185256 
  8.180586 
  8.170467 
  8.161126 
  8.167353 
  8.190705 
  8.194597 
  8.203159 
  8.203159 
  8.214057 
  8.214057 
  8.228068 
  8.212500 
  8.208608 
  8.203159 
  8.194597 
  8.179808 
  8.181364 
  8.155678 
  8.179029 
  8.183700 
  8.200046 
  8.205495 
  8.233516 
  8.228068 
  8.218727 
  8.201603 
  8.206273 
  8.201603 
  8.189148 
  8.175137 
  8.183700 
  8.197711 
  8.162683 
  8.176694 
  8.182921 
  8.203938 
  8.224176 
  8.220284 
  8.196154 
  8.193819 
  8.191484 
  8.204716 
  8.189148 
  8.180586 
  8.175137 
  8.178251 
  8.186813 
  8.202381 
  8.223397 
  8.238965 
  8.219505 
  8.236630 
  8.230403 
  8.221841 
  8.186813 
  8.177473 
  8.164240 
  8.182921 
  8.182921 
  8.209386 
  8.207051 
  8.193040 
  8.258425 
  8.251419 
  8.245192 
  8.221841 
  8.194597 
  8.194597 
  8.201603 
  8.186035 
  8.210165 
  8.212500 
  8.213278 
  8.210943 
  8.219505 
  8.225733 
  8.305128 
  8.220284 
  8.203159 
  8.191484 
  8.176694 
  8.186035 
  8.207051 
  8.211722 
  8.208608 
  8.216392 
  8.241300 
  8.235073 
  8.199267 
  8.201603 
  8.188370 
  8.200824 
  8.214057 
  8.224176 
  8.218727 
  8.213278 
  8.172024 
  8.182921 
  8.193040 
  8.219505 
  8.210943 
  8.190705 
  8.249863 
  8.218727 
  8.204716 
  8.199267 
  8.202381 
  8.214835 
  8.224176 
  8.248306 
  8.221062 
  8.195375 
  8.176694 
  8.188370 
  8.202381 
  8.217949 
  8.231181 
  8.252976 
  8.226511 
  8.206273 
  8.231960 
  8.233516 
  8.166575 
  8.176694 
  8.177473 
  8.207830 
  8.231960 
  8.241300 
  8.235073 
  8.235852 
  8.210165 
  8.198489 
  8.201603 
  8.194597 
  8.189927 
  8.175137 
  8.193040 
  8.217949 
  8.212500 
  8.221062 
  8.228068 
  8.221841 
  8.195375 
  8.221062 
  8.208608 
  8.182921 
  8.185256 
  8.189927 
  8.179808 
  8.174359 
  8.179808 
  8.204716 
  8.207051 
  8.214835 
  8.221062 
  8.222619 
  8.213278 
  8.182143 
  8.182143 
  8.183700 
  8.181364 
  8.176694 
  8.163462 
  8.166575 
  8.174359 
  8.196932 
  8.195375 
  8.202381 
  8.211722 
  8.212500 
  8.220284 
  8.230403 
  8.193040 
  8.203938 
  8.203159 
  8.186813 
  8.189927 
  8.176694 
  8.189148 
  8.168132 
  8.182143 
  8.184478 
  8.199267 
  8.217949 
  8.226511 
  8.221062 
  8.224176 
  8.202381 
  8.183700 
  8.189148 
  8.174359 
  8.192262 
  8.199267 
  8.186813 
  8.186813 
  8.195375 
  8.186035 
  8.197711 
  8.184478 
  8.181364 
  8.189148 
  8.206273 
  8.192262 
  8.159570 
  8.203938 
  8.211722 
  8.216392 
  8.193040 
  8.198489 
  8.203159 
  8.190705 
  8.201603 
  8.193040 
  8.219505 
  8.194597 
  8.190705 
  8.182143 
  8.207051 
  8.207830 
  8.217170 
  8.208608 
  8.171245 
  8.186813 
  8.185256 
  8.198489 
  8.143223 
  8.169689 
  8.195375 
  8.179808 
  8.194597 
  8.176694 
  8.182921 
  8.191484 
  8.195375 
  8.182143 
  8.210943 
  8.193819 
  8.214057 
  8.191484 
  8.186035 
  8.179029 
  8.160348 
  8.161905 
  8.173581 
  8.163462 
  8.150229 
  8.175137 
  8.170467 
  8.205495 
  8.183700 
  8.196154 
  8.183700 
  8.205495 
  8.181364 
  8.178251 
  8.193819 
  8.174359 
  8.167353 
  8.189148 
  8.189148 
  8.186813 
  8.188370 
  8.195375 
  8.196932 
  8.181364 
  8.168132 
  8.173581 
  8.166575 
  8.169689 
  8.163462 
  8.172802 
  8.196154 
  8.195375 
  8.200824 
  8.195375 
  8.162683 
  8.181364 
  8.162683 
  8.179808 
  8.172802 
  8.198489 
  8.194597 
  8.178251 
  8.203159 
  8.168132 
  8.175137 
  8.177473 
  8.183700 
  8.169689 
  8.175137 
  8.171245 
  8.151786 
  8.172802 
  8.168132 
  8.178251 
  8.172024 
  8.165797 
  8.161905 
  8.172024 
  8.186813 
  8.153342 
  8.182143 
  8.185256 
  8.196154 
  8.179808 
  8.188370 
  8.165018 
  8.175916 
  8.177473 
  8.168132 
  8.168910 
  8.168132 
  8.189148 
  8.186813 
  8.188370 
  8.174359 
  8.158013 
  8.159570 
  8.148672 
  8.183700 
  8.176694 
  8.158013 
  8.179808 
  8.165797 
  8.179808 
  8.172024 
  8.214835 
  8.198489 
  8.181364 
  8.189148 
  8.182143 
  8.176694 
  8.136996 
  8.138553 
  8.168132 
  8.182921 
  8.185256 
  8.157234 
  8.177473 
  8.189148 
  8.196932 
  8.223397 
  8.215614 
  8.195375 
  8.210165 
  8.198489 
  8.172802 
  8.186813 
  8.181364 
  8.185256 
  8.179029 
  8.183700 
  8.185256 
  8.193040 
  8.196932 
  8.161905 
  8.213278 
  8.200824 
  8.201603 
  8.174359 
  8.182921 
  8.192262 
  8.196154 
  8.183700 
  8.163462 
  8.163462 
  8.181364 
  8.165797 
  8.180586 
  8.196154 
  8.210165 
  8.213278 
  8.235073 
  8.217170 
  8.209386 
  8.213278 
  8.202381 
  8.221841 
  8.191484 
  8.162683 
  8.176694 
  8.160348 
  8.181364 
  8.186035 
  8.190705 
  8.203159 
  8.211722 
  8.206273 
  8.223397 
  8.229625 
  8.221062 
  8.206273 
  8.206273 
  8.204716 
  8.172024 
  8.172802 
  8.166575 
  8.168132 
  8.182921 
  8.186035 
  8.167353 
  8.169689 
  8.195375 
  8.211722 
  8.227289 
  8.214057 
  8.207051 
  8.214835 
  8.216392 
  8.186813 
  8.192262 
  8.192262 
  8.189927 
  8.186035 
  8.194597 
  8.205495 
  8.182143 
  8.186035 
  8.188370 
  8.214835 
  8.224176 
  8.240522 
  8.223397 
  8.197711 
  8.215614 
  8.206273 
  8.189927 
  8.203938 
  8.185256 
  8.193040 
  8.211722 
  8.208608 
  8.221841 
  8.229625 
  8.218727 
  8.224176 
  8.196932 
  8.189148 
  8.238187 
  8.216392 
  8.194597 
  8.196932 
  8.193040 
  8.205495 
  8.203159 
  8.217949 
  8.204716 
  8.213278 
  8.228068 
  8.193819 
  8.175916 
  8.189927 
  8.207051 
  8.216392 
  8.201603 
  8.238187 
  8.215614 
  8.175137 
  8.173581 
  8.167353 
  8.201603 
  8.193819 
  8.183700 
  8.207830 
  8.203159 
  8.202381 
  8.208608 
  8.193819 
  8.229625 
  8.207830 
  8.214057 
  8.206273 
  8.207051 
  8.183700 
  8.200046 
  8.200046 
  8.197711 
  8.213278 
  8.221841 
  8.224176 
  8.181364 
  8.198489 
  8.191484 
  8.205495 
  8.204716 
  8.200824 
  8.214057 
  8.213278 
  8.200046 
  8.202381 
  8.212500 
  8.207051 
  8.198489 
  8.186813 
  8.207051 
  8.202381 
  8.202381 
  8.211722 
  8.193819 
  8.196154 
  8.210165 
  8.208608 
  8.210165 
  8.189927 
  8.209386 
  8.201603 
  8.193819 
  8.179029 
  8.204716 
  8.186813 
  8.197711 
  8.201603 
  8.214835 
  8.179808 
  8.201603 
  8.182143 
  8.186035 
  8.193040 
  8.186035 
  8.163462 
  8.169689 
  8.181364 
  8.188370 
  8.201603 
  8.193819 
  8.195375 
  8.203159 
  8.214835 
  8.208608 
  8.207830 
  8.197711 
  8.207830 
  8.183700 
  8.190705 
  8.178251 
  8.185256 
  8.175137 
  8.168910 
  8.196932 
  8.179029 
  8.190705 
  8.217170 
  8.219505 
  8.217170 
  8.215614 
  8.202381 
  8.184478 
  8.204716 
  8.192262 
  8.207830 
  8.181364 
  8.188370 
  8.191484 
  8.185256 
  8.184478 
  8.181364 
  8.175916 
  8.183700 
  8.203159 
  8.192262 
  8.188370 
  8.199267 
  8.219505 
  8.204716 
  8.203159 
  8.189927 
  8.181364 
  8.189148 
  8.203159 
  8.203938 
  8.206273 
  8.208608 
  8.189148 
  8.172024 
  8.186813 
  8.200046 
  8.193040 
  8.220284 
  8.197711 
  8.194597 
  8.200046 
  8.196932 
  8.161126 
  8.145559 
  8.185256 
  8.175137 
  8.187592 
  8.172802 
  8.170467 
  8.177473 
  8.189148 
  8.195375 
  8.193040 
  8.204716 
  8.191484 
  8.210943 
  8.189927 
  8.193040 
  8.177473 
  8.163462 
  8.157234 
  8.153342 
  8.158791 
  8.155678 
  8.164240 
  8.168910 
  8.178251 
  8.188370 
  8.198489 
  8.200824 
  8.215614 
  8.207051 
  8.183700 
  8.190705 
  8.165018 
  8.164240 
  8.151786 
  8.165797 
  8.175916 
  8.183700 
  8.199267 
  8.220284 
  8.199267 
  8.199267 
  8.203159 
  8.193040 
  8.175916 
  8.150229 
  8.138553 
  8.171245 
  8.176694 
  8.180586 
  8.206273 
  8.207051 
  8.212500 
  8.189148 
  8.162683 
  8.164240 
  8.174359 
  8.186035 
  8.210165 
  8.235852 
  8.200824 
  8.153342 
  8.175137 
  8.213278 
  8.169689 
  8.199267 
  8.168132 
  8.176694 
  8.165797 
  8.148672 
  8.171245 
  8.178251 
  8.181364 
  8.195375 
  8.191484 
  8.180586 
  8.176694 
  8.179029 
  8.159570 
  8.149451 
  8.150229 
  8.151786 
  8.167353 
  8.182143 
  8.204716 
  8.175137 
  8.185256 
  8.185256 
  8.179029 
  8.162683 
  8.162683 
  8.178251 
  8.177473 
  8.175916 
  8.177473 
  8.193819 
  8.179808 
  8.175916 
  8.193819 
  8.189927 
  8.182921 
  8.170467 
  8.166575 
  8.165797 
  8.156456 
  8.154121 
  8.171245 
  8.161905 
  8.176694 
  8.189148 
  8.180586 
  8.193819 
  8.196154 
  8.205495 
  8.203938 
  8.184478 
  8.184478 
  8.183700 
  8.187592 
  8.140110 
  8.135440 
  8.187592 
  8.182921 
  8.182921 
  8.172024 
  8.194597 
  8.208608 
  8.228068 
  8.222619 
  8.204716 
  8.203159 
  8.207051 
  8.218727 
  8.189148 
  8.187592 
  8.168910 
  8.170467 
  8.181364 
  8.179808 
  8.185256 
  8.204716 
  8.193040 
  8.184478 
  8.203159 
  8.172024 
  8.200824 
  8.183700 
  8.184478 
  8.188370 
  8.188370 
  8.180586 
  8.161126 
  8.143223 
  8.176694 
  8.155678 
  8.177473 
  8.213278 
  8.208608 
  8.219505 
  8.233516 
  8.221841 
  8.214057 
  8.203159 
  8.203159 
  8.212500 
  8.188370 
  8.167353 
  8.159570 
  8.161126 
  8.169689 
  8.188370 
  8.200046 
  8.214057 
  8.214835 
  8.231960 
  8.213278 
  8.220284 
  8.219505 
  8.200824 
  8.187592 
  8.179808 
  8.175916 
  8.158791 
  8.162683 
  8.174359 
  8.195375 
  8.180586 
  8.183700 
  8.207051 
  8.215614 
  8.244414 
  8.221062 
  8.210165 
  8.195375 
  8.198489 
  8.172802 
  8.175137 
  8.199267 
  8.207830 
  8.196932 
  8.203159 
  8.214057 
  8.221062 
  8.212500 
  8.211722 
  8.221062 
  8.217949 
  8.204716 
  8.197711 
  8.184478 
  8.186813 
  8.219505 
  8.227289 
  8.214835 
  8.204716 
  8.191484 
  8.214057 
  8.216392 
  8.203159 
  8.191484 
  8.203159 
  8.200046 
  8.199267 
  8.223397 
  8.249863 
  8.204716 
  8.216392 
  8.199267 
  8.203938 
  8.203938 
  8.203159 
  8.218727 
  8.211722 
  8.228068 
  8.193040 
  8.238187 
  8.208608 
  8.268544 
  8.204716 
  8.211722 
  8.198489 
  8.202381 
  8.210165 
  8.217170 
  8.214835 
  8.223397 
  8.193819 
  8.209386 
  8.214835 
  8.207051 
  8.219505 
  8.199267 
  8.196932 
  8.208608 
  8.192262 
  8.208608 
  8.193040 
  8.202381 
  8.208608 
  8.208608 
  8.203938 
  8.219505 
  8.196154 
  8.197711 
  8.190705 
  8.182921 
  8.207830 
  8.200046 
  8.182921 
  8.194597 
  8.202381 
  8.192262 
  8.203938 
  8.194597 
  8.188370 
  8.188370 
  8.183700 
  8.181364 
  8.187592 
  8.193040 
  8.189927 
  8.202381 
  8.193040 
  8.182143 
  8.194597 
  8.210165 
  8.202381 
  8.210165 
  8.202381 
  8.215614 
  8.198489 
  8.199267 
  8.186035 
  8.189148 
  8.195375 
  8.168910 
  8.198489 
  8.188370 
  8.184478 
  8.211722 
  8.205495 
  8.220284 
  8.200046 
  8.202381 
  8.177473 
  8.207051 
  8.193040 
  8.219505 
  8.186813 
  8.193819 
  8.201603 
  8.193040 
  8.182143 
  8.185256 
  8.176694 
  8.171245 
  8.183700 
  8.182143 
  8.161126 
  8.178251 
  8.204716 
  8.189927 
  8.218727 
  8.193819 
  8.200824 
  8.203159 
  8.208608 
  8.216392 
  8.201603 
  8.210943 
  8.174359 
  8.165797 
  8.173581 
  8.193040 
  8.189927 
  8.203159 
  8.203159 
  8.196932 
  8.203159 
  8.207830 
  8.182143 
  8.172024 
  8.172802 
  8.195375 
  8.188370 
  8.183700 
  8.166575 
  8.183700 
  8.173581 
  8.194597 
  8.182143 
  8.197711 
  8.206273 
  8.213278 
  8.200046 
  8.197711 
  8.194597 
  8.186035 
  8.166575 
  8.166575 
  8.157234 
  8.150229 
  8.150229 
  8.174359 
  8.174359 
  8.186035 
  8.188370 
  8.192262 
  8.200046 
  8.207051 
  8.199267 
  8.201603 
  8.184478 
  8.169689 
  8.158013 
  8.165797 
  8.165797 
  8.179029 
  8.178251 
  8.205495 
  8.194597 
  8.207830 
  8.200824 
  8.193040 
  8.192262 
  8.168910 
  8.163462 
  8.173581 
  8.163462 
  8.166575 
  8.179808 
  8.196154 
  8.210165 
  8.202381 
  8.212500 
  8.187592 
  8.200046 
  8.164240 
  8.172024 
  8.182143 
  8.172802 
  8.182921 
  8.204716 
  8.207051 
  8.214057 
  8.189927 
  8.190705 
  8.169689 
  8.151007 
  8.165797 
  8.218727 
  8.213278 
  8.214057 
  8.198489 
  8.175916 
  8.159570 
  8.203938 
  8.200046 
  8.182143 
  8.173581 
  8.180586 
  8.176694 
  8.192262 
  8.177473 
  8.169689 
  8.183700 
  8.185256 
  8.161126 
  8.175137 
  8.170467 
  8.179808 
  8.188370 
  8.182143 
  8.201603 
  8.185256 
  8.172802 
  8.196154 
  8.183700 
  8.174359 
  8.182143 
  8.171245 
  8.158791 
  8.177473 
  8.177473 
  8.176694 
  8.182921 
  8.174359 
  8.183700 
  8.184478 
  8.175916 
  8.172024 
  8.163462 
  8.193040 
  8.181364 
  8.163462 
  8.172024 
  8.172024 
  8.173581 
  8.174359 
  8.200046 
  8.174359 
  8.185256 
  8.194597 
  8.180586 
  8.170467 
  8.175137 
  8.184478 
  8.154899 
  8.172024 
  8.155678 
  8.159570 
  8.180586 
  8.173581 
  8.187592 
  8.186813 
  8.158791 
  8.207830 
  8.173581 
  8.192262 
  8.179808 
  8.200824 
  8.195375 
  8.183700 
  8.200824 
  8.190705 
  8.199267 
  8.151007 
  8.130769 
  8.188370 
  8.179808 
  8.174359 
  8.179808 
  8.172024 
  8.206273 
  8.193040 
  8.219505 
  8.197711 
  8.201603 
  8.198489 
  8.222619 
  8.203159 
  8.208608 
  8.181364 
  8.185256 
  8.182143 
  8.179808 
  8.197711 
  8.188370 
  8.204716 
  8.170467 
  8.189927 
  8.204716 
  8.193040 
  8.189148 
  8.196932 
  8.206273 
  8.211722 
  8.201603 
  8.178251 
  8.178251 
  8.168132 
  8.169689 
  8.165797 
  8.193040 
  8.186035 
  8.199267 
  8.219505 
  8.219505 
  8.211722 
  8.218727 
  8.212500 
  8.210165 
  8.207830 
  8.189148 
  8.193040 
  8.182143 
  8.188370 
  8.176694 
  8.195375 
  8.195375 
  8.192262 
  8.221062 
  8.221841 
  8.214057 
  8.210165 
  8.212500 
  8.196932 
  8.215614 
  8.189927 
  8.179029 
  8.176694 
  8.183700 
  8.183700 
  8.176694 
  8.164240 
  8.169689 
  8.199267 
  8.206273 
  8.211722 
  8.207830 
  8.200824 
  8.209386 
  8.193040 
  8.198489 
  8.206273 
  8.207051 
  8.196932 
  8.205495 
  8.188370 
  8.204716 
  8.185256 
  8.193819 
  8.194597 
  8.219505 
  8.217949 
  8.223397 
  8.200824 
  8.193040 
  8.207830 
  8.217170 
  8.214835 
  8.207051 
  8.182143 
  8.213278 
  8.214057 
  8.214835 
  8.213278 
  8.208608 
  8.201603 
  8.197711 
  8.189927 
  8.195375 
  8.231960 
  8.207051 
  8.224954 
  8.214835 
  8.206273 
  8.214057 
  8.216392 
  8.207051 
  8.205495 
  8.179029 
  8.185256 
  8.214835 
  8.210165 
  8.199267 
  8.222619 
  8.207830 
  8.252976 
  8.216392 
  8.231181 
  8.212500 
  8.199267 
  8.182143 
  8.198489 
  8.198489 
  8.204716 
  8.186035 
  8.214057 
  8.224176 
  8.220284 
  8.231181 
  8.203159 
  8.210943 
  8.215614 
  8.178251 
  8.195375 
  8.190705 
  8.196154 
  8.190705 
  8.224176 
  8.200824 
  8.232738 
  8.205495 
  8.208608 
  8.194597 
  8.191484 
  8.209386 
  8.194597 
  8.177473 
  8.197711 
  8.201603 
  8.190705 
  8.185256 
  8.189927 
  8.188370 
  8.201603 
  8.192262 
  8.176694 
  8.196932 
  8.195375 
  8.182143 
  8.191484 
  8.207051 
  8.179808 
  8.195375 
  8.197711 
  8.189148 
  8.206273 
  8.199267 
  8.213278 
  8.200046 
  8.203938 
  8.190705 
  8.191484 
  8.200046 
  8.183700 
  8.196154 
  8.182143 
  8.189927 
  8.208608 
  8.205495 
  8.221062 
  8.204716 
  8.207830 
  8.183700 
  8.183700 
  8.189927 
  8.205495 
  8.193040 
  8.192262 
  8.202381 
  8.197711 
  8.187592 
  8.193040 
  8.187592 
  8.179808 
  8.179808 
  8.180586 
  8.163462 
  8.160348 
  8.192262 
  8.180586 
  8.194597 
  8.182921 
  8.183700 
  8.186813 
  8.190705 
  8.207830 
  8.204716 
  8.200824 
  8.194597 
  8.182921 
  8.195375 
  8.199267 
  8.195375 
  8.202381 
  8.173581 
  8.189927 
  8.194597 
  8.191484 
  8.154899 
  8.161905 
  8.150229 
  8.196932 
  8.193040 
  8.187592 
  8.179808 
  8.196932 
  8.180586 
  8.194597 
  8.175916 
  8.195375 
  8.185256 
  8.193040 
  8.193040 
  8.181364 
  8.164240 
  8.181364 
  8.171245 
  8.185256 
  8.175916 
  8.159570 
  8.174359 
  8.158791 
  8.172802 
  8.179808 
  8.168910 
  8.179029 
  8.187592 
  8.181364 
  8.192262 
  8.202381 
  8.203159 
  8.184478 
  8.193819 
  8.183700 
  8.187592 
  8.194597 
  8.179808 
  8.189148 
  8.168132 
  8.171245 
  8.182921 
  8.173581 
  8.185256 
  8.186813 
  8.189927 
  8.204716 
  8.195375 
  8.197711 
  8.192262 
  8.191484 
  8.168910 
  8.186035 
  8.165797 
  8.161905 
  8.190705 
  8.172802 
  8.198489 
  8.210165 
  8.203938 
  8.205495 
  8.214057 
  8.212500 
  8.179808 
  8.193040 
  8.189148 
  8.189148 
  8.168910 
  8.185256 
  8.200824 
  8.185256 
  8.220284 
  8.207830 
  8.209386 
  8.200824 
  8.203159 
  8.173581 
  8.179808 
  8.190705 
  8.210165 
  8.214835 
  8.203159 
  8.215614 
  8.203159 
  8.183700 
  8.186035 
  8.235073 
  8.171245 
  8.175137 
  8.193819 
  8.181364 
  8.175916 
  8.178251 
  8.192262 
  8.193040 
  8.187592 
  8.188370 
  8.201603 
  8.174359 
  8.160348 
  8.166575 
  8.183700 
  8.198489 
  8.187592 
  8.170467 
  8.158791 
  8.180586 
  8.195375 
  8.194597 
  8.206273 
  8.196154 
  8.178251 
  8.181364 
  8.175916 
  8.165797 
  8.193040 
  8.174359 
  8.179029 
  8.172024 
  8.165018 
  8.162683 
  8.172802 
  8.193040 
  8.191484 
  8.196932 
  8.182143 
  8.176694 
  8.170467 
  8.166575 
  8.188370 
  8.178251 
  8.175916 
  8.179808 
  8.184478 
  8.198489 
  8.191484 
  8.183700 
  8.200046 
  8.192262 
  8.187592 
  8.187592 
  8.171245 
  8.167353 
  8.156456 
  8.172024 
  8.153342 
  8.161905 
  8.154899 
  8.176694 
  8.193040 
  8.170467 
  8.184478 
  8.187592 
  8.180586 
  8.183700 
  8.169689 
  8.194597 
  8.195375 
  8.185256 
  8.195375 
  8.186035 
  8.182143 
  8.191484 
  8.197711 
  8.192262 
  8.172802 
  8.139332 
  8.157234 
  8.196932 
  8.186813 
  8.159570 
  8.172024 
  8.189927 
  8.193819 
  8.221062 
  8.195375 
  8.185256 
  8.188370 
  8.216392 
  8.210165 
  8.193040 
  8.196932 
  8.182143 
  8.187592 
  8.178251 
  8.200046 
  8.191484 
  8.217949 
  8.191484 
  8.189927 
  8.203159 
  8.188370 
  8.187592 
  8.181364 
  8.188370 
  8.199267 
  8.188370 
  8.203938 
  8.191484 
  8.174359 
  8.186813 
  8.169689 
  8.196154 
  8.189148 
  8.210943 
  8.219505 
  8.219505 
  8.210165 
  8.229625 
  8.203159 
  8.201603 
  8.197711 
  8.186813 
  8.190705 
  8.174359 
  8.175137 
  8.181364 
  8.193040 
  8.201603 
  8.193040 
  8.193819 
  8.205495 
  8.204716 
  8.212500 
  8.221062 
  8.217949 
  8.216392 
  8.196932 
  8.196154 
  8.186813 
  8.180586 
  8.183700 
  8.186813 
  8.178251 
  8.174359 
  8.178251 
  8.186035 
  8.211722 
  8.207830 
  8.205495 
  8.199267 
  8.213278 
  8.193040 
  8.210165 
  8.219505 
  8.220284 
  8.206273 
  8.196154 
  8.189927 
  8.188370 
  8.185256 
  8.187592 
  8.216392 
  8.206273 
  8.229625 
  8.223397 
  8.204716 
  8.200046 
  8.224176 
  8.217949 
  8.193040 
  8.193819 
  8.207051 
  8.189148 
  8.195375 
  8.217949 
  8.217949 
  8.200824 
  8.215614 
  8.210165 
  8.200046 
  8.252976 
  8.200824 
  8.217949 
  8.200046 
  8.202381 
  8.223397 
  8.214835 
  8.201603 
  8.210943 
  8.200046 
  8.199267 
  8.200046 
  8.196154 
  8.232738 
  8.202381 
  8.237408 
  8.213278 
  8.221841 
  8.215614 
  8.210943 
  8.198489 
  8.210165 
  8.218727 
  8.208608 
  8.214835 
  8.213278 
  8.220284 
  8.213278 
  8.224176 
  8.222619 
  8.227289 
  8.193819 
  8.193819 
  8.196932 
  8.203938 
  8.205495 
  8.199267 
  8.204716 
  8.217170 
  8.215614 
  8.226511 
  8.211722 
  8.225733 
  8.204716 
  8.192262 
  8.198489 
  8.228068 
  8.200046 
  8.183700 
  8.204716 
  8.198489 
  8.209386 
  8.225733 
  8.214835 
  8.223397 
  8.210165 
  8.201603 
  8.204716 
  8.196932 
  8.193819 
  8.197711 
  8.188370 
  8.210165 
  8.204716 
  8.191484 
  8.196154 
  8.195375 
  8.192262 
  8.201603 
  8.188370 
  8.195375 
  8.173581 
  8.183700 
  8.166575 
  8.182143 
  8.196154 
  8.197711 
  8.201603 
  8.214835 
  8.201603 
  8.215614 
  8.206273 
  8.196932 
  8.209386 
  8.193819 
  8.207051 
  8.181364 
  8.203938 
  8.176694 
  8.191484 
  8.188370 
  8.193040 
  8.199267 
  8.203159 
  8.217949 
  8.203938 
  8.211722 
  8.203159 
  8.186035 
  8.195375 
  8.196154 
  8.200046 
  8.184478 
  8.201603 
  8.187592 
  8.183700 
  8.200046 
  8.183700 
  8.182921 
  8.184478 
  8.188370 
  8.174359 
  8.154121 
  8.189927 
  8.181364 
  8.206273 
  8.203938 
  8.201603 
  8.196932 
  8.193040 
  8.200046 
  8.191484 
  8.197711 
  8.182921 
  8.190705 
  8.179808 
  8.193819 
  8.194597 
  8.202381 
  8.186813 
  8.193819 
  8.195375 
  8.198489 
  8.200046 
  8.147894 
  8.150229 
  8.188370 
  8.197711 
  8.185256 
  8.191484 
  8.179808 
  8.168910 
  8.193819 
  8.173581 
  8.181364 
  8.187592 
  8.191484 
  8.186035 
  8.194597 
  8.170467 
  8.185256 
  8.173581 
  8.176694 
  8.188370 
  8.161126 
  8.177473 
  8.153342 
  8.165797 
  8.174359 
  8.172802 
  8.172024 
  8.195375 
  8.179808 
  8.183700 
  8.191484 
  8.192262 
  8.198489 
  8.193819 
  8.200046 
  8.189927 
  8.185256 
  8.186813 
  8.177473 
  8.182143 
  8.165018 
  8.175137 
  8.182921 
  8.181364 
  8.170467 
  8.173581 
  8.196154 
  8.218727 
  8.197711 
  8.193819 
  8.193819 
  8.193040 
  8.194597 
  8.183700 
  8.163462 
  8.188370 
  8.189148 
  8.177473 
  8.196932 
  8.184478 
  8.193040 
  8.208608 
  8.199267 
  8.189927 
  8.220284 
  8.201603 
  8.190705 
  8.179029 
  8.201603 
  8.175137 
  8.181364 
  8.184478 
  8.182921 
  8.196932 
  8.203159 
  8.219505 
  8.207830 
  8.220284 
  8.226511 
  8.199267 
  8.202381 
  8.187592 
  8.163462 
  8.196154 
  8.200046 
  8.210165 
  8.216392 
  8.210165 
  8.213278 
  8.214057 
  8.215614 
  8.200046 
  8.194597 
  8.158791 
  8.182143 
  8.228068 
  8.213278 
  8.216392 
  8.217949 
  8.215614 
  8.168132 
  8.185256 
  8.216392 
  8.209386 
  8.230403 
  8.203159 
  8.189148 
  8.168132 
  8.168132 
  8.192262 
  8.200046 
  8.202381 
  8.185256 
  8.200046 
  8.211722 
  8.191484 
  8.178251 
  8.186035 
  8.187592 
  8.189927 
  8.199267 
  8.182921 
  8.196932 
  8.168132 
  8.198489 
  8.186035 
  8.191484 
  8.205495 
  8.195375 
  8.170467 
  8.195375 
  8.161126 
  8.183700 
  8.181364 
  8.190705 
  8.178251 
  8.179808 
  8.177473 
  8.179808 
  8.168910 
  8.201603 
  8.177473 
  8.196154 
  8.207051 
  8.191484 
  8.201603 
  8.185256 
  8.165797 
  8.188370 
  8.167353 
  8.163462 
  8.165797 
  8.179808 
  8.187592 
  8.182921 
  8.175916 
  8.179029 
  8.165018 
  8.186813 
  8.195375 
  8.182143 
  8.200824 
  8.175916 
  8.175916 
  8.175916 
  8.165797 
  8.177473 
  8.181364 
  8.185256 
  8.187592 
  8.190705 
  8.194597 
  8.189927 
  8.179808 
  8.179029 
  8.170467 
  8.196932 
  8.166575 
  8.178251 
  8.158791 
  8.174359 
  8.183700 
  8.171245 
  8.165018 
  8.167353 
  8.174359 
  8.191484 
  8.158791 
  8.189927 
  8.177473 
  8.180586 
  8.210943 
  8.208608 
  8.189927 
  8.192262 
  8.196932 
  8.186813 
  8.189927 
  8.141667 
  8.145559 
  8.183700 
  8.180586 
  8.156456 
  8.175137 
  8.189927 
  8.182143 
  8.219505 
  8.212500 
  8.187592 
  8.206273 
  8.221062 
  8.237408 
  8.200046 
  8.210943 
  8.183700 
  8.186035 
  8.184478 
  8.174359 
  8.185256 
  8.200824 
  8.198489 
  8.192262 
  8.195375 
  8.187592 
  8.200824 
  8.180586 
  8.189148 
  8.210165 
  8.202381 
  8.214057 
  8.200824 
  8.175916 
  8.200046 
  8.179029 
  8.175137 
  8.169689 
  8.190705 
  8.203938 
  8.216392 
  8.204716 
  8.224176 
  8.207051 
  8.214835 
  8.209386 
  8.194597 
  8.193040 
  8.191484 
  8.188370 
  8.197711 
  8.189927 
  8.205495 
  8.197711 
  8.185256 
  8.193040 
  8.192262 
  8.201603 
  8.211722 
  8.210165 
  8.208608 
  8.202381 
  8.198489 
  8.176694 
  8.174359 
  8.193040 
  8.189927 
  8.196154 
  8.176694 
  8.170467 
  8.173581 
  8.207830 
  8.208608 
  8.212500 
  8.207051 
  8.230403 
  8.204716 
  8.206273 
  8.225733 
  8.228068 
  8.203938 
  8.219505 
  8.198489 
  8.201603 
  8.182921 
  8.182921 
  8.201603 
  8.189927 
  8.210943 
  8.244414 
  8.215614 
  8.194597 
  8.228068 
  8.219505 
  8.206273 
  8.214057 
  8.188370 
  8.201603 
  8.193819 
  8.194597 
  8.210165 
  8.219505 
  8.218727 
  8.227289 
  8.196154 
  8.265430 
  8.210165 
  8.203159 
  8.198489 
  8.186035 
  8.201603 
  8.214835 
  8.228068 
  8.208608 
  8.220284 
  8.195375 
  8.200824 
  8.179029 
  8.230403 
  8.193040 
  8.231181 
  8.198489 
  8.210165 
  8.194597 
  8.202381 
  8.200046 
  8.207051 
  8.230403 
  8.242857 
  8.231181 
  8.225733 
  8.193819 
  8.183700 
  8.198489 
  8.196932 
  8.210943 
  8.187592 
  8.201603 
  8.203938 
  8.205495 
  8.233516 
  8.217170 
  8.228068 
  8.220284 
  8.202381 
  8.189927 
  8.221062 
  8.196154 
  8.190705 
  8.194597 
  8.180586 
  8.190705 
  8.221841 
  8.203938 
  8.230403 
  8.203159 
  8.217170 
  8.213278 
  8.211722 
  8.194597 
  8.195375 
  8.174359 
  8.196154 
  8.195375 
  8.187592 
  8.182921 
  8.179808 
  8.174359 
  8.199267 
  8.177473 
  8.203938 
  8.184478 
  8.203159 
  8.188370 
  8.197711 
  8.203159 
  8.188370 
  8.198489 
  8.197711 
  8.217170 
  8.213278 
  8.201603 
  8.196932 
  8.201603 
  8.204716 
  8.195375 
  8.196932 
  8.201603 
  8.189148 
  8.207051 
  8.192262 
  8.189927 
  8.201603 
  8.199267 
  8.216392 
  8.217949 
  8.207830 
  8.201603 
  8.181364 
  8.182143 
  8.194597 
  8.217170 
  8.192262 
  8.193819 
  8.196932 
  8.200046 
  8.182143 
  8.187592 
  8.175137 
  8.179029 
  8.190705 
  8.189927 
  8.140110 
  8.182143 
  8.196932 
  8.197711 
  8.199267 
  8.214835 
  8.217949 
  8.207830 
  8.215614 
  8.214835 
  8.209386 
  8.182143 
  8.175916 
  8.173581 
  8.192262 
  8.185256 
  8.196932 
  8.161126 
  8.184478 
  8.190705 
  8.194597 
  8.168910 
  8.146337 
  8.133883 
  8.198489 
  8.203159 
  8.200046 
  8.207051 
  8.196932 
  8.185256 
  8.203938 
  8.169689 
  8.179808 
  8.191484 
  8.175137 
  8.158013 
  8.172024 
  8.165018 
  8.174359 
  8.171245 
  8.183700 
  8.178251 
  8.176694 
  8.189927 
  8.173581 
  8.189148 
  8.188370 
  8.189148 
  8.178251 
  8.200046 
  8.179808 
  8.168910 
  8.202381 
  8.186035 
  8.162683 
  8.174359 
  8.181364 
  8.189927 
  8.190705 
  8.189927 
  8.186035 
  8.201603 
  8.189927 
  8.196154 
  8.179029 
  8.171245 
  8.188370 
  8.182143 
  8.191484 
  8.190705 
  8.173581 
  8.179029 
  8.184478 
  8.168910 
  8.184478 
  8.181364 
  8.173581 
  8.198489 
  8.191484 
  8.186035 
  8.215614 
  8.203159 
  8.200824 
  8.191484 
  8.181364 
  8.182921 
  8.200046 
  8.203159 
  8.199267 
  8.182143 
  8.196154 
  8.186813 
  8.190705 
  8.191484 
  8.198489 
  8.207830 
  8.197711 
  8.204716 
  8.190705 
  8.216392 
  8.224176 
  8.216392 
  8.219505 
  8.196154 
  8.185256 
  8.204716 
  8.209386 
  8.196932 
  8.213278 
  8.200046 
  8.189927 
  8.210165 
  8.210165 
  8.212500 
  8.216392 
  8.202381 
  8.189927 
  8.217949 
  8.212500 
  8.182921 
  8.206273 
  8.211722 
  8.203159 
  8.194597 
  8.201603 
  8.194597 
  8.190705 
  8.189148 
  8.178251 
  8.184478 
  8.189927 
  8.168132 
  8.172024 
  8.191484 
  8.196932 
  8.195375 
  8.194597 
  8.184478 
  8.196154 
  8.177473 
  8.205495 
  8.200046 
  8.197711 
  8.188370 
  8.203159 
  8.185256 
  8.201603 
  8.181364 
  8.204716 
  8.185256 
  8.189148 
  8.182921 
  8.177473 
  8.175137 
  8.194597 
  8.170467 
  8.179029 
  8.185256 
  8.185256 
  8.184478 
  8.182921 
  8.186813 
  8.187592 
  8.179808 
  8.200046 
  8.193040 
  8.200046 
  8.186035 
  8.193040 
  8.182921 
  8.176694 
  8.173581 
  8.167353 
  8.173581 
  8.175137 
  8.175137 
  8.187592 
  8.182143 
  8.179808 
  8.169689 
  8.174359 
  8.179029 
  8.192262 
  8.176694 
  8.182143 
  8.183700 
  8.172802 
  8.177473 
  8.181364 
  8.165018 
  8.185256 
  8.181364 
