  8.698214 
  8.729350 
  8.715339 
  8.702885 
  8.727793 
  8.699771 
  8.713004 
  8.704441 
  8.701328 
  8.710668 
  8.741026 
  8.722344 
  8.709112 
  8.691209 
  8.723123 
  8.703663 
  8.726236 
  8.720009 
  8.722344 
  8.727793 
  8.730128 
  8.709112 
  8.719231 
  8.704441 
  8.726236 
  8.725458 
  8.714560 
  8.707555 
  8.732463 
  8.739469 
  8.753480 
  8.733242 
  8.725458 
  8.724679 
  8.718452 
  8.723901 
  8.729350 
  8.726236 
  8.726236 
  8.737134 
  8.733242 
  8.737134 
  8.728571 
  8.738690 
  8.730128 
  8.738690 
  8.748810 
  8.727015 
  8.759707 
  8.754258 
  8.737134 
  8.758929 
  8.736355 
  8.757372 
  8.744918 
  8.746474 
  8.726236 
  8.742582 
  8.735577 
  8.715339 
  8.741026 
  8.727015 
  8.735577 
  8.739469 
  8.756593 
  8.737912 
  8.755815 
  8.750366 
  8.761264 
  8.730907 
  8.768269 
  8.728571 
  8.730128 
  8.769048 
  8.737134 
  8.737134 
  8.739469 
  8.755815 
  8.747253 
  8.747253 
  8.723901 
  8.723123 
  8.753480 
  8.739469 
  8.753480 
  8.741804 
  8.734020 
  8.733242 
  8.750366 
  8.721566 
  8.733242 
  8.725458 
  8.745696 
  8.720009 
  8.733242 
  8.723123 
  8.733242 
  8.726236 
  8.753480 
  8.741804 
  8.723123 
  8.727015 
  8.713004 
  8.736355 
  8.729350 
  8.730907 
  8.741026 
  8.741026 
  8.713004 
  8.729350 
  8.736355 
  8.734799 
  8.748810 
  8.713782 
  8.727793 
  8.732463 
  8.716117 
  8.710668 
  8.706777 
  8.711447 
  8.741804 
  8.723901 
  8.741026 
  8.737134 
  8.706777 
  8.733242 
  8.700549 
  8.730907 
  8.736355 
  8.711447 
  8.682647 
  8.684203 
  8.688095 
  8.695101 
  8.730128 
  8.698993 
  8.678755 
  8.698214 
  8.698214 
  8.699771 
  8.698214 
  8.716117 
  8.705998 
  8.716896 
  8.692766 
  8.703663 
  8.695101 
  8.709112 
  8.717674 
  8.717674 
  8.703663 
  8.721566 
  8.723901 
  8.708333 
  8.713004 
  8.713782 
  8.725458 
  8.713782 
  8.720009 
  8.734020 
  8.708333 
  8.718452 
  8.721566 
  8.732463 
  8.723123 
  8.718452 
  8.744139 
  8.738690 
  8.736355 
  8.745696 
  8.750366 
  8.723123 
  8.719231 
  8.728571 
  8.748031 
  8.723123 
  8.726236 
  8.736355 
  8.754258 
  8.726236 
  8.732463 
  8.751145 
  8.723123 
  8.754258 
  8.740247 
  8.741804 
  8.739469 
  8.747253 
  8.744139 
  8.729350 
  8.746474 
  8.741026 
  8.734799 
  8.709112 
  8.747253 
  8.744139 
  8.744139 
  8.754258 
  8.752701 
  8.758150 
  8.747253 
  8.769048 
  8.752701 
  8.750366 
  8.785394 
  8.751145 
  8.746474 
  8.759707 
  8.756593 
  8.749588 
  8.748031 
  8.755037 
  8.751923 
  8.756593 
  8.734020 
  8.742582 
  8.738690 
  8.765156 
  8.753480 
  8.761264 
  8.744918 
  8.730907 
  8.753480 
  8.753480 
  8.740247 
  8.724679 
  8.746474 
  8.737134 
  8.746474 
  8.747253 
  8.737134 
  8.716896 
  8.756593 
  8.726236 
  8.732463 
  8.731685 
  8.735577 
  8.723901 
  8.737134 
  8.735577 
  8.728571 
  8.722344 
  8.725458 
  8.723123 
  8.717674 
  8.714560 
  8.728571 
  8.719231 
  8.722344 
  8.726236 
  8.717674 
  8.716117 
  8.720788 
  8.720009 
  8.705998 
  8.715339 
  8.723901 
  8.699771 
  8.720009 
  8.723901 
  8.718452 
  8.727793 
  8.731685 
  8.714560 
  8.720788 
  8.712225 
  8.733242 
  8.714560 
  8.709112 
  8.713782 
  8.705220 
  8.704441 
  8.705220 
  8.718452 
  8.713782 
  8.688095 
  8.726236 
  8.727793 
  8.691987 
  8.722344 
  8.690430 
  8.700549 
  8.695101 
  8.699771 
  8.673306 
  8.703663 
  8.698993 
  8.702885 
  8.693544 
  8.702106 
  8.698993 
  8.708333 
  8.711447 
  8.705220 
  8.693544 
  8.713782 
  8.693544 
  8.699771 
  8.720009 
  8.709112 
  8.698214 
  8.688095 
  8.697436 
  8.701328 
  8.706777 
  8.721566 
  8.707555 
  8.717674 
  8.713782 
  8.720788 
  8.720788 
  8.697436 
  8.698993 
  8.703663 
  8.722344 
  8.730907 
  8.713782 
  8.715339 
  8.734020 
  8.733242 
  8.734799 
  8.723901 
  8.715339 
  8.740247 
  8.724679 
  8.733242 
  8.740247 
  8.741026 
  8.738690 
  8.734799 
  8.725458 
  8.739469 
  8.718452 
  8.741026 
  8.748810 
  8.745696 
  8.744139 
  8.745696 
  8.736355 
  8.746474 
  8.740247 
  8.752701 
  8.741804 
  8.744139 
  8.758929 
  8.759707 
  8.745696 
  8.730907 
  8.729350 
  8.731685 
  8.756593 
  8.745696 
  8.754258 
  8.725458 
  8.750366 
  8.756593 
  8.741804 
  8.761264 
  8.746474 
  8.747253 
  8.750366 
  8.759707 
  8.741804 
  8.729350 
  8.755037 
  8.763599 
  8.739469 
  8.737912 
  8.744139 
  8.753480 
  8.758929 
  8.748031 
  8.755815 
  8.761264 
  8.758150 
  8.760485 
  8.750366 
  8.751145 
  8.724679 
  8.741804 
  8.755037 
  8.755037 
  8.740247 
  8.747253 
  8.735577 
  8.737912 
  8.744139 
  8.739469 
  8.749588 
  8.728571 
  8.751923 
  8.738690 
  8.739469 
  8.734799 
  8.731685 
  8.749588 
  8.730128 
  8.728571 
  8.741804 
  8.746474 
  8.744139 
  8.741026 
  8.723901 
  8.731685 
  8.718452 
  8.723123 
  8.727793 
  8.730128 
  8.739469 
  8.750366 
  8.746474 
  8.734020 
  8.737134 
  8.744139 
  8.730128 
  8.728571 
  8.739469 
  8.721566 
  8.741026 
  8.740247 
  8.757372 
  8.747253 
  8.728571 
  8.732463 
  8.703663 
  8.731685 
  8.735577 
  8.733242 
  8.716896 
  8.716117 
  8.739469 
  8.751923 
  8.712225 
  8.717674 
  8.716117 
  8.705220 
  8.723901 
  8.744139 
  8.753480 
  8.707555 
  8.712225 
  8.702106 
  8.710668 
  8.720009 
  8.709112 
  8.707555 
  8.709112 
  8.686538 
  8.705998 
  8.702106 
  8.709890 
  8.691209 
  8.685760 
  8.681090 
  8.697436 
  8.719231 
  8.709112 
  8.688874 
  8.698214 
  8.710668 
  8.711447 
  8.705998 
  8.679533 
  8.700549 
  8.711447 
  8.705998 
  8.729350 
  8.730128 
  8.719231 
  8.712225 
  8.718452 
  8.716896 
  8.702885 
  8.714560 
  8.704441 
  8.706777 
  8.721566 
  8.728571 
  8.737912 
  8.712225 
  8.716896 
  8.701328 
  8.702106 
  8.716896 
  8.721566 
  8.731685 
  8.720009 
  8.717674 
  8.723901 
  8.733242 
  8.750366 
  8.726236 
  8.708333 
  8.733242 
  8.730907 
  8.708333 
  8.715339 
  8.727015 
  8.735577 
  8.748810 
  8.716117 
  8.727793 
  8.733242 
  8.744139 
  8.727793 
  8.744918 
  8.716896 
  8.734799 
  8.724679 
  8.742582 
  8.734020 
  8.745696 
  8.752701 
  8.743361 
  8.742582 
  8.754258 
  8.734020 
  8.733242 
  8.725458 
  8.732463 
  8.744139 
  8.742582 
  8.748031 
  8.743361 
  8.747253 
  8.731685 
  8.744918 
  8.733242 
  8.748031 
  8.758150 
  8.758150 
  8.732463 
  8.758929 
  8.723123 
  8.742582 
  8.764377 
  8.735577 
  8.755815 
  8.744139 
  8.772161 
  8.765934 
  8.753480 
  8.748810 
  8.752701 
  8.743361 
  8.767491 
  8.779945 
  8.775275 
  8.745696 
  8.753480 
  8.746474 
  8.755037 
  8.762042 
  8.758150 
  8.750366 
  8.739469 
  8.739469 
  8.749588 
  8.756593 
  8.736355 
  8.742582 
  8.763599 
  8.739469 
  8.749588 
  8.748810 
  8.740247 
  8.730907 
  8.741026 
  8.736355 
  8.730907 
  8.727793 
  8.739469 
  8.741026 
  8.737912 
  8.730907 
  8.744139 
  8.737912 
  8.738690 
  8.725458 
  8.737912 
  8.727793 
  8.730128 
  8.737134 
  8.741026 
  8.748810 
  8.717674 
  8.729350 
  8.747253 
  8.734020 
  8.736355 
  8.757372 
  8.737134 
  8.732463 
  8.713782 
  8.735577 
  8.734799 
  8.744918 
  8.744139 
  8.731685 
  8.728571 
  8.745696 
  8.744139 
  8.741804 
  8.722344 
  8.716117 
  8.707555 
  8.715339 
  8.735577 
  8.726236 
  8.726236 
  8.719231 
  8.733242 
  8.742582 
  8.760485 
  8.741804 
  8.726236 
  8.718452 
  8.717674 
  8.737912 
  8.740247 
  8.714560 
  8.716117 
  8.721566 
  8.733242 
  8.732463 
  8.728571 
  8.747253 
  8.749588 
  8.727793 
  8.727793 
  8.762042 
  8.751145 
  8.744918 
  8.709112 
  8.702106 
  8.722344 
  8.688874 
  8.709112 
  8.700549 
  8.717674 
  8.691987 
  8.698214 
  8.707555 
  8.696658 
  8.704441 
  8.716896 
  8.720788 
  8.700549 
  8.707555 
  8.704441 
  8.698214 
  8.713004 
  8.692766 
  8.702106 
  8.686538 
  8.692766 
  8.704441 
  8.713004 
  8.707555 
  8.712225 
  8.730128 
  8.719231 
  8.723123 
  8.709112 
  8.706777 
  8.709112 
  8.718452 
  8.723901 
  8.720788 
  8.713782 
  8.704441 
  8.733242 
  8.709112 
  8.712225 
  8.709890 
  8.722344 
  8.702106 
  8.704441 
  8.700549 
  8.713782 
  8.709112 
  8.706777 
  8.738690 
  8.737134 
  8.723901 
  8.727793 
  8.724679 
  8.716896 
  8.734020 
  8.750366 
  8.735577 
  8.726236 
  8.721566 
  8.736355 
  8.743361 
  8.746474 
  8.744139 
  8.713004 
  8.748031 
  8.737134 
  8.737912 
  8.744918 
  8.729350 
  8.722344 
  8.738690 
  8.724679 
  8.755037 
  8.765934 
  8.744918 
  8.748031 
  8.758150 
  8.755815 
  8.769826 
  8.726236 
  8.744918 
  8.744918 
  8.751923 
  8.743361 
  8.742582 
  8.738690 
  8.744918 
  8.740247 
  8.739469 
  8.737912 
  8.754258 
  8.742582 
  8.729350 
  8.762042 
  8.769048 
  8.754258 
  8.756593 
  8.741026 
  8.759707 
  8.737134 
  8.773718 
  8.754258 
  8.741804 
  8.759707 
  8.744918 
  8.741804 
  8.720788 
  8.760485 
  8.777610 
  8.764377 
  8.736355 
  8.756593 
  8.758929 
  8.735577 
  8.783837 
  8.737912 
  8.741026 
  8.738690 
  8.740247 
  8.752701 
  8.763599 
  8.769826 
  8.754258 
  8.748810 
  8.752701 
  8.755815 
  8.755037 
  8.744139 
  8.764377 
  8.757372 
  8.772940 
  8.769048 
  8.773718 
  8.769048 
  8.757372 
  8.748031 
  8.745696 
  8.766712 
  8.758150 
  8.758929 
  8.748810 
  8.750366 
  8.746474 
  8.764377 
  8.750366 
  8.731685 
  8.765156 
  8.747253 
  8.741804 
  8.725458 
  8.746474 
  8.742582 
  8.740247 
  8.750366 
  8.741804 
  8.733242 
  8.734799 
  8.751145 
  8.734799 
  8.737912 
  8.742582 
  8.734799 
  8.725458 
  8.730128 
  8.737912 
  8.720788 
  8.742582 
  8.762042 
  8.720788 
  8.749588 
  8.707555 
  8.726236 
  8.733242 
  8.734799 
  8.740247 
  8.723123 
  8.734020 
  8.739469 
  8.737912 
  8.742582 
  8.741026 
  8.738690 
  8.737134 
  8.717674 
  8.724679 
  8.707555 
  8.729350 
  8.744139 
  8.727793 
  8.717674 
  8.718452 
  8.744918 
  8.720009 
  8.711447 
  8.725458 
  8.714560 
  8.713004 
  8.723901 
  8.723123 
  8.707555 
  8.688095 
  8.706777 
  8.691987 
  8.680311 
  8.708333 
  8.708333 
  8.689652 
  8.682647 
  8.696658 
  8.702106 
  8.692766 
  8.684982 
  8.689652 
  8.702885 
  8.705998 
  8.721566 
  8.702885 
  8.710668 
  8.703663 
  8.707555 
  8.716896 
  8.713004 
  8.697436 
  8.708333 
  8.709112 
  8.688874 
  8.711447 
  8.723123 
  8.693544 
  8.696658 
  8.709112 
  8.689652 
  8.698214 
  8.708333 
  8.709112 
  8.732463 
  8.716117 
  8.712225 
  8.716896 
  8.719231 
  8.729350 
  8.720009 
  8.705998 
  8.720788 
  8.714560 
  8.720788 
  8.732463 
  8.745696 
  8.730128 
  8.733242 
  8.722344 
  8.731685 
  8.714560 
  8.740247 
  8.745696 
  8.727793 
  8.730128 
  8.734020 
  8.722344 
  8.721566 
  8.739469 
  8.741804 
  8.751923 
  8.743361 
  8.749588 
  8.748810 
  8.732463 
  8.723123 
  8.741804 
  8.751923 
  8.745696 
  8.752701 
  8.735577 
  8.751145 
  8.741026 
  8.737912 
  8.741026 
  8.730128 
  8.748031 
  8.733242 
  8.755815 
  8.735577 
  8.748810 
  8.748031 
  8.723123 
  8.763599 
  8.739469 
  8.736355 
  8.748810 
  8.736355 
  8.724679 
  8.734799 
  8.748810 
  8.751145 
  8.751145 
  8.762821 
  8.748031 
  8.742582 
  8.758929 
  8.723901 
  8.725458 
  8.737134 
  8.736355 
  8.735577 
  8.749588 
  8.722344 
  8.751923 
  8.774496 
  8.742582 
  8.751145 
  8.748810 
  8.749588 
  8.751923 
  8.749588 
  8.764377 
  8.751145 
  8.755815 
  8.782280 
  8.753480 
  8.745696 
  8.759707 
  8.748031 
  8.756593 
  8.767491 
  8.755815 
  8.762042 
  8.755815 
  8.737912 
  8.753480 
  8.750366 
  8.759707 
  8.770604 
  8.739469 
  8.753480 
  8.751923 
  8.746474 
  8.751145 
  8.760485 
  8.755037 
  8.755815 
  8.782280 
  8.765156 
  8.770604 
  8.751145 
  8.754258 
  8.750366 
  8.757372 
  8.754258 
  8.744139 
  8.750366 
  8.731685 
  8.758150 
  8.732463 
  8.748810 
  8.749588 
  8.742582 
  8.748810 
  8.731685 
  8.754258 
  8.734020 
  8.730907 
  8.739469 
  8.722344 
  8.734799 
  8.744918 
  8.723901 
  8.755815 
  8.734799 
  8.744918 
  8.744139 
  8.725458 
  8.739469 
  8.734020 
  8.726236 
  8.727015 
  8.737134 
  8.722344 
  8.751923 
  8.735577 
  8.740247 
  8.718452 
  8.730907 
  8.761264 
  8.720009 
  8.734799 
  8.735577 
  8.730907 
  8.726236 
  8.727793 
  8.714560 
  8.750366 
  8.735577 
  8.731685 
  8.730907 
  8.718452 
  8.730128 
  8.709890 
  8.726236 
  8.724679 
  8.716896 
  8.734020 
  8.703663 
  8.716117 
  8.716117 
  8.710668 
  8.712225 
  8.733242 
  8.741804 
  8.719231 
  8.705220 
  8.701328 
  8.698993 
  8.707555 
  8.730907 
  8.706777 
  8.703663 
  8.722344 
  8.716896 
  8.728571 
  8.705220 
  8.725458 
  8.735577 
  8.715339 
  8.701328 
  8.714560 
  8.691987 
  8.702106 
  8.709112 
  8.692766 
  8.698214 
  8.703663 
  8.701328 
  8.705998 
  8.696658 
  8.702106 
  8.684203 
  8.723123 
  8.716117 
  8.706777 
  8.702106 
  8.707555 
  8.696658 
  8.690430 
  8.699771 
  8.723901 
  8.713782 
  8.705998 
  8.720788 
  8.704441 
  8.727793 
  8.703663 
  8.735577 
  8.727793 
  8.693544 
  8.730128 
  8.703663 
  8.718452 
  8.718452 
  8.701328 
  8.730128 
  8.712225 
  8.723123 
  8.708333 
  8.723123 
  8.723123 
  8.712225 
  8.735577 
  8.743361 
  8.716117 
  8.728571 
  8.709112 
  8.718452 
  8.718452 
  8.740247 
  8.734799 
  8.713004 
  8.711447 
  8.739469 
  8.740247 
  8.737134 
  8.748810 
  8.723901 
  8.722344 
  8.739469 
  8.716896 
  8.737912 
  8.741026 
  8.746474 
  8.727015 
  8.751145 
  8.729350 
  8.731685 
  8.751145 
  8.755815 
  8.758150 
  8.752701 
  8.749588 
  8.747253 
  8.744918 
  8.738690 
  8.753480 
  8.754258 
  8.734020 
  8.749588 
  8.758150 
  8.751923 
  8.748810 
  8.723123 
  8.733242 
  8.742582 
  8.737912 
  8.751923 
  8.727015 
  8.767491 
  8.735577 
  8.750366 
  8.742582 
  8.761264 
  8.747253 
  8.751923 
  8.751923 
  8.749588 
  8.742582 
  8.735577 
  8.744918 
  8.746474 
  8.747253 
  8.748031 
  8.744139 
  8.748810 
  8.772161 
  8.771383 
  8.767491 
  8.783059 
  8.749588 
  8.762042 
  8.769826 
  8.759707 
  8.756593 
  8.770604 
  8.758150 
  8.765934 
  8.763599 
  8.748810 
  8.757372 
  8.753480 
  8.747253 
  8.783059 
  8.765156 
  8.767491 
  8.770604 
  8.762821 
  8.763599 
  8.757372 
  8.756593 
  8.765156 
  8.760485 
  8.762042 
  8.766712 
  8.756593 
  8.763599 
  8.757372 
  8.758929 
  8.753480 
  8.758150 
  8.755037 
  8.747253 
  8.729350 
  8.747253 
  8.752701 
  8.764377 
  8.741804 
  8.744918 
  8.730907 
  8.768269 
  8.727793 
  8.744139 
  8.744918 
  8.727793 
  8.740247 
  8.749588 
  8.734020 
  8.745696 
  8.717674 
  8.748031 
  8.731685 
  8.743361 
  8.755037 
  8.737912 
  8.732463 
  8.727015 
  8.744918 
  8.731685 
  8.763599 
  8.745696 
  8.743361 
  8.731685 
  8.741026 
  8.757372 
  8.723901 
  8.747253 
  8.743361 
  8.738690 
  8.735577 
  8.737912 
  8.743361 
  8.748810 
  8.743361 
  8.732463 
  8.737134 
  8.727015 
  8.733242 
  8.726236 
  8.723901 
  8.725458 
  8.723901 
  8.744918 
  8.733242 
  8.735577 
  8.727793 
  8.717674 
  8.724679 
  8.712225 
  8.729350 
  8.723901 
  8.714560 
  8.701328 
  8.715339 
  8.722344 
  8.736355 
  8.727015 
  8.706777 
  8.712225 
  8.731685 
  8.718452 
  8.719231 
  8.730907 
  8.741804 
  8.695879 
  8.720009 
  8.707555 
  8.727793 
  8.719231 
  8.705998 
  8.710668 
  8.695879 
  8.727015 
  8.703663 
  8.703663 
  8.695101 
  8.704441 
  8.697436 
  8.683425 
  8.706777 
  8.709112 
  8.712225 
  8.709112 
  8.709890 
  8.698993 
  8.711447 
  8.699771 
  8.708333 
  8.707555 
  8.700549 
  8.694322 
  8.698993 
  8.703663 
  8.708333 
  8.707555 
  8.716896 
  8.723901 
  8.720009 
  8.720788 
  8.718452 
  8.706777 
  8.727015 
  8.726236 
  8.709112 
  8.730128 
  8.704441 
  8.713782 
  8.723123 
  8.712225 
  8.722344 
  8.709890 
  8.718452 
  8.703663 
  8.725458 
  8.719231 
  8.709890 
  8.723123 
  8.735577 
  8.729350 
  8.720788 
  8.716896 
  8.716896 
  8.728571 
  8.740247 
  8.730907 
  8.720788 
  8.727793 
  8.738690 
  8.723901 
  8.747253 
  8.748810 
  8.728571 
  8.724679 
  8.737134 
  8.742582 
  8.725458 
  8.757372 
  8.739469 
  8.742582 
  8.757372 
  8.729350 
  8.741804 
  8.752701 
  8.762042 
  8.761264 
  8.742582 
  8.758929 
  8.761264 
  8.737134 
  8.730907 
  8.748810 
  8.743361 
  8.734020 
  8.737912 
  8.752701 
  8.734020 
  8.747253 
  8.722344 
  8.737134 
  8.741804 
  8.744139 
  8.748031 
  8.750366 
  8.750366 
  8.747253 
  8.752701 
  8.760485 
  8.749588 
  8.745696 
  8.748810 
  8.750366 
  8.746474 
  8.752701 
  8.740247 
  8.740247 
  8.744139 
  8.745696 
  8.731685 
  8.743361 
  8.744139 
  8.726236 
  8.751145 
  8.716896 
  8.737912 
  8.746474 
  8.743361 
  8.752701 
  8.741804 
  8.758929 
  8.755037 
  8.744918 
  8.758150 
  8.739469 
  8.753480 
  8.743361 
  8.754258 
  8.773718 
  8.765156 
  8.748031 
  8.757372 
  8.758150 
  8.771383 
  8.762821 
  8.751923 
  8.734020 
  8.755037 
  8.758150 
  8.755037 
  8.765156 
  8.751923 
  8.752701 
  8.777610 
  8.762042 
  8.765934 
  8.752701 
  8.748810 
  8.754258 
  8.767491 
  8.753480 
  8.750366 
  8.766712 
  8.756593 
  8.758929 
  8.758150 
  8.772161 
  8.758929 
  8.744918 
  8.730907 
  8.761264 
  8.762821 
  8.739469 
  8.744139 
  8.757372 
  8.765934 
  8.751145 
  8.765934 
  8.766712 
  8.747253 
  8.731685 
  8.743361 
  8.745696 
  8.730128 
  8.756593 
  8.737134 
  8.732463 
  8.744139 
  8.737912 
  8.741804 
  8.738690 
  8.737134 
  8.719231 
  8.746474 
  8.725458 
  8.725458 
  8.724679 
  8.726236 
  8.733242 
  8.737134 
  8.737912 
  8.709112 
  8.727015 
  8.737912 
  8.744918 
  8.728571 
  8.716896 
  8.724679 
  8.710668 
  8.719231 
  8.719231 
  8.738690 
  8.726236 
  8.719231 
  8.730907 
  8.723123 
  8.720788 
  8.734020 
  8.706777 
  8.748031 
  8.717674 
  8.709112 
  8.727015 
  8.720009 
  8.722344 
  8.707555 
  8.733242 
  8.723901 
  8.713782 
  8.696658 
  8.737912 
  8.692766 
  8.693544 
  8.691209 
  8.718452 
  8.684982 
  8.702885 
  8.703663 
  8.709112 
  8.684982 
  8.690430 
  8.704441 
  8.698214 
  8.697436 
  8.691209 
  8.702106 
  8.713004 
  8.694322 
  8.707555 
  8.718452 
  8.705998 
  8.720009 
  8.709112 
  8.705998 
  8.704441 
  8.696658 
  8.714560 
  8.716896 
  8.711447 
  8.716896 
  8.699771 
  8.702885 
  8.716896 
  8.726236 
  8.716896 
  8.726236 
  8.730907 
  8.717674 
  8.729350 
  8.741026 
  8.739469 
  8.703663 
  8.732463 
  8.727015 
  8.751145 
  8.744918 
  8.742582 
  8.745696 
  8.744918 
  8.748810 
  8.736355 
  8.747253 
  8.730907 
  8.744139 
  8.741804 
  8.728571 
  8.730128 
  8.730128 
  8.742582 
  8.729350 
  8.742582 
  8.727793 
  8.742582 
  8.749588 
  8.734799 
  8.739469 
  8.742582 
  8.743361 
  8.744918 
  8.758150 
  8.748810 
  8.734799 
  8.739469 
  8.727793 
  8.748031 
  8.744139 
  8.719231 
  8.730128 
  8.739469 
  8.751145 
  8.734020 
  8.747253 
  8.730907 
  8.737912 
  8.721566 
  8.742582 
  8.727793 
  8.746474 
  8.748810 
  8.751145 
  8.755037 
  8.767491 
  8.723901 
  8.754258 
  8.766712 
  8.741804 
  8.748810 
  8.741804 
  8.765156 
  8.744918 
  8.765934 
  8.769048 
  8.741804 
  8.742582 
  8.760485 
  8.758150 
  8.758929 
  8.757372 
  8.768269 
  8.756593 
  8.787729 
  8.762821 
  8.768269 
  8.754258 
  8.758150 
  8.765156 
  8.776053 
  8.754258 
  8.751145 
  8.775275 
  8.759707 
  8.773718 
  8.766712 
  8.785394 
  8.767491 
  8.758929 
  8.754258 
  8.769826 
  8.756593 
  8.759707 
  8.757372 
  8.777610 
  8.781502 
  8.773718 
  8.774496 
  8.779945 
  8.776832 
  8.752701 
  8.760485 
  8.754258 
  8.749588 
  8.766712 
  8.766712 
  8.757372 
  8.760485 
  8.754258 
  8.756593 
  8.748810 
  8.760485 
  8.730907 
  8.758929 
  8.735577 
  8.751923 
  8.738690 
  8.751923 
  8.738690 
  8.749588 
  8.771383 
  8.744918 
  8.742582 
  8.731685 
  8.754258 
  8.728571 
  8.743361 
  8.751145 
  8.730128 
  8.734020 
  8.723123 
  8.739469 
  8.748031 
  8.753480 
  8.737134 
  8.745696 
  8.733242 
  8.748810 
  8.730128 
  8.758929 
  8.723123 
  8.727793 
  8.734020 
  8.736355 
  8.749588 
  8.732463 
  8.758929 
  8.755037 
  8.733242 
  8.726236 
  8.725458 
  8.730907 
  8.717674 
  8.722344 
  8.731685 
  8.718452 
  8.741026 
  8.741026 
  8.758150 
  8.707555 
  8.732463 
  8.727793 
  8.733242 
  8.741804 
  8.727015 
  8.725458 
  8.727793 
  8.698214 
  8.715339 
  8.755037 
  8.730907 
  8.716117 
  8.705998 
  8.698993 
  8.713004 
  8.727793 
  8.721566 
  8.691987 
  8.712225 
  8.709112 
  8.702885 
  8.698993 
  8.724679 
  8.711447 
  8.727015 
  8.713782 
  8.731685 
  8.711447 
  8.720009 
  8.718452 
  8.713782 
  8.728571 
  8.698993 
  8.741026 
  8.727015 
  8.720788 
  8.727793 
  8.723901 
  8.699771 
  8.718452 
  8.707555 
  8.712225 
  8.711447 
  8.722344 
  8.723123 
  8.745696 
  8.735577 
  8.719231 
  8.725458 
  8.721566 
  8.737912 
  8.730128 
  8.716117 
  8.726236 
  8.736355 
  8.745696 
  8.734020 
  8.733242 
  8.738690 
  8.730907 
  8.737134 
  8.720009 
  8.744918 
  8.726236 
  8.751923 
  8.753480 
  8.729350 
  8.744918 
  8.741026 
  8.756593 
  8.762042 
  8.755037 
  8.741804 
  8.741026 
  8.748810 
  8.760485 
  8.743361 
  8.744139 
  8.749588 
  8.758929 
  8.748810 
  8.752701 
  8.735577 
  8.745696 
  8.752701 
  8.734020 
  8.742582 
  8.735577 
  8.745696 
  8.762042 
  8.748031 
  8.755815 
  8.762042 
  8.745696 
  8.741026 
  8.762042 
  8.755815 
  8.747253 
  8.749588 
  8.738690 
  8.751145 
  8.748031 
  8.743361 
  8.739469 
  8.748810 
  8.755815 
  8.732463 
  8.758150 
  8.730128 
  8.752701 
  8.755037 
  8.737134 
  8.755815 
  8.741804 
  8.732463 
  8.757372 
  8.749588 
  8.737912 
  8.762042 
  8.752701 
  8.750366 
  8.753480 
  8.764377 
  8.758150 
  8.762821 
  8.769048 
  8.746474 
  8.748810 
  8.762042 
  8.751145 
  8.758150 
  8.764377 
  8.769048 
  8.765156 
  8.776053 
  8.762042 
  8.744139 
  8.772161 
  8.744139 
  8.776053 
  8.752701 
  8.755037 
  8.744918 
  8.764377 
  8.747253 
  8.773718 
  8.785394 
  8.775275 
  8.752701 
  8.743361 
  8.769048 
  8.763599 
  8.758150 
  8.751923 
  8.765156 
  8.765156 
  8.775275 
  8.773718 
  8.770604 
  8.765156 
  8.757372 
  8.759707 
  8.761264 
  8.741804 
  8.767491 
  8.755815 
  8.757372 
  8.769826 
  8.741026 
  8.758929 
  8.748031 
  8.767491 
  8.749588 
  8.744918 
  8.748031 
  8.739469 
  8.751145 
  8.745696 
  8.731685 
  8.749588 
  8.737134 
  8.752701 
  8.751923 
  8.762042 
  8.738690 
  8.758929 
  8.748810 
  8.755815 
  8.754258 
  8.737134 
  8.739469 
  8.734799 
  8.756593 
  8.739469 
  8.752701 
  8.733242 
  8.748810 
  8.747253 
  8.745696 
  8.768269 
  8.731685 
  8.750366 
  8.747253 
  8.720788 
  8.723901 
  8.738690 
  8.741026 
  8.759707 
  8.759707 
  8.750366 
  8.742582 
  8.747253 
  8.755815 
  8.730907 
  8.722344 
  8.712225 
  8.730128 
  8.754258 
  8.743361 
  8.725458 
  8.728571 
  8.734799 
  8.738690 
  8.737134 
  8.739469 
  8.734020 
  8.706777 
  8.728571 
  8.745696 
  8.737134 
  8.729350 
  8.745696 
  8.743361 
  8.736355 
  8.756593 
  8.706777 
  8.713004 
  8.695879 
  8.696658 
  8.716896 
  8.717674 
  8.712225 
  8.701328 
  8.700549 
  8.689652 
  8.705220 
  8.712225 
  8.733242 
  8.707555 
  8.715339 
  8.719231 
  8.701328 
  8.732463 
  8.727015 
  8.708333 
  8.705220 
  8.718452 
  8.712225 
  8.714560 
  8.723901 
  8.731685 
  8.704441 
  8.702885 
  8.699771 
  8.735577 
  8.703663 
  8.720788 
  8.711447 
  8.704441 
  8.713004 
  8.722344 
  8.705220 
  8.710668 
  8.723901 
  8.720009 
  8.723123 
  8.724679 
  8.741804 
  8.707555 
  8.731685 
  8.718452 
  8.719231 
  8.719231 
  8.716896 
  8.723901 
  8.716117 
  8.712225 
  8.729350 
  8.729350 
  8.743361 
  8.742582 
  8.732463 
  8.721566 
  8.728571 
  8.728571 
  8.734799 
  8.751923 
  8.746474 
  8.751145 
  8.741804 
  8.733242 
  8.742582 
  8.762042 
  8.758150 
  8.743361 
  8.751923 
  8.756593 
  8.746474 
  8.734020 
  8.742582 
  8.759707 
  8.741804 
  8.741804 
  8.759707 
  8.771383 
  8.760485 
  8.734799 
  8.741026 
  8.723901 
  8.744918 
  8.731685 
  8.755037 
  8.746474 
  8.755815 
  8.737912 
  8.741026 
  8.766712 
  8.752701 
  8.750366 
  8.754258 
  8.750366 
  8.737134 
  8.743361 
  8.739469 
  8.733242 
  8.751923 
  8.732463 
  8.750366 
  8.757372 
  8.757372 
  8.732463 
  8.741026 
  8.734020 
  8.728571 
  8.752701 
  8.734020 
  8.754258 
  8.751923 
  8.750366 
  8.733242 
  8.756593 
  8.765156 
  8.737134 
  8.730907 
  8.755815 
