  8.302793 
  8.307463 
  8.288782 
  8.306685 
  8.320696 
  8.316804 
  8.316804 
  8.306685 
  8.329258 
  8.317582 
  8.333929 
  8.339377 
  8.335485 
  8.312912 
  8.326145 
  8.322253 
  8.339377 
  8.347161 
  8.344048 
  8.344826 
  8.323810 
  8.305128 
  8.323031 
  8.344048 
  8.316026 
  8.326923 
  8.323810 
  8.327701 
  8.309020 
  8.311355 
  8.331593 
  8.314469 
  8.323031 
  8.324588 
  8.325366 
  8.326145 
  8.337821 
  8.331593 
  8.333150 
  8.312134 
  8.326145 
  8.329258 
  8.297344 
  8.288004 
  8.312134 
  8.325366 
  8.308242 
  8.295788 
  8.302793 
  8.312912 
  8.305907 
  8.290339 
  8.305907 
  8.288004 
  8.305907 
  8.315247 
  8.305907 
  8.309020 
  8.291896 
  8.332372 
  8.326145 
  8.341712 
  8.277885 
  8.284890 
  8.288004 
  8.302015 
  8.295788 
  8.279441 
  8.278663 
  8.266209 
  8.292674 
  8.316026 
  8.343269 
  8.310577 
  8.319139 
  8.295009 
  8.295788 
  8.313690 
  8.304350 
  8.326145 
  8.324588 
  8.327701 
  8.297344 
  8.263095 
  8.310577 
  8.321474 
  8.312134 
  8.310577 
  8.321474 
  8.328480 
  8.316026 
  8.319918 
  8.288782 
  8.298123 
  8.319918 
  8.334707 
  8.334707 
  8.333150 
  8.316026 
  8.317582 
  8.319139 
  8.302015 
  8.299679 
  8.308242 
  8.324588 
  8.344826 
  8.338599 
  8.325366 
  8.315247 
  8.305907 
  8.288782 
  8.291117 
  8.289560 
  8.274771 
  8.314469 
  8.316026 
  8.291117 
  8.284890 
  8.296566 
  8.291896 
  8.307463 
  8.319918 
  8.325366 
  8.309799 
  8.305128 
  8.316026 
  8.328480 
  8.312912 
  8.315247 
  8.286447 
  8.306685 
  8.291117 
  8.307463 
  8.312912 
  8.315247 
  8.321474 
  8.323031 
  8.299679 
  8.280220 
  8.271658 
  8.257647 
  8.303571 
  8.316026 
  8.334707 
  8.318361 
  8.311355 
  8.319139 
  8.295788 
  8.296566 
  8.315247 
  8.319918 
  8.342491 
  8.342491 
  8.325366 
  8.310577 
  8.317582 
  8.324588 
  8.319139 
  8.313690 
  8.319139 
  8.337042 
  8.321474 
  8.309799 
  8.308242 
  8.299679 
  8.300458 
  8.331593 
  8.327701 
  8.299679 
  8.325366 
  8.327701 
  8.298123 
  8.311355 
  8.298123 
  8.298901 
  8.316026 
  8.337821 
  8.347161 
  8.339377 
  8.310577 
  8.284112 
  8.284890 
  8.273993 
  8.308242 
  8.326145 
  8.323031 
  8.298123 
  8.312134 
  8.263095 
  8.285668 
  8.310577 
  8.333929 
  8.308242 
  8.239744 
  8.280998 
  8.351832 
  8.309020 
  8.299679 
  8.305128 
  8.312912 
  8.270101 
  8.262317 
  8.284890 
  8.284112 
  8.288004 
  8.295009 
  8.347940 
  8.326923 
  8.302015 
  8.293452 
  8.282555 
  8.319918 
  8.319139 
  8.304350 
  8.312912 
  8.340156 
  8.326923 
  8.289560 
  8.298123 
  8.317582 
  8.297344 
  8.302015 
  8.288782 
  8.301236 
  8.310577 
  8.330815 
  8.337821 
  8.310577 
  8.315247 
  8.302015 
  8.310577 
  8.324588 
  8.306685 
  8.308242 
  8.305907 
  8.318361 
  8.333150 
  8.324588 
  8.311355 
  8.299679 
  8.302015 
  8.314469 
  8.312912 
  8.277885 
  8.293452 
  8.305128 
  8.280998 
  8.267766 
  8.308242 
  8.303571 
  8.293452 
  8.287225 
  8.294231 
  8.284112 
  8.288004 
  8.319918 
  8.319918 
  8.309799 
  8.330815 
  8.326145 
  8.305907 
  8.319139 
  8.299679 
  8.291117 
  8.283333 
  8.292674 
  8.298123 
  8.313690 
  8.314469 
  8.292674 
  8.286447 
  8.296566 
  8.314469 
  8.288782 
  8.284890 
  8.304350 
  8.328480 
  8.288004 
  8.309020 
  8.304350 
  8.320696 
  8.316804 
  8.320696 
  8.295788 
  8.307463 
  8.314469 
  8.335485 
  8.327701 
  8.326923 
  8.331593 
  8.305907 
  8.297344 
  8.292674 
  8.305907 
  8.319139 
  8.306685 
  8.323810 
  8.331593 
  8.335485 
  8.332372 
  8.314469 
  8.311355 
  8.295009 
  8.304350 
  8.314469 
  8.280998 
  8.304350 
  8.280220 
  8.302793 
  8.307463 
  8.310577 
  8.319918 
  8.330815 
  8.331593 
  8.307463 
  8.318361 
  8.319918 
  8.317582 
  8.326923 
  8.313690 
  8.331593 
  8.327701 
  8.333929 
  8.333929 
  8.323031 
  8.333150 
  8.325366 
  8.323031 
  8.318361 
  8.301236 
  8.331593 
  8.324588 
  8.328480 
  8.309020 
  8.341712 
  8.327701 
  8.299679 
  8.330037 
  8.329258 
  8.309799 
  8.316026 
  8.311355 
  8.302793 
  8.316026 
  8.328480 
  8.330037 
  8.339377 
  8.302015 
  8.298901 
  8.292674 
  8.305907 
  8.312134 
  8.312912 
  8.309020 
  8.279441 
  8.285668 
  8.355723 
  8.291117 
  8.305907 
  8.309020 
  8.314469 
  8.317582 
  8.319918 
  8.298901 
  8.285668 
  8.313690 
  8.330815 
  8.328480 
  8.323810 
  8.297344 
  8.298123 
  8.277885 
  8.305128 
  8.325366 
  8.318361 
  8.302793 
  8.325366 
  8.323810 
  8.319918 
  8.305128 
  8.296566 
  8.283333 
  8.294231 
  8.319918 
  8.340156 
  8.337042 
  8.333150 
  8.328480 
  8.319139 
  8.303571 
  8.305128 
  8.312912 
  8.297344 
  8.294231 
  8.308242 
  8.320696 
  8.311355 
  8.337821 
  8.317582 
  8.314469 
  8.278663 
  8.259982 
  8.295788 
  8.292674 
  8.300458 
  8.300458 
  8.305128 
  8.308242 
  8.314469 
  8.347161 
  8.340934 
  8.338599 
  8.331593 
  8.302793 
  8.290339 
  8.291117 
  8.296566 
  8.316804 
  8.319139 
  8.336264 
  8.323031 
  8.351053 
  8.325366 
  8.302793 
  8.298901 
  8.284112 
  8.292674 
  8.303571 
  8.316804 
  8.321474 
  8.322253 
  8.324588 
  8.309020 
  8.307463 
  8.304350 
  8.309799 
  8.319918 
  8.308242 
  8.330037 
  8.321474 
  8.290339 
  8.280998 
  8.285668 
  8.305907 
  8.299679 
  8.292674 
  8.330815 
  8.293452 
  8.307463 
  8.327701 
  8.357280 
  8.336264 
  8.340934 
  8.306685 
  8.295009 
  8.270879 
  8.308242 
  8.327701 
  8.335485 
  8.337042 
  8.339377 
  8.297344 
  8.302793 
  8.312912 
  8.319918 
  8.317582 
  8.317582 
  8.348718 
  8.346383 
  8.329258 
  8.310577 
  8.301236 
  8.298123 
  8.287225 
  8.302793 
  8.324588 
  8.352610 
  8.345604 
  8.340156 
  8.326923 
  8.325366 
  8.316026 
  8.296566 
  8.285668 
  8.257647 
  8.293452 
  8.302015 
  8.317582 
  8.322253 
  8.332372 
  8.347940 
  8.358837 
  8.330037 
  8.332372 
  8.334707 
  8.316804 
  8.306685 
  8.319139 
  8.330037 
  8.323810 
  8.324588 
  8.351053 
  8.347940 
  8.337042 
  8.307463 
  8.311355 
  8.331593 
  8.317582 
  8.328480 
  8.319918 
  8.319918 
  8.337821 
  8.337821 
  8.338599 
  8.319918 
  8.324588 
  8.319139 
  8.323810 
  8.309799 
  8.309020 
  8.308242 
  8.336264 
  8.325366 
  8.346383 
  8.322253 
  8.277106 
  8.286447 
  8.295009 
  8.309799 
  8.317582 
  8.318361 
  8.298901 
  8.288782 
  8.300458 
  8.264652 
  8.312912 
  8.312134 
  8.301236 
  8.304350 
  8.295788 
  8.292674 
  8.316026 
  8.308242 
  8.305907 
  8.318361 
  8.284112 
  8.255311 
  8.293452 
  8.319918 
  8.312912 
  8.310577 
  8.312134 
  8.304350 
  8.315247 
  8.307463 
  8.302793 
  8.298123 
  8.303571 
  8.301236 
  8.328480 
  8.334707 
  8.340934 
  8.340934 
  8.326923 
  8.309020 
  8.302015 
  8.305128 
  8.304350 
  8.298123 
  8.310577 
  8.305128 
  8.312134 
  8.302015 
  8.318361 
  8.319139 
  8.305907 
  8.271658 
  8.306685 
  8.283333 
  8.286447 
  8.295009 
  8.300458 
  8.295788 
  8.294231 
  8.316804 
  8.320696 
  8.321474 
  8.309020 
  8.337821 
  8.315247 
  8.313690 
  8.306685 
  8.302015 
  8.311355 
  8.319918 
  8.293452 
  8.298901 
  8.297344 
  8.319918 
  8.333150 
  8.328480 
  8.306685 
  8.302015 
  8.296566 
  8.292674 
  8.301236 
  8.278663 
  8.299679 
  8.308242 
  8.328480 
  8.328480 
  8.346383 
  8.318361 
  8.326923 
  8.305128 
  8.266209 
  8.312912 
  8.302793 
  8.299679 
  8.308242 
  8.330815 
  8.329258 
  8.304350 
  8.288004 
  8.291117 
  8.309799 
  8.284890 
  8.316026 
  8.292674 
  8.295788 
  8.314469 
  8.332372 
  8.302793 
  8.301236 
  8.295009 
  8.308242 
  8.313690 
  8.327701 
  8.326923 
  8.325366 
  8.324588 
  8.329258 
  8.266987 
  8.282555 
  8.302015 
  8.314469 
  8.333929 
  8.324588 
  8.327701 
  8.326145 
  8.339377 
  8.333150 
  8.321474 
  8.311355 
  8.296566 
  8.295009 
  8.318361 
  8.333929 
  8.330815 
  8.326145 
  8.325366 
  8.331593 
  8.328480 
  8.324588 
  8.325366 
  8.316026 
  8.304350 
  8.314469 
  8.312912 
  8.332372 
  8.329258 
  8.327701 
  8.330037 
  8.339377 
  8.325366 
  8.339377 
  8.312912 
  8.303571 
  8.323031 
  8.322253 
  8.310577 
  8.307463 
  8.292674 
  8.309020 
  8.322253 
  8.344048 
  8.349496 
  8.339377 
  8.328480 
  8.333150 
  8.332372 
  8.341712 
  8.341712 
  8.341712 
  8.347161 
  8.345604 
  8.340934 
  8.340156 
  8.341712 
  8.336264 
  8.330037 
  8.316026 
  8.336264 
  8.334707 
  8.347940 
  8.345604 
  8.340156 
  8.321474 
  8.328480 
  8.347161 
  8.344048 
  8.333150 
  8.325366 
  8.306685 
  8.316026 
  8.326923 
  8.334707 
  8.314469 
  8.310577 
  8.328480 
  8.323810 
  8.307463 
  8.321474 
  8.305907 
  8.314469 
  8.297344 
  8.303571 
  8.300458 
  8.316026 
  8.311355 
  8.294231 
  8.320696 
  8.302793 
  8.323810 
  8.313690 
  8.255311 
  8.312912 
  8.324588 
  8.312912 
  8.327701 
  8.324588 
  8.289560 
  8.296566 
  8.294231 
  8.285668 
  8.299679 
  8.311355 
  8.299679 
  8.295788 
  8.295788 
  8.294231 
  8.305907 
  8.287225 
  8.279441 
  8.322253 
  8.313690 
  8.304350 
  8.302015 
  8.312912 
  8.307463 
  8.316026 
  8.303571 
  8.319918 
  8.321474 
  8.326145 
  8.291117 
  8.319918 
  8.332372 
  8.323031 
  8.310577 
  8.335485 
  8.300458 
  8.303571 
  8.312134 
  8.323031 
  8.308242 
  8.338599 
  8.330037 
  8.323810 
  8.320696 
  8.317582 
  8.328480 
  8.323031 
  8.322253 
  8.316804 
  8.308242 
  8.305907 
  8.319139 
  8.319139 
  8.335485 
  8.330037 
  8.325366 
  8.311355 
  8.313690 
  8.291117 
  8.267766 
  8.281777 
  8.296566 
  8.302015 
  8.306685 
  8.316804 
  8.314469 
  8.324588 
  8.319139 
  8.351053 
  8.312134 
  8.312134 
  8.304350 
  8.292674 
  8.302793 
  8.304350 
  8.299679 
  8.319139 
  8.314469 
  8.321474 
  8.321474 
  8.316026 
  8.320696 
  8.304350 
  8.298901 
  8.289560 
  8.332372 
  8.340156 
  8.327701 
  8.299679 
  8.305128 
  8.289560 
  8.300458 
  8.291896 
  8.325366 
  8.333929 
  8.310577 
  8.316804 
  8.337042 
  8.317582 
  8.260760 
  8.309020 
  8.307463 
  8.311355 
  8.295788 
  8.319918 
  8.329258 
  8.305128 
  8.296566 
  8.294231 
  8.309020 
  8.315247 
  8.319918 
  8.333929 
  8.340156 
  8.333929 
  8.337821 
  8.322253 
  8.298901 
  8.306685 
  8.309020 
  8.314469 
  8.335485 
  8.329258 
  8.339377 
  8.345604 
  8.314469 
  8.326145 
  8.318361 
  8.307463 
  8.309799 
  8.306685 
  8.295009 
  8.305907 
  8.312912 
  8.334707 
  8.322253 
  8.319918 
  8.325366 
  8.319918 
  8.331593 
  8.326145 
  8.316026 
  8.332372 
  8.340934 
  8.334707 
  8.352610 
  8.354167 
  8.350275 
  8.330815 
  8.322253 
  8.324588 
  8.312134 
  8.314469 
  8.301236 
  8.305128 
  8.324588 
  8.344826 
  8.350275 
  8.323031 
  8.318361 
  8.327701 
  8.326923 
  8.327701 
  8.337821 
  8.298123 
  8.308242 
  8.321474 
  8.328480 
  8.330815 
  8.336264 
  8.345604 
  8.333929 
  8.309020 
  8.319139 
  8.303571 
  8.288782 
  8.300458 
  8.290339 
  8.312912 
  8.288004 
  8.309020 
  8.297344 
  8.324588 
  8.336264 
  8.319918 
  8.309020 
  8.237408 
  8.290339 
  8.310577 
  8.343269 
  8.329258 
  8.312134 
  8.318361 
  8.301236 
  8.331593 
  8.316026 
  8.297344 
  8.305907 
  8.319918 
  8.341712 
  8.321474 
  8.286447 
  8.296566 
  8.295009 
  8.311355 
  8.298901 
  8.307463 
  8.302793 
  8.305907 
  8.313690 
  8.277885 
  8.252198 
  8.241300 
  8.300458 
  8.314469 
  8.283333 
  8.288782 
  8.283333 
  8.307463 
  8.288004 
  8.282555 
  8.273993 
  8.279441 
  8.282555 
  8.301236 
  8.290339 
  8.291896 
  8.319918 
  8.307463 
  8.310577 
  8.294231 
  8.316804 
  8.310577 
  8.296566 
  8.312134 
  8.312912 
  8.315247 
  8.276328 
  8.310577 
  8.321474 
  8.327701 
  8.317582 
  8.328480 
  8.317582 
  8.316026 
  8.307463 
  8.294231 
  8.303571 
  8.322253 
  8.326145 
  8.322253 
  8.330037 
  8.323810 
  8.334707 
  8.306685 
  8.316026 
  8.321474 
  8.302015 
  8.326923 
  8.317582 
  8.309799 
  8.314469 
  8.315247 
  8.304350 
  8.300458 
  8.303571 
  8.302793 
  8.289560 
  8.287225 
  8.297344 
  8.289560 
  8.289560 
  8.298901 
  8.305128 
  8.302793 
  8.300458 
  8.328480 
  8.317582 
  8.324588 
  8.312912 
  8.303571 
  8.305128 
  8.300458 
  8.291117 
  8.300458 
  8.301236 
  8.318361 
  8.313690 
  8.302015 
  8.314469 
  8.314469 
  8.323031 
  8.317582 
  8.303571 
  8.296566 
  8.293452 
  8.307463 
  8.304350 
  8.297344 
  8.302793 
  8.317582 
  8.316026 
  8.329258 
  8.323031 
  8.323031 
  8.304350 
  8.302793 
  8.269322 
  8.280998 
  8.319918 
  8.298901 
  8.303571 
  8.319918 
  8.327701 
  8.286447 
  8.303571 
  8.317582 
  8.281777 
  8.298123 
  8.288782 
  8.331593 
  8.293452 
  8.299679 
  8.310577 
  8.341712 
  8.277106 
  8.337821 
  8.333929 
  8.346383 
  8.311355 
  8.316026 
  8.323031 
  8.332372 
  8.321474 
  8.332372 
  8.302015 
  8.313690 
  8.326145 
  8.331593 
  8.351053 
  8.340934 
  8.323031 
  8.306685 
  8.316026 
  8.323031 
  8.333929 
  8.331593 
  8.304350 
  8.294231 
  8.302793 
  8.328480 
  8.326923 
  8.319918 
  8.319918 
  8.319918 
  8.323031 
  8.326923 
  8.326145 
  8.308242 
  8.305907 
  8.312912 
  8.333929 
  8.302015 
  8.299679 
  8.305907 
  8.299679 
  8.312134 
  8.328480 
  8.326145 
  8.316026 
  8.312134 
  8.316804 
  8.343269 
  8.340156 
  8.363507 
  8.324588 
  8.334707 
  8.341712 
  8.352610 
  8.317582 
  8.323810 
  8.319139 
  8.318361 
  8.316026 
  8.329258 
  8.311355 
  8.347161 
  8.330815 
  8.344048 
  8.363507 
  8.326923 
  8.317582 
  8.319918 
  8.330037 
  8.322253 
  8.308242 
  8.320696 
  8.319139 
  8.328480 
  8.329258 
  8.333150 
  8.325366 
  8.320696 
  8.312912 
  8.309799 
  8.295009 
  8.302793 
  8.302793 
  8.305128 
  8.324588 
  8.300458 
  8.317582 
  8.316026 
  8.309799 
  8.305907 
  8.294231 
  8.314469 
  8.309020 
  8.277885 
  8.304350 
  8.334707 
  8.312912 
  8.326923 
  8.332372 
  8.302015 
  8.329258 
  8.332372 
  8.328480 
  8.264652 
  8.305128 
  8.320696 
  8.309799 
  8.289560 
  8.252976 
  8.271658 
  8.273993 
  8.301236 
  8.305128 
  8.302793 
  8.302015 
  8.278663 
  8.280998 
  8.271658 
  8.294231 
  8.299679 
  8.310577 
  8.291896 
  8.324588 
  8.320696 
  8.317582 
  8.291896 
  8.308242 
  8.309020 
  8.282555 
  8.286447 
  8.298123 
  8.301236 
  8.332372 
  8.337042 
  8.322253 
  8.308242 
  8.315247 
  8.292674 
  8.307463 
  8.330815 
  8.318361 
  8.304350 
  8.303571 
  8.309020 
  8.323031 
  8.309799 
  8.329258 
  8.345604 
  8.337042 
  8.340156 
  8.337821 
  8.316804 
  8.312134 
  8.305907 
  8.289560 
  8.294231 
  8.291117 
  8.283333 
  8.300458 
  8.273993 
  8.294231 
  8.291117 
  8.317582 
  8.335485 
  8.321474 
  8.321474 
  8.314469 
  8.311355 
  8.318361 
  8.311355 
  8.305128 
  8.288782 
  8.292674 
  8.283333 
  8.298123 
  8.310577 
  8.312912 
  8.333150 
  8.326145 
  8.326145 
  8.327701 
  8.329258 
  8.330037 
  8.320696 
  8.307463 
  8.297344 
  8.288782 
  8.297344 
  8.305907 
  8.306685 
  8.304350 
  8.313690 
  8.309799 
  8.319139 
  8.326145 
  8.321474 
  8.312134 
  8.298123 
  8.301236 
  8.267766 
  8.339377 
  8.305907 
  8.301236 
  8.298123 
  8.324588 
  8.298123 
  8.309799 
  8.302015 
  8.300458 
  8.285668 
  8.276328 
  8.291117 
  8.305907 
  8.314469 
  8.283333 
  8.309799 
  8.323031 
  8.318361 
  8.298123 
  8.303571 
  8.299679 
  8.322253 
  8.329258 
  8.336264 
  8.268544 
  8.327701 
  8.319918 
  8.318361 
  8.305907 
  8.312912 
  8.333150 
  8.323810 
  8.321474 
  8.323810 
  8.310577 
  8.318361 
  8.299679 
  8.323031 
  8.334707 
  8.337042 
  8.333929 
  8.316804 
  8.323031 
  8.312912 
  8.324588 
  8.313690 
  8.318361 
  8.316804 
  8.311355 
  8.309020 
  8.320696 
  8.316026 
  8.327701 
  8.325366 
  8.325366 
  8.336264 
  8.337821 
  8.317582 
  8.304350 
  8.304350 
  8.310577 
  8.305907 
  8.312134 
  8.298901 
  8.301236 
  8.296566 
  8.323031 
  8.323031 
  8.327701 
  8.326923 
  8.317582 
  8.337042 
  8.323031 
  8.339377 
  8.336264 
  8.347161 
  8.332372 
  8.335485 
  8.342491 
  8.342491 
  8.345604 
  8.329258 
  8.324588 
  8.314469 
  8.319918 
  8.309020 
  8.325366 
  8.346383 
  8.342491 
  8.319139 
  8.319918 
  8.332372 
  8.325366 
  8.324588 
  8.342491 
  8.313690 
  8.328480 
  8.315247 
  8.316804 
  8.316804 
  8.326145 
  8.323031 
  8.323031 
  8.308242 
  8.318361 
  8.309799 
  8.315247 
  8.313690 
  8.310577 
  8.314469 
  8.291896 
  8.316026 
  8.308242 
  8.312134 
  8.321474 
  8.309020 
  8.280998 
  8.284890 
  8.318361 
  8.340156 
  8.306685 
  8.330037 
  8.340156 
  8.308242 
  8.326923 
  8.305907 
  8.323810 
  8.325366 
  8.319918 
  8.335485 
  8.344826 
  8.314469 
  8.291896 
  8.309799 
  8.325366 
  8.316026 
  8.323031 
  8.313690 
  8.339377 
  8.312134 
  8.289560 
  8.320696 
  8.309020 
  8.302015 
  8.310577 
  8.301236 
  8.301236 
  8.316804 
  8.300458 
  8.305907 
  8.309020 
  8.311355 
  8.316026 
  8.305128 
  8.284890 
  8.236630 
  8.309799 
  8.305128 
  8.310577 
  8.302015 
  8.283333 
  8.312134 
  8.317582 
  8.294231 
  8.302793 
  8.279441 
  8.293452 
  8.302015 
  8.294231 
  8.279441 
  8.285668 
  8.314469 
  8.295009 
  8.316026 
  8.314469 
  8.313690 
  8.315247 
  8.302015 
  8.312134 
  8.321474 
  8.306685 
  8.313690 
  8.316804 
  8.304350 
  8.334707 
  8.311355 
  8.313690 
  8.302015 
  8.309799 
  8.318361 
  8.313690 
  8.323031 
  8.328480 
  8.319918 
  8.320696 
  8.325366 
  8.337821 
  8.328480 
  8.313690 
  8.309799 
  8.334707 
  8.324588 
  8.326145 
  8.322253 
  8.326145 
  8.304350 
  8.338599 
  8.323031 
  8.317582 
  8.288782 
  8.283333 
  8.282555 
  8.292674 
  8.290339 
  8.299679 
  8.307463 
  8.324588 
  8.324588 
  8.322253 
  8.324588 
  8.337821 
  8.302793 
  8.300458 
  8.316804 
  8.307463 
  8.306685 
  8.319139 
  8.309799 
  8.321474 
  8.305128 
  8.294231 
  8.305907 
  8.325366 
  8.319918 
  8.298123 
  8.323031 
  8.301236 
  8.314469 
  8.304350 
  8.302793 
  8.301236 
  8.310577 
  8.312912 
  8.312912 
  8.326923 
  8.331593 
  8.325366 
  8.299679 
  8.306685 
  8.309799 
  8.312134 
  8.312912 
  8.308242 
  8.309020 
  8.284890 
  8.304350 
  8.296566 
  8.316804 
  8.309020 
  8.312134 
  8.314469 
  8.321474 
  8.311355 
  8.325366 
  8.338599 
  8.333150 
  8.336264 
  8.326923 
  8.298901 
  8.316804 
  8.318361 
  8.330037 
  8.312912 
  8.326923 
  8.309799 
  8.319139 
  8.326923 
  8.301236 
  8.326923 
  8.302015 
  8.302015 
  8.330037 
  8.320696 
  8.319918 
  8.309799 
  8.313690 
  8.320696 
  8.329258 
  8.302015 
  8.302793 
  8.307463 
  8.306685 
  8.318361 
  8.284890 
  8.301236 
  8.314469 
  8.316804 
  8.305128 
  8.310577 
  8.295788 
  8.314469 
  8.316026 
  8.292674 
  8.308242 
  8.315247 
  8.316026 
  8.331593 
  8.266209 
  8.302793 
  8.325366 
  8.325366 
  8.317582 
  8.325366 
  8.284112 
  8.313690 
  8.326923 
  8.321474 
  8.325366 
  8.327701 
  8.317582 
  8.311355 
  8.313690 
  8.284890 
  8.299679 
  8.336264 
  8.324588 
  8.324588 
  8.349496 
  8.328480 
  8.305128 
  8.320696 
  8.318361 
  8.294231 
  8.270879 
  8.318361 
  8.314469 
  8.288004 
  8.323031 
  8.321474 
  8.316804 
  8.295009 
  8.293452 
  8.240522 
  8.298123 
  8.298901 
  8.322253 
  8.318361 
  8.291117 
  8.307463 
  8.295009 
  8.289560 
  8.308242 
  8.295788 
  8.299679 
  8.314469 
  8.288782 
  8.291117 
  8.302793 
  8.323810 
  8.309799 
  8.311355 
  8.308242 
  8.316804 
  8.317582 
  8.314469 
  8.318361 
  8.336264 
  8.319918 
  8.325366 
  8.328480 
  8.311355 
  8.329258 
  8.315247 
  8.312912 
  8.304350 
  8.302015 
  8.319139 
  8.319139 
  8.310577 
  8.326923 
  8.330815 
  8.328480 
  8.344048 
  8.340934 
  8.338599 
  8.330037 
  8.305907 
  8.333929 
  8.334707 
  8.322253 
  8.320696 
  8.312912 
  8.308242 
  8.316026 
  8.309799 
  8.324588 
  8.326923 
  8.307463 
  8.288782 
  8.301236 
  8.299679 
  8.295788 
  8.310577 
  8.304350 
  8.303571 
  8.316804 
  8.307463 
  8.337042 
  8.319139 
  8.325366 
  8.314469 
  8.314469 
  8.305907 
  8.303571 
  8.308242 
  8.322253 
  8.317582 
  8.320696 
  8.318361 
  8.338599 
  8.329258 
  8.316026 
  8.304350 
  8.314469 
  8.287225 
  8.304350 
  8.300458 
  8.329258 
  8.323810 
  8.321474 
  8.319139 
  8.302015 
  8.311355 
  8.330815 
  8.326145 
  8.345604 
  8.341712 
  8.343269 
  8.267766 
  8.333929 
  8.335485 
  8.341712 
  8.328480 
  8.319918 
  8.286447 
  8.301236 
  8.335485 
  8.320696 
  8.342491 
  8.323031 
  8.320696 
  8.308242 
  8.291117 
  8.319918 
  8.319139 
  8.326145 
  8.344048 
  8.346383 
  8.332372 
  8.328480 
  8.314469 
  8.298901 
  8.306685 
  8.323031 
  8.322253 
  8.330815 
  8.322253 
  8.326923 
  8.319918 
  8.322253 
  8.305907 
  8.308242 
  8.302793 
  8.318361 
  8.332372 
  8.300458 
  8.305907 
  8.312134 
  8.312134 
  8.315247 
  8.299679 
  8.307463 
  8.307463 
  8.316026 
  8.330037 
  8.316804 
  8.339377 
  8.353388 
  8.338599 
  8.345604 
  8.329258 
  8.334707 
  8.327701 
  8.327701 
  8.325366 
  8.321474 
  8.324588 
  8.317582 
  8.360394 
  8.345604 
  8.354167 
  8.340156 
  8.326145 
  8.325366 
  8.319918 
  8.330815 
  8.309799 
  8.315247 
  8.308242 
  8.319918 
  8.337821 
  8.347940 
  8.332372 
  8.346383 
  8.331593 
  8.319139 
  8.284890 
  8.302793 
  8.302015 
  8.302793 
  8.309799 
  8.298123 
  8.319918 
  8.305128 
  8.314469 
  8.323031 
  8.326923 
  8.301236 
  8.299679 
  8.305907 
  8.231181 
  8.300458 
  8.334707 
  8.340156 
  8.323810 
  8.351053 
  8.287225 
  8.288004 
  8.319918 
  8.292674 
  8.315247 
  8.322253 
  8.324588 
  8.312912 
  8.309799 
  8.275549 
  8.302793 
  8.339377 
  8.355723 
  8.327701 
  8.308242 
  8.311355 
  8.292674 
  8.290339 
  8.301236 
  8.300458 
  8.298901 
  8.338599 
  8.309799 
  8.304350 
  8.303571 
  8.273214 
  8.262317 
  8.273214 
  8.298123 
  8.312912 
  8.315247 
  8.285668 
  8.298123 
  8.302793 
  8.288004 
  8.295788 
  8.279441 
  8.287225 
  8.292674 
  8.293452 
  8.300458 
  8.316026 
  8.316804 
  8.308242 
  8.312134 
  8.297344 
  8.300458 
  8.312912 
  8.305128 
  8.295788 
  8.325366 
  8.326145 
  8.313690 
  8.326145 
  8.323031 
  8.325366 
  8.335485 
  8.330815 
  8.302015 
  8.302015 
  8.309020 
  8.298901 
  8.302793 
  8.338599 
  8.330815 
  8.332372 
  8.333929 
  8.351053 
  8.344826 
  8.334707 
  8.325366 
  8.331593 
  8.324588 
  8.325366 
  8.319139 
  8.314469 
  8.312134 
  8.311355 
  8.312134 
  8.318361 
  8.320696 
  8.311355 
  8.315247 
  8.302793 
  8.305128 
  8.288004 
  8.305907 
  8.309020 
  8.312912 
  8.326923 
  8.300458 
  8.322253 
  8.323031 
  8.338599 
  8.319139 
  8.317582 
  8.311355 
  8.305907 
  8.317582 
  8.309020 
  8.315247 
  8.322253 
  8.318361 
  8.312912 
  8.337042 
  8.340156 
  8.331593 
  8.317582 
  8.303571 
  8.300458 
  8.301236 
  8.316026 
  8.297344 
  8.309020 
  8.337042 
  8.337042 
  8.328480 
  8.335485 
  8.326923 
  8.305128 
  8.310577 
  8.318361 
  8.303571 
  8.334707 
  8.320696 
  8.311355 
  8.316026 
  8.305907 
  8.334707 
  8.325366 
  8.292674 
  8.330815 
  8.337821 
  8.280998 
  8.307463 
  8.317582 
  8.323031 
  8.319918 
  8.322253 
  8.344826 
  8.325366 
  8.321474 
  8.302793 
  8.298901 
  8.331593 
  8.322253 
  8.332372 
  8.332372 
  8.326923 
  8.317582 
  8.315247 
  8.312912 
  8.345604 
  8.330815 
  8.320696 
  8.303571 
  8.319139 
  8.328480 
  8.319139 
  8.316804 
  8.316804 
  8.323810 
  8.302793 
  8.327701 
  8.317582 
  8.340934 
  8.328480 
  8.323031 
  8.321474 
  8.332372 
  8.310577 
  8.310577 
  8.302793 
  8.299679 
  8.314469 
  8.305907 
  8.315247 
  8.308242 
  8.318361 
  8.321474 
  8.333150 
  8.340156 
  8.360394 
  8.363507 
  8.348718 
  8.335485 
  8.341712 
  8.336264 
  8.342491 
  8.326923 
  8.320696 
  8.319139 
  8.312912 
  8.308242 
  8.309799 
  8.338599 
  8.335485 
  8.341712 
  8.326145 
  8.327701 
  8.331593 
  8.320696 
  8.313690 
  8.316026 
  8.313690 
  8.323031 
  8.311355 
  8.312134 
  8.316026 
  8.339377 
  8.320696 
  8.335485 
  8.305907 
  8.311355 
  8.304350 
  8.307463 
  8.305128 
  8.307463 
  8.295788 
  8.316026 
  8.317582 
  8.316026 
  8.325366 
  8.314469 
  8.321474 
  8.309020 
  8.267766 
  8.319139 
  8.317582 
  8.298123 
  8.324588 
  8.335485 
  8.304350 
  8.348718 
  8.326145 
  8.313690 
  8.323031 
  8.322253 
  8.310577 
  8.316026 
  8.316804 
  8.302015 
  8.319918 
  8.315247 
  8.333929 
  8.323031 
  8.305907 
  8.297344 
  8.305128 
  8.323031 
  8.291896 
