  8.821978 
  8.818086 
  8.836767 
  8.837546 
  8.836767 
  8.802518 
  8.809524 
  8.823535 
  8.835989 
  8.815751 
  8.840659 
  8.823535 
  8.846108 
  8.834432 
  8.817308 
  8.814973 
  8.814973 
  8.815751 
  8.826648 
  8.818864 
  8.835989 
  8.842216 
  8.834432 
  8.825870 
  8.821200 
  8.826648 
  8.818086 
  8.843773 
  8.825870 
  8.820421 
  8.814973 
  8.804853 
  8.818086 
  8.804075 
  8.824313 
  8.811081 
  8.798626 
  8.824313 
  8.807189 
  8.825092 
  8.826648 
  8.813416 
  8.800962 
  8.804853 
  8.824313 
  8.785394 
  8.795513 
  8.825870 
  8.800962 
  8.800183 
  8.805632 
  8.792399 
  8.800962 
  8.814194 
  8.807189 
  8.814973 
  8.836767 
  8.829762 
  8.827427 
  8.839103 
  8.820421 
  8.815751 
  8.814194 
  8.827427 
  8.793178 
  8.808745 
  8.793956 
  8.811081 
  8.804853 
  8.820421 
  8.796291 
  8.810302 
  8.814973 
  8.804075 
  8.817308 
  8.810302 
  8.821978 
  8.824313 
  8.807967 
  8.805632 
  8.812637 
  8.810302 
  8.803297 
  8.830540 
  8.823535 
  8.800962 
  8.807967 
  8.795513 
  8.818864 
  8.827427 
  8.797070 
  8.790842 
  8.800183 
  8.832097 
  8.815751 
  8.828205 
  8.799405 
  8.825870 
  8.807189 
  8.818086 
  8.842995 
  8.800962 
  8.818864 
  8.821978 
  8.794734 
  8.830540 
  8.828205 
  8.824313 
  8.809524 
  8.822756 
  8.810302 
  8.804075 
  8.819643 
  8.827427 
  8.800183 
  8.814973 
  8.826648 
  8.825870 
  8.821200 
  8.826648 
  8.811859 
  8.823535 
  8.820421 
  8.814194 
  8.828205 
  8.809524 
  8.804853 
  8.811081 
  8.826648 
  8.818864 
  8.837546 
  8.806410 
  8.812637 
  8.819643 
  8.814973 
  8.831319 
  8.838324 
  8.847665 
  8.835211 
  8.843773 
  8.822756 
  8.850000 
  8.818864 
  8.807189 
  8.817308 
  8.797070 
  8.814973 
  8.828984 
  8.824313 
  8.820421 
  8.821200 
  8.828984 
  8.819643 
  8.824313 
  8.816529 
  8.818086 
  8.835211 
  8.845330 
  8.825870 
  8.837546 
  8.837546 
  8.839881 
  8.826648 
  8.848443 
  8.831319 
  8.827427 
  8.838324 
  8.842995 
  8.842995 
  8.847665 
  8.853892 
  8.827427 
  8.835211 
  8.820421 
  8.853114 
  8.829762 
  8.845330 
  8.850778 
  8.842995 
  8.825870 
  8.839103 
  8.835211 
  8.855449 
  8.844551 
  8.845330 
  8.832875 
  8.848443 
  8.847665 
  8.844551 
  8.838324 
  8.852335 
  8.850000 
  8.834432 
  8.832875 
  8.843773 
  8.834432 
  8.869460 
  8.859341 
  8.853892 
  8.850000 
  8.830540 
  8.825092 
  8.842995 
  8.832097 
  8.828205 
  8.845330 
  8.804075 
  8.832097 
  8.834432 
  8.818086 
  8.834432 
  8.834432 
  8.832097 
  8.843773 
  8.848443 
  8.835989 
  8.835211 
  8.846886 
  8.842995 
  8.850778 
  8.847665 
  8.821200 
  8.855449 
  8.848443 
  8.841438 
  8.813416 
  8.834432 
  8.828205 
  8.831319 
  8.847665 
  8.819643 
  8.815751 
  8.807967 
  8.802518 
  8.814194 
  8.802518 
  8.795513 
  8.822756 
  8.812637 
  8.805632 
  8.827427 
  8.812637 
  8.804075 
  8.825870 
  8.814194 
  8.819643 
  8.828984 
  8.823535 
  8.807189 
  8.819643 
  8.806410 
  8.835989 
  8.826648 
  8.837546 
  8.819643 
  8.818086 
  8.835211 
  8.825870 
  8.839103 
  8.825092 
  8.823535 
  8.825092 
  8.807189 
  8.821200 
  8.825092 
  8.835989 
  8.835211 
  8.810302 
  8.832097 
  8.817308 
  8.816529 
  8.817308 
  8.823535 
  8.828984 
  8.812637 
  8.814194 
  8.811859 
  8.811859 
  8.802518 
  8.816529 
  8.825870 
  8.846108 
  8.820421 
  8.825870 
  8.818864 
  8.828984 
  8.828984 
  8.820421 
  8.811859 
  8.802518 
  8.817308 
  8.804853 
  8.798626 
  8.793178 
  8.809524 
  8.811081 
  8.811859 
  8.814194 
  8.793178 
  8.807189 
  8.809524 
  8.804853 
  8.818864 
  8.819643 
  8.832097 
  8.825092 
  8.808745 
  8.809524 
  8.793178 
  8.811081 
  8.810302 
  8.811859 
  8.815751 
  8.814973 
  8.794734 
  8.797848 
  8.804075 
  8.802518 
  8.809524 
  8.800183 
  8.825870 
  8.804853 
  8.821978 
  8.811859 
  8.806410 
  8.807189 
  8.821978 
  8.797848 
  8.804853 
  8.790064 
  8.802518 
  8.813416 
  8.804853 
  8.806410 
  8.825870 
  8.818864 
  8.818086 
  8.827427 
  8.802518 
  8.831319 
  8.804853 
  8.815751 
  8.800962 
  8.823535 
  8.811081 
  8.814194 
  8.816529 
  8.807967 
  8.846108 
  8.818086 
  8.807189 
  8.797848 
  8.788507 
  8.822756 
  8.809524 
  8.793178 
  8.811081 
  8.807189 
  8.815751 
  8.814973 
  8.795513 
  8.793956 
  8.807189 
  8.805632 
  8.799405 
  8.842216 
  8.811859 
  8.806410 
  8.809524 
  8.800962 
  8.805632 
  8.807189 
  8.811081 
  8.804853 
  8.838324 
  8.821978 
  8.815751 
  8.820421 
  8.834432 
  8.817308 
  8.806410 
  8.821200 
  8.828205 
  8.857005 
  8.800962 
  8.814194 
  8.814973 
  8.813416 
  8.818864 
  8.828205 
  8.776832 
  8.835211 
  8.819643 
  8.815751 
  8.805632 
  8.836767 
  8.816529 
  8.814973 
  8.831319 
  8.807967 
  8.821200 
  8.822756 
  8.825092 
  8.793178 
  8.814973 
  8.814194 
  8.816529 
  8.812637 
  8.825870 
  8.811859 
  8.811859 
  8.832875 
  8.824313 
  8.795513 
  8.816529 
  8.821200 
  8.839103 
  8.813416 
  8.829762 
  8.841438 
  8.838324 
  8.839103 
  8.807189 
  8.824313 
  8.810302 
  8.811081 
  8.806410 
  8.825870 
  8.805632 
  8.832097 
  8.814973 
  8.811081 
  8.814194 
  8.812637 
  8.830540 
  8.832875 
  8.842995 
  8.828984 
  8.818086 
  8.825092 
  8.833654 
  8.826648 
  8.823535 
  8.815751 
  8.799405 
  8.807967 
  8.804853 
  8.831319 
  8.824313 
  8.822756 
  8.828205 
  8.831319 
  8.835211 
  8.821978 
  8.818086 
  8.820421 
  8.832875 
  8.837546 
  8.828205 
  8.820421 
  8.853892 
  8.822756 
  8.830540 
  8.820421 
  8.831319 
  8.834432 
  8.860119 
  8.846108 
  8.833654 
  8.834432 
  8.835211 
  8.834432 
  8.829762 
  8.846108 
  8.839881 
  8.825870 
  8.848443 
  8.835989 
  8.817308 
  8.846108 
  8.833654 
  8.841438 
  8.848443 
  8.853114 
  8.855449 
  8.841438 
  8.836767 
  8.826648 
  8.844551 
  8.838324 
  8.850778 
  8.827427 
  8.852335 
  8.850778 
  8.839103 
  8.826648 
  8.832875 
  8.844551 
  8.836767 
  8.842216 
  8.799405 
  8.823535 
  8.831319 
  8.811081 
  8.841438 
  8.830540 
  8.853892 
  8.825870 
  8.833654 
  8.832875 
  8.828984 
  8.823535 
  8.842216 
  8.846886 
  8.837546 
  8.851557 
  8.837546 
  8.846108 
  8.811081 
  8.860119 
  8.831319 
  8.843773 
  8.849222 
  8.842216 
  8.832097 
  8.827427 
  8.846886 
  8.857784 
  8.875687 
  8.844551 
  8.844551 
  8.874908 
  8.832097 
  8.834432 
  8.836767 
  8.850000 
  8.832875 
  8.842995 
  8.846886 
  8.854670 
  8.861676 
  8.826648 
  8.816529 
  8.827427 
  8.856227 
  8.835211 
  8.853114 
  8.829762 
  8.821200 
  8.821978 
  8.825870 
  8.839103 
  8.844551 
  8.831319 
  8.835211 
  8.819643 
  8.823535 
  8.802518 
  8.811859 
  8.823535 
  8.821200 
  8.828984 
  8.828205 
  8.814194 
  8.782280 
  8.816529 
  8.832097 
  8.835989 
  8.819643 
  8.825092 
  8.828984 
  8.804075 
  8.825870 
  8.800962 
  8.804853 
  8.814973 
  8.807967 
  8.811081 
  8.820421 
  8.800962 
  8.810302 
  8.804853 
  8.808745 
  8.828205 
  8.836767 
  8.838324 
  8.811081 
  8.813416 
  8.802518 
  8.826648 
  8.804853 
  8.828205 
  8.807967 
  8.828205 
  8.817308 
  8.814194 
  8.821978 
  8.820421 
  8.836767 
  8.835989 
  8.827427 
  8.828984 
  8.811081 
  8.821978 
  8.807967 
  8.837546 
  8.811859 
  8.814194 
  8.825870 
  8.809524 
  8.824313 
  8.807967 
  8.822756 
  8.832097 
  8.829762 
  8.833654 
  8.790064 
  8.803297 
  8.801740 
  8.802518 
  8.814194 
  8.835211 
  8.829762 
  8.806410 
  8.837546 
  8.817308 
  8.811859 
  8.822756 
  8.808745 
  8.807967 
  8.818086 
  8.804075 
  8.795513 
  8.807967 
  8.805632 
  8.804853 
  8.806410 
  8.799405 
  8.794734 
  8.799405 
  8.818086 
  8.810302 
  8.804075 
  8.814194 
  8.814194 
  8.829762 
  8.823535 
  8.802518 
  8.819643 
  8.804853 
  8.825870 
  8.810302 
  8.802518 
  8.808745 
  8.796291 
  8.797070 
  8.807189 
  8.812637 
  8.807189 
  8.810302 
  8.798626 
  8.823535 
  8.800962 
  8.806410 
  8.814973 
  8.804853 
  8.821978 
  8.807189 
  8.814194 
  8.806410 
  8.813416 
  8.808745 
  8.820421 
  8.804075 
  8.807967 
  8.812637 
  8.822756 
  8.833654 
  8.818864 
  8.797848 
  8.786172 
  8.816529 
  8.807189 
  8.810302 
  8.821200 
  8.805632 
  8.813416 
  8.822756 
  8.815751 
  8.819643 
  8.804853 
  8.818086 
  8.817308 
  8.797848 
  8.809524 
  8.792399 
  8.801740 
  8.806410 
  8.809524 
  8.818086 
  8.797848 
  8.808745 
  8.793956 
  8.808745 
  8.807967 
  8.804853 
  8.805632 
  8.803297 
  8.804853 
  8.798626 
  8.814194 
  8.806410 
  8.827427 
  8.804075 
  8.817308 
  8.845330 
  8.815751 
  8.807967 
  8.787729 
  8.808745 
  8.803297 
  8.802518 
  8.814973 
  8.807189 
  8.812637 
  8.809524 
  8.808745 
  8.811859 
  8.822756 
  8.825092 
  8.807967 
  8.819643 
  8.816529 
  8.799405 
  8.821978 
  8.817308 
  8.819643 
  8.818086 
  8.815751 
  8.806410 
  8.801740 
  8.810302 
  8.829762 
  8.805632 
  8.842216 
  8.827427 
  8.822756 
  8.807967 
  8.819643 
  8.820421 
  8.815751 
  8.828984 
  8.811859 
  8.827427 
  8.825092 
  8.827427 
  8.811859 
  8.802518 
  8.804853 
  8.818864 
  8.822756 
  8.823535 
  8.818086 
  8.827427 
  8.822756 
  8.829762 
  8.813416 
  8.822756 
  8.827427 
  8.817308 
  8.810302 
  8.835989 
  8.822756 
  8.817308 
  8.823535 
  8.819643 
  8.818864 
  8.822756 
  8.821978 
  8.818864 
  8.803297 
  8.814194 
  8.824313 
  8.818086 
  8.797070 
  8.828984 
  8.819643 
  8.809524 
  8.838324 
  8.854670 
  8.843773 
  8.827427 
  8.847665 
  8.824313 
  8.820421 
  8.829762 
  8.825092 
  8.809524 
  8.803297 
  8.812637 
  8.790842 
  8.821200 
  8.806410 
  8.797070 
  8.830540 
  8.817308 
  8.811859 
  8.825092 
  8.829762 
  8.846886 
  8.841438 
  8.836767 
  8.822756 
  8.821200 
  8.835989 
  8.825092 
  8.814973 
  8.816529 
  8.811859 
  8.828205 
  8.846108 
  8.854670 
  8.840659 
  8.850778 
  8.850778 
  8.832875 
  8.835989 
  8.853114 
  8.852335 
  8.836767 
  8.839103 
  8.831319 
  8.811081 
  8.839103 
  8.831319 
  8.839103 
  8.846886 
  8.840659 
  8.840659 
  8.846886 
  8.835211 
  8.826648 
  8.844551 
  8.839881 
  8.847665 
  8.835211 
  8.833654 
  8.820421 
  8.830540 
  8.835211 
  8.839881 
  8.819643 
  8.841438 
  8.810302 
  8.839103 
  8.847665 
  8.828984 
  8.824313 
  8.833654 
  8.841438 
  8.821978 
  8.825870 
  8.811859 
  8.812637 
  8.808745 
  8.833654 
  8.836767 
  8.841438 
  8.833654 
  8.862454 
  8.835989 
  8.830540 
  8.821978 
  8.815751 
  8.807189 
  8.831319 
  8.847665 
  8.836767 
  8.830540 
  8.830540 
  8.857005 
  8.850000 
  8.848443 
  8.833654 
  8.856227 
  8.842995 
  8.830540 
  8.829762 
  8.840659 
  8.851557 
  8.846108 
  8.863233 
  8.822756 
  8.828984 
  8.839103 
  8.820421 
  8.818086 
  8.819643 
  8.816529 
  8.816529 
  8.828205 
  8.814973 
  8.818086 
  8.832875 
  8.814973 
  8.800183 
  8.811859 
  8.832097 
  8.830540 
  8.835211 
  8.815751 
  8.824313 
  8.834432 
  8.784615 
  8.814973 
  8.813416 
  8.802518 
  8.819643 
  8.795513 
  8.801740 
  8.800962 
  8.817308 
  8.814194 
  8.806410 
  8.826648 
  8.808745 
  8.818086 
  8.807967 
  8.814973 
  8.811859 
  8.819643 
  8.818086 
  8.825870 
  8.809524 
  8.823535 
  8.811859 
  8.817308 
  8.820421 
  8.821200 
  8.836767 
  8.849222 
  8.828205 
  8.811081 
  8.818086 
  8.818086 
  8.808745 
  8.833654 
  8.817308 
  8.814194 
  8.811859 
  8.806410 
  8.811081 
  8.802518 
  8.821978 
  8.829762 
  8.825870 
  8.823535 
  8.811859 
  8.804853 
  8.815751 
  8.820421 
  8.808745 
  8.811859 
  8.802518 
  8.816529 
  8.808745 
  8.803297 
  8.818086 
  8.814194 
  8.804853 
  8.793956 
  8.803297 
  8.811081 
  8.801740 
  8.804853 
  8.809524 
  8.786172 
  8.781502 
  8.797848 
  8.793956 
  8.793956 
  8.812637 
  8.807967 
  8.802518 
  8.806410 
  8.807967 
  8.812637 
  8.827427 
  8.814973 
  8.790842 
  8.798626 
  8.806410 
  8.804075 
  8.793956 
  8.790064 
  8.777610 
  8.778388 
  8.790064 
  8.804853 
  8.807967 
  8.804853 
  8.807967 
  8.806410 
  8.793178 
  8.809524 
  8.814194 
  8.798626 
  8.811081 
  8.792399 
  8.802518 
  8.795513 
  8.794734 
  8.803297 
  8.789286 
  8.801740 
  8.792399 
  8.793956 
  8.812637 
  8.796291 
  8.826648 
  8.811859 
  8.811859 
  8.814194 
  8.800962 
  8.796291 
  8.809524 
  8.800962 
  8.804853 
  8.800183 
  8.792399 
  8.797848 
  8.794734 
  8.795513 
  8.793178 
  8.819643 
  8.820421 
  8.810302 
  8.809524 
  8.787729 
  8.801740 
  8.802518 
  8.807189 
  8.796291 
  8.770604 
  8.794734 
  8.826648 
  8.792399 
  8.802518 
  8.800183 
  8.804853 
  8.821200 
  8.810302 
  8.813416 
  8.790842 
  8.797848 
  8.785394 
  8.793178 
  8.838324 
  8.812637 
  8.811859 
  8.820421 
  8.819643 
  8.827427 
  8.825870 
  8.790842 
  8.813416 
  8.786951 
  8.802518 
  8.793956 
  8.813416 
  8.817308 
  8.831319 
  8.811859 
  8.844551 
  8.814194 
  8.811081 
  8.793178 
  8.810302 
  8.833654 
  8.817308 
  8.825870 
  8.832097 
  8.834432 
  8.816529 
  8.816529 
  8.818086 
  8.823535 
  8.821978 
  8.793956 
  8.812637 
  8.827427 
  8.828984 
  8.828984 
  8.821200 
  8.828984 
  8.822756 
  8.819643 
  8.810302 
  8.800183 
  8.834432 
  8.804075 
  8.795513 
  8.829762 
  8.829762 
  8.839103 
  8.827427 
  8.815751 
  8.817308 
  8.791621 
  8.821978 
  8.835989 
  8.828984 
  8.833654 
  8.811859 
  8.813416 
  8.810302 
  8.838324 
  8.810302 
  8.786172 
  8.831319 
  8.815751 
  8.814973 
  8.825092 
  8.788507 
  8.824313 
  8.821978 
  8.813416 
  8.797848 
  8.792399 
  8.835211 
  8.824313 
  8.821200 
  8.824313 
  8.798626 
  8.819643 
  8.791621 
  8.800962 
  8.808745 
  8.807189 
  8.802518 
  8.828205 
  8.818086 
  8.814194 
  8.829762 
  8.808745 
  8.814973 
  8.793178 
  8.833654 
  8.825092 
  8.808745 
  8.803297 
  8.814973 
  8.817308 
  8.811081 
  8.831319 
  8.828205 
  8.829762 
  8.825870 
  8.824313 
  8.805632 
  8.826648 
  8.807967 
  8.812637 
  8.803297 
  8.810302 
  8.811081 
  8.848443 
  8.815751 
  8.827427 
  8.818864 
  8.821200 
  8.812637 
  8.821978 
  8.818864 
  8.816529 
  8.805632 
  8.825092 
  8.804853 
  8.828205 
  8.823535 
  8.813416 
  8.791621 
  8.812637 
  8.822756 
  8.798626 
  8.818086 
  8.847665 
  8.839103 
  8.827427 
  8.821200 
  8.821978 
  8.821200 
  8.836767 
  8.810302 
  8.808745 
  8.803297 
  8.810302 
  8.813416 
  8.819643 
  8.817308 
  8.835989 
  8.828984 
  8.823535 
  8.820421 
  8.811859 
  8.822756 
  8.821978 
  8.850778 
  8.824313 
  8.820421 
  8.844551 
  8.832097 
  8.826648 
  8.824313 
  8.820421 
  8.815751 
  8.838324 
  8.839881 
  8.829762 
  8.829762 
  8.840659 
  8.821978 
  8.827427 
  8.808745 
  8.825870 
  8.821200 
  8.836767 
  8.831319 
  8.821200 
  8.827427 
  8.826648 
  8.833654 
  8.846108 
  8.844551 
  8.842216 
  8.845330 
  8.835211 
  8.818864 
  8.846108 
  8.840659 
  8.824313 
  8.827427 
  8.828205 
  8.830540 
  8.811081 
  8.825092 
  8.832875 
  8.823535 
  8.830540 
  8.825092 
  8.825092 
  8.828984 
  8.840659 
  8.809524 
  8.829762 
  8.813416 
  8.814973 
  8.800183 
  8.821978 
  8.811859 
  8.822756 
  8.812637 
  8.841438 
  8.833654 
  8.826648 
  8.839103 
  8.833654 
  8.855449 
  8.804075 
  8.811081 
  8.832875 
  8.811081 
  8.806410 
  8.816529 
  8.815751 
  8.791621 
  8.793956 
  8.804853 
  8.812637 
  8.797848 
  8.806410 
  8.807189 
  8.807967 
  8.832097 
  8.807967 
  8.831319 
  8.807189 
  8.802518 
  8.806410 
  8.807189 
  8.809524 
  8.821978 
  8.800962 
  8.807189 
  8.802518 
  8.812637 
  8.828984 
  8.818086 
  8.824313 
  8.834432 
  8.820421 
  8.822756 
  8.808745 
  8.793178 
  8.800962 
  8.803297 
  8.808745 
  8.804075 
  8.823535 
  8.819643 
  8.801740 
  8.821978 
  8.812637 
  8.825092 
  8.835989 
  8.815751 
  8.804853 
  8.810302 
  8.806410 
  8.813416 
  8.790842 
  8.814973 
  8.798626 
  8.793956 
  8.823535 
  8.808745 
  8.812637 
  8.817308 
  8.809524 
  8.784615 
  8.818864 
  8.786951 
  8.792399 
  8.804853 
  8.817308 
  8.792399 
  8.790064 
  8.777610 
  8.800183 
  8.797848 
  8.790842 
  8.803297 
  8.800962 
  8.803297 
  8.818086 
  8.821978 
  8.808745 
  8.825092 
  8.805632 
  8.820421 
  8.810302 
  8.802518 
  8.792399 
  8.798626 
  8.789286 
  8.788507 
  8.787729 
  8.791621 
  8.783059 
  8.793956 
  8.803297 
  8.796291 
  8.801740 
  8.806410 
  8.807189 
  8.816529 
  8.814194 
  8.789286 
  8.816529 
  8.803297 
  8.812637 
  8.815751 
  8.803297 
  8.790064 
  8.790064 
  8.807189 
  8.790842 
  8.790064 
  8.797848 
  8.796291 
  8.812637 
  8.814194 
  8.795513 
  8.810302 
  8.818864 
  8.809524 
  8.809524 
  8.816529 
  8.803297 
  8.816529 
  8.814194 
  8.810302 
  8.827427 
  8.795513 
  8.816529 
  8.812637 
  8.789286 
  8.793956 
  8.813416 
  8.812637 
  8.806410 
  8.827427 
  8.784615 
  8.797070 
  8.821200 
  8.802518 
  8.813416 
  8.812637 
  8.823535 
  8.807967 
  8.812637 
  8.794734 
  8.805632 
  8.809524 
  8.799405 
  8.804853 
  8.820421 
  8.791621 
  8.811859 
  8.815751 
  8.823535 
  8.807967 
  8.802518 
  8.800183 
  8.817308 
  8.798626 
  8.810302 
  8.811859 
  8.811859 
  8.814973 
  8.830540 
  8.799405 
  8.816529 
  8.830540 
  8.821200 
  8.797848 
  8.816529 
  8.814194 
  8.826648 
  8.820421 
  8.809524 
  8.825092 
  8.813416 
  8.831319 
  8.826648 
  8.820421 
  8.822756 
  8.819643 
  8.806410 
  8.814973 
  8.816529 
  8.814973 
  8.809524 
  8.824313 
  8.815751 
  8.836767 
  8.822756 
  8.811859 
  8.818864 
  8.812637 
  8.820421 
  8.828205 
  8.829762 
  8.818864 
  8.835211 
  8.831319 
  8.808745 
  8.807189 
  8.807189 
  8.827427 
  8.813416 
  8.811081 
  8.821200 
  8.817308 
  8.841438 
  8.828984 
  8.822756 
  8.813416 
  8.821200 
  8.825870 
  8.835989 
  8.831319 
  8.823535 
  8.807967 
  8.817308 
  8.828205 
  8.834432 
  8.811859 
  8.838324 
  8.841438 
  8.794734 
  8.819643 
  8.841438 
  8.832097 
  8.834432 
  8.839103 
  8.829762 
  8.802518 
  8.834432 
  8.845330 
  8.839103 
  8.829762 
  8.826648 
  8.850000 
  8.835211 
  8.833654 
  8.830540 
  8.815751 
  8.829762 
  8.829762 
  8.822756 
  8.821978 
  8.819643 
  8.832875 
  8.829762 
  8.831319 
  8.840659 
  8.831319 
  8.832875 
  8.833654 
  8.825092 
  8.820421 
  8.839103 
  8.842216 
  8.825092 
  8.829762 
  8.863233 
  8.822756 
  8.840659 
  8.835211 
  8.845330 
  8.836767 
  8.832097 
  8.817308 
  8.835211 
  8.835211 
  8.828205 
  8.838324 
  8.852335 
  8.829762 
  8.850778 
  8.847665 
  8.845330 
  8.850778 
  8.850000 
  8.842216 
  8.831319 
  8.857784 
  8.841438 
  8.814973 
  8.839881 
  8.833654 
  8.823535 
  8.810302 
  8.814973 
  8.813416 
  8.821978 
  8.848443 
  8.846108 
  8.846886 
  8.835211 
  8.824313 
  8.830540 
  8.867125 
  8.823535 
  8.832097 
  8.833654 
  8.818086 
  8.818864 
  8.828984 
  8.814973 
  8.818086 
  8.811081 
  8.819643 
  8.820421 
  8.832097 
  8.819643 
  8.831319 
  8.828984 
  8.847665 
  8.837546 
  8.825092 
  8.839881 
  8.820421 
  8.828984 
  8.817308 
  8.810302 
  8.839881 
  8.825870 
  8.819643 
  8.811859 
  8.823535 
  8.813416 
  8.826648 
  8.834432 
  8.841438 
  8.830540 
  8.846886 
  8.843773 
  8.807967 
  8.837546 
  8.842216 
  8.824313 
  8.839881 
  8.836767 
  8.818086 
  8.825870 
  8.839103 
  8.836767 
  8.813416 
  8.825870 
  8.802518 
  8.837546 
  8.829762 
  8.831319 
  8.839103 
  8.825092 
  8.838324 
  8.835211 
  8.834432 
  8.828984 
  8.818864 
  8.828984 
  8.832875 
  8.828984 
  8.825870 
  8.825870 
  8.828984 
  8.826648 
  8.821200 
  8.824313 
  8.817308 
  8.816529 
  8.860897 
  8.860119 
  8.843773 
  8.843773 
  8.842995 
  8.840659 
  8.838324 
  8.834432 
  8.826648 
  8.824313 
  8.830540 
  8.828984 
  8.821978 
  8.828205 
  8.827427 
  8.825870 
  8.835989 
  8.821200 
  8.822756 
  8.824313 
  8.840659 
  8.847665 
  8.835989 
  8.849222 
  8.854670 
  8.847665 
  8.847665 
  8.827427 
  8.834432 
  8.831319 
  8.845330 
  8.851557 
  8.849222 
  8.845330 
  8.846886 
  8.823535 
  8.829762 
  8.820421 
  8.835989 
  8.842995 
  8.836767 
  8.832875 
  8.843773 
  8.836767 
  8.845330 
  8.851557 
  8.861676 
  8.857784 
  8.857784 
  8.853892 
  8.863233 
  8.833654 
  8.840659 
  8.835211 
  8.829762 
  8.833654 
  8.835989 
  8.829762 
  8.833654 
  8.831319 
  8.853892 
  8.850000 
  8.839881 
  8.853892 
  8.831319 
  8.831319 
  8.844551 
  8.838324 
  8.835989 
  8.850778 
  8.839103 
  8.813416 
  8.839103 
  8.829762 
  8.842216 
  8.826648 
  8.854670 
  8.850778 
  8.859341 
  8.850000 
  8.856227 
  8.879579 
  8.853114 
  8.844551 
  8.832875 
  8.839881 
  8.828984 
  8.835989 
  8.839881 
  8.827427 
  8.828205 
  8.859341 
  8.853892 
  8.850778 
  8.857784 
  8.847665 
  8.830540 
  8.846108 
  8.842995 
  8.870238 
  8.847665 
  8.846886 
  8.882692 
  8.867903 
  8.850778 
  8.839103 
  8.851557 
  8.867903 
  8.860897 
  8.813416 
  8.835211 
  8.829762 
  8.828984 
  8.831319 
  8.828984 
  8.845330 
  8.830540 
  8.832097 
  8.821200 
  8.818086 
  8.830540 
  8.844551 
  8.825092 
  8.813416 
  8.836767 
  8.815751 
  8.799405 
  8.832097 
  8.840659 
  8.846108 
  8.842216 
  8.818864 
  8.831319 
  8.835211 
  8.792399 
  8.814194 
  8.814973 
  8.809524 
  8.824313 
  8.800183 
  8.803297 
  8.809524 
  8.812637 
  8.823535 
  8.812637 
  8.832875 
  8.823535 
  8.828984 
  8.803297 
  8.834432 
  8.820421 
  8.823535 
  8.831319 
  8.824313 
  8.825870 
  8.835989 
  8.817308 
  8.821978 
  8.841438 
  8.835989 
  8.845330 
  8.841438 
  8.839881 
  8.832097 
  8.830540 
  8.818086 
  8.818086 
  8.803297 
  8.837546 
  8.819643 
  8.826648 
  8.821200 
  8.816529 
  8.805632 
  8.846108 
  8.839103 
  8.820421 
  8.836767 
  8.805632 
  8.814194 
  8.807967 
  8.820421 
  8.817308 
  8.824313 
  8.827427 
  8.833654 
  8.818864 
  8.811081 
  8.825870 
  8.821978 
  8.805632 
  8.789286 
  8.815751 
  8.818864 
  8.806410 
  8.817308 
  8.803297 
  8.799405 
  8.792399 
  8.816529 
  8.807967 
  8.804853 
  8.815751 
  8.811859 
  8.818086 
  8.815751 
  8.802518 
  8.821200 
  8.808745 
  8.814194 
  8.797070 
  8.807189 
  8.814194 
  8.811859 
  8.815751 
  8.804075 
  8.792399 
  8.785394 
  8.790842 
  8.808745 
  8.812637 
  8.797070 
  8.821200 
  8.802518 
  8.819643 
  8.814973 
  8.807967 
  8.818086 
  8.821200 
  8.799405 
  8.808745 
  8.787729 
  8.815751 
  8.813416 
  8.796291 
  8.802518 
  8.800183 
  8.816529 
  8.825092 
  8.827427 
  8.828984 
  8.810302 
  8.809524 
  8.811081 
  8.812637 
  8.802518 
  8.815751 
  8.811859 
  8.800962 
  8.819643 
  8.820421 
  8.823535 
  8.804853 
  8.805632 
  8.825092 
  8.811081 
  8.820421 
  8.818086 
  8.803297 
  8.799405 
  8.810302 
  8.806410 
  8.821978 
  8.801740 
  8.789286 
  8.808745 
  8.820421 
  8.800183 
  8.816529 
  8.799405 
  8.809524 
  8.811859 
  8.809524 
  8.811859 
  8.797070 
  8.808745 
  8.814973 
  8.804853 
  8.834432 
  8.811859 
  8.809524 
  8.834432 
  8.822756 
  8.817308 
  8.831319 
  8.821978 
  8.801740 
  8.832097 
  8.814973 
  8.795513 
  8.813416 
  8.825870 
  8.833654 
  8.821978 
  8.812637 
  8.822756 
  8.818086 
  8.808745 
  8.832875 
  8.812637 
  8.810302 
  8.803297 
  8.825870 
  8.819643 
  8.845330 
  8.830540 
  8.818086 
  8.820421 
  8.807967 
  8.822756 
  8.799405 
  8.839103 
  8.839881 
  8.825092 
  8.825092 
  8.810302 
  8.823535 
  8.807189 
  8.809524 
  8.835211 
  8.819643 
  8.812637 
  8.818086 
  8.806410 
  8.811859 
  8.827427 
  8.804075 
  8.819643 
  8.820421 
  8.821978 
  8.844551 
  8.815751 
  8.828205 
  8.828205 
  8.842216 
  8.826648 
  8.812637 
  8.809524 
  8.822756 
  8.821978 
  8.805632 
  8.818086 
  8.809524 
  8.835211 
  8.816529 
  8.803297 
  8.829762 
  8.815751 
  8.815751 
  8.815751 
  8.830540 
  8.844551 
  8.831319 
  8.833654 
  8.822756 
  8.833654 
  8.840659 
  8.829762 
  8.811081 
  8.811859 
  8.813416 
  8.832875 
  8.822756 
  8.810302 
  8.821200 
  8.825870 
  8.819643 
  8.813416 
  8.818086 
  8.835211 
  8.857784 
  8.850000 
  8.827427 
  8.828984 
  8.866346 
  8.827427 
  8.835989 
  8.814973 
  8.818864 
  8.830540 
  8.838324 
  8.849222 
  8.825870 
  8.829762 
  8.837546 
  8.845330 
  8.835989 
  8.867903 
  8.853114 
  8.835989 
  8.841438 
  8.835989 
  8.822756 
  8.828984 
  8.833654 
  8.833654 
  8.839103 
  8.846108 
  8.839103 
  8.831319 
  8.839103 
  8.822756 
  8.835989 
  8.833654 
  8.845330 
  8.847665 
  8.836767 
  8.840659 
  8.826648 
  8.814194 
  8.835211 
  8.822756 
  8.847665 
  8.829762 
  8.820421 
