  10.562454 
  10.543773 
  10.548443 
  10.524313 
  10.480723 
  10.483059 
  10.510302 
  10.528205 
  10.444139 
  10.486172 
  10.560897 
  10.518086 
  10.554670 
  10.514194 
  10.430128 
  10.500183 
  10.500962 
  10.473718 
  10.470604 
  10.440247 
  10.458929 
  10.421566 
  10.439469 
  10.484615 
  10.492399 
  10.486172 
  10.404441 
  10.423123 
  10.442582 
  10.445696 
  10.492399 
  10.458150 
  10.480723 
  10.381868 
  10.367079 
  10.395101 
  10.366300 
  10.453480 
  10.419231 
  10.353846 
  10.398993 
  10.405220 
  10.467491 
  10.490064 
  10.420009 
  10.437134 
  10.444918 
  10.412225 
  10.373306 
  10.320375 
  10.393544 
  10.499405 
  10.461264 
  10.384203 
  10.336722 
  10.280678 
  10.317262 
  10.285348 
  10.248764 
  10.374863 
  10.251877 
  10.276786 
  10.339835 
  10.439469 
  10.295467 
  10.295467 
  10.258104 
  10.297024 
  10.345284 
  10.270559 
  10.265110 
  10.292353 
  10.239423 
  10.287683 
  10.346062 
  10.343727 
  10.286905 
  10.313370 
  10.352289 
  10.331273 
  10.235531 
  10.271337 
  10.307143 
  10.417674 
  10.449588 
  10.353068 
  10.430128 
  10.500183 
  10.508745 
  10.492399 
  10.527427 
  10.495513 
  10.440247 
  10.462821 
  10.520421 
  10.497848 
  10.396658 
  10.423901 
  10.455037 
  10.462042 
  10.424679 
  10.544551 
  10.567125 
  10.511859 
  10.423123 
  10.362408 
  10.367857 
  10.562454 
  10.486951 
  10.441026 
  10.477610 
  10.511859 
  10.599038 
  10.425458 
  10.404441 
  10.501740 
  10.479945 
  10.525870 
  10.502518 
  10.426236 
  10.469826 
  10.560119 
  10.595925 
  10.506410 
  10.474496 
  10.434799 
  10.408333 
  10.388095 
  10.484615 
  10.483837 
  10.457372 
  10.441026 
  10.479167 
  10.471383 
  10.596703 
  10.633288 
  10.603709 
  10.532875 
  10.434020 
  10.420009 
  10.375641 
  10.469048 
  10.509524 
  10.581136 
  10.500183 
  10.498626 
  10.519643 
  10.455037 
  10.397436 
  10.433242 
  10.455815 
  10.429350 
  10.512637 
  10.564011 
  10.519643 
  10.483059 
  10.538324 
  10.553114 
  10.479945 
  10.430128 
  10.448031 
  10.476053 
  10.566346 
  10.535211 
  10.479167 
  10.550778 
  10.585027 
  10.577244 
  10.487729 
  10.550778 
  10.450366 
  10.381090 
  10.396658 
  10.467491 
  10.560897 
  10.581914 
  10.643407 
  10.666758 
  10.565568 
  10.493178 
  10.470604 
  10.415339 
  10.451145 
  10.486172 
  10.601374 
  10.603709 
  10.552335 
  10.520421 
  10.581914 
  10.582692 
  10.559341 
  10.567903 
  10.510302 
  10.454258 
  10.420009 
  10.511859 
  10.649634 
  10.694780 
  10.699451 
  10.721245 
  10.708013 
  10.587363 
  10.502518 
  10.590476 
  10.549222 
  10.594368 
  10.605266 
  10.678434 
  10.727473 
  10.679991 
  10.735256 
  10.697115 
  10.690888 
  10.640293 
  10.532097 
  10.656639 
  10.688553 
  10.762500 
  10.792857 
  10.906502 
  10.891712 
  10.848123 
  10.798306 
  10.831777 
  10.874588 
  10.900275 
  10.897161 
  10.941529 
  10.997573 
  10.969551 
  11.012363 
  11.073077 
  11.046612 
  10.985119 
  10.964103 
  10.972665 
  11.022482 
  11.065293 
  11.222527 
  11.220192 
  11.218636 
  11.286355 
  11.264560 
  11.340064 
  11.357967 
  11.436584 
  11.434249 
  11.445925 
  11.484844 
  11.562683 
  11.691896 
  11.638965 
  11.655311 
  11.650641 
  11.604716 
  11.720696 
  11.739377 
  11.745604 
  11.635073 
  11.740156 
  11.687225 
  11.622619 
  11.596154 
  11.572024 
  11.539332 
  11.445147 
  11.467720 
  11.403114 
  11.252885 
  11.362637 
  11.336172 
  11.317491 
  11.302701 
  11.222527 
  11.235760 
  11.224863 
  11.273901 
  11.318269 
  11.260668 
  11.228755 
  11.316712 
  11.463828 
  11.366529 
  11.144689 
  11.180495 
  11.052060 
  10.998352 
  10.923626 
  10.962546 
  10.903388 
  10.894826 
  10.838004 
  10.696337 
  10.725916 
  10.663645 
  10.666758 
  10.585027 
  10.577244 
  10.556227 
  10.492399 
  10.484615 
  10.463599 
  10.496291 
  10.468269 
  10.491621 
  10.460485 
  10.468269 
  10.464377 
  10.459707 
  10.509524 
  10.362408 
  10.383425 
  10.455037 
  10.447253 
  10.425458 
  10.445696 
  10.507967 
  10.455815 
  10.479167 
  10.443361 
  10.382647 
  10.391987 
  10.390430 
  10.393544 
  10.377198 
  10.462042 
  10.427793 
  10.453480 
  10.461264 
  10.451145 
  10.385760 
  10.404441 
  10.321154 
  10.381868 
  10.399771 
  10.411447 
  10.420788 
  10.420788 
  10.441026 
  10.363187 
  10.383425 
  10.417674 
  10.377198 
  10.376419 
  10.416896 
  10.413004 
  10.355403 
  10.395879 
  10.397436 
  10.372527 
  10.345284 
  10.387317 
  10.331273 
  10.388095 
  10.355403 
  10.402885 
  10.399771 
  10.369414 
  10.388874 
  10.345284 
  10.377198 
  10.318040 
  10.380311 
  10.357738 
  10.319597 
  10.382647 
  10.367857 
  10.427793 
  10.374084 
  10.339835 
  10.322711 
  10.311813 
  10.307143 
  10.343727 
  10.342170 
  10.352289 
  10.374084 
  10.401328 
  10.403663 
  10.339835 
  10.423123 
  10.360852 
  10.320375 
  10.273672 
  10.260440 
  10.230082 
  10.367857 
  10.438690 
  10.431685 
  10.329716 
  10.268223 
  10.219185 
  10.254212 
  10.261218 
  10.298581 
  10.433242 
  10.368636 
  10.404441 
  10.344505 
  10.251877 
  10.193498 
  10.199725 
  10.291575 
  10.388095 
  10.439469 
  10.397436 
  10.253434 
  10.170147 
  10.205952 
  10.279121 
  10.366300 
  10.395879 
  10.368636 
  10.339057 
  10.184936 
  10.175595 
  10.180266 
  10.365522 
  10.435577 
  10.391987 
  10.252656 
  10.149130 
  10.201282 
  10.271337 
  10.339835 
  10.383425 
  10.284570 
  10.146016 
  10.194277 
  10.318040 
  10.352289 
  10.261996 
  10.188049 
  10.216071 
  10.364744 
  10.446474 
  10.236310 
  10.225412 
  10.346062 
  10.390430 
  10.161584 
  10.261996 
  10.400549 
  10.187271 
  10.277564 
  10.304808 
  10.225412 
  10.296245 
  10.341392 
  10.160027 
  10.265888 
  10.224634 
  10.126557 
  10.235531 
  10.211401 
  10.194277 
  10.204396 
  10.197390 
  10.209066 
  10.247985 
  10.197390 
  10.146016 
  10.122665 
  10.183379 
  10.196612 
  10.191941 
  10.150687 
  10.125778 
  10.167811 
  10.185714 
  10.157692 
  10.198168 
  10.143681 
  10.156914 
  10.162363 
  10.189606 
  10.223855 
  10.160806 
  10.137454 
  10.184936 
  10.202839 
  10.219963 
  10.149130 
  10.188049 
  10.190385 
  10.286905 
  10.254212 
  10.242537 
  10.249542 
  10.199725 
  10.274451 
  10.225412 
  10.274451 
  10.294689 
  10.279121 
  10.235531 
  10.238645 
  10.213736 
  10.211401 
  10.191163 
  10.211401 
  10.211401 
  10.293910 
  10.340614 
  10.335165 
  10.275229 
  10.246429 
  10.268223 
  10.253434 
  10.208288 
  10.184936 
  10.220742 
  10.304029 
  10.283013 
  10.266667 
  10.326603 
  10.311035 
  10.289240 
  10.286126 
  10.295467 
  10.309478 
  10.221520 
  10.196612 
  10.204396 
  10.237088 
  10.305586 
  10.322711 
  10.326603 
  10.353846 
  10.356181 
  10.302473 
  10.286905 
  10.228526 
  10.213736 
  10.136676 
  10.141346 
  10.151465 
  10.209066 
  10.261218 
  10.227747 
  10.280678 
  10.365522 
  10.381090 
  10.420009 
  10.304029 
  10.270559 
  10.178709 
  10.115659 
  10.181044 
  10.251099 
  10.299359 
  10.267445 
  10.323489 
  10.299359 
  10.397436 
  10.392766 
  10.391209 
  10.390430 
  10.304029 
  10.283791 
  10.223077 
  10.168590 
  10.184158 
  10.284570 
  10.342170 
  10.352289 
  10.374863 
  10.416896 
  10.378755 
  10.314927 
  10.318040 
  10.309478 
  10.297802 
  10.267445 
  10.198947 
  10.247985 
  10.260440 
  10.260440 
  10.304808 
  10.360073 
  10.449588 
  10.462821 
  10.467491 
  10.415339 
  10.321154 
  10.233196 
  10.213736 
  10.222299 
  10.309478 
  10.374863 
  10.389652 
  10.364744 
  10.300137 
  10.304029 
  10.351511 
  10.393544 
  10.365522 
  10.360073 
  10.382647 
  10.364744 
  10.304029 
  10.325824 
  10.332830 
  10.378755 
  10.421566 
  10.438690 
  10.419231 
  10.338278 
  10.330495 
  10.352289 
  10.405998 
  10.409890 
  10.440247 
  10.481502 
  10.516529 
  10.565568 
  10.572573 
  10.591255 
  10.550000 
  10.526648 
  10.538324 
  10.586584 
  10.630174 
  10.704899 
  10.722024 
  10.669872 
  10.719689 
  10.809982 
  10.764835 
  10.818544 
  10.786630 
  10.809982 
  10.878480 
  10.838782 
  10.781181 
  10.816209 
  10.887042 
  10.810760 
  10.922070 
  10.825549 
  10.834890 
  10.888599 
  10.620055 
  10.538324 
  10.591255 
  10.494734 
  10.448031 
  10.406777 
  10.366300 
  10.321154 
  10.334386 
  10.339835 
  10.290797 
  10.363965 
  10.307921 
  10.342170 
  10.310256 
  10.295467 
  10.286126 
  10.307143 
  10.296245 
  10.290797 
  10.307143 
  10.335943 
  10.271337 
  10.290797 
  10.273672 
  10.266667 
  10.276007 
  10.318040 
  10.244093 
  10.254991 
  10.290797 
  10.298581 
  10.311813 
  10.283013 
  10.279899 
  10.276786 
  10.283013 
  10.261218 
  10.287683 
  10.276786 
  10.226190 
  10.238645 
  10.233974 
  10.198168 
  10.233974 
  10.244872 
  10.253434 
  10.239423 
  10.271337 
  10.289240 
  10.286126 
  10.254991 
  10.290797 
  10.256548 
  10.214515 
  10.181044 
  10.153800 
  10.133562 
  10.141346 
  10.219185 
  10.240980 
  10.267445 
  10.233196 
  10.251877 
  10.213736 
  10.120330 
  10.142125 
  10.184158 
  10.215293 
  10.181044 
  10.178709 
  10.243315 
  10.246429 
  10.230082 
  10.191941 
  10.211401 
  10.198168 
  10.180266 
  10.134341 
  10.181822 
  10.216850 
  10.200504 
  10.199725 
  10.158471 
  10.156136 
  10.209844 
  10.170925 
  10.209066 
  10.174817 
  10.162363 
  10.235531 
  10.221520 
  10.206731 
  10.251099 
  10.267445 
  10.210623 
  10.120330 
  10.158471 
  10.097756 
  10.173260 
  10.103205 
  10.143681 
  10.196612 
  10.175595 
  10.200504 
  10.172482 
  10.154579 
  10.217628 
  10.206731 
  10.202839 
  10.174038 
  10.243315 
  10.177152 
  10.149130 
  10.206731 
  10.116438 
  10.102427 
  10.186493 
  10.180266 
  10.289240 
  10.205174 
  10.205174 
  10.184158 
  10.104762 
  10.093864 
  10.058837 
  10.091529 
  10.131227 
  10.192720 
  10.260440 
  10.264332 
  10.169368 
  10.127335 
  10.156136 
  10.102427 
  10.101648 
  10.082189 
  10.207509 
  10.226190 
  10.189606 
  10.168590 
  10.090751 
  10.166255 
  10.134341 
  10.132784 
  10.177152 
  10.162363 
  10.093086 
  10.097756 
  10.175595 
  10.142125 
  10.075962 
  10.160806 
  10.172482 
  10.054167 
  10.146795 
  10.135119 
  10.163919 
  10.209844 
  10.198947 
  10.191163 
  10.116438 
  10.140568 
  10.170147 
  10.213736 
  10.209066 
  10.148352 
  10.132784 
  10.201282 
  10.226969 
  10.171703 
  10.167033 
  10.155357 
  10.169368 
  10.227747 
  10.252656 
  10.174038 
  10.173260 
  10.146016 
  10.219185 
  10.267445 
  10.265888 
  10.156914 
  10.228526 
  10.196612 
  10.236310 
  10.258104 
  10.292353 
  10.187271 
  10.151465 
  10.172482 
  10.170925 
  10.202839 
  10.288462 
  10.268223 
  10.265110 
  10.252656 
  10.235531 
  10.210623 
  10.223077 
  10.181822 
  10.147573 
  10.069734 
  10.027701 
  10.073626 
  10.115659 
  10.162363 
  10.279899 
  10.311813 
  10.313370 
  10.257326 
  10.177930 
  10.160027 
  10.138233 
  10.080632 
  10.075962 
  10.114103 
  10.184158 
  10.232418 
  10.242537 
  10.271337 
  10.378755 
  10.325046 
  10.192720 
  10.190385 
  10.212958 
  10.200504 
  10.156914 
  10.142125 
  10.202060 
  10.231639 
  10.335943 
  10.335943 
  10.318040 
  10.282234 
  10.210623 
  10.212958 
  10.154579 
  10.258104 
  10.251099 
  10.258883 
  10.224634 
  10.209844 
  10.301694 
  10.260440 
  10.219963 
  10.256548 
  10.335165 
  10.344505 
  10.292353 
  10.276007 
  10.261218 
  10.195055 
  10.202839 
  10.231639 
  10.265110 
  10.338278 
  10.361630 
  10.328938 
  10.258883 
  10.216850 
  10.162363 
  10.252656 
  10.310256 
  10.306364 
  10.385760 
  10.414560 
  10.453480 
  10.387317 
  10.458150 
  10.445696 
  10.482280 
  10.469826 
  10.439469 
  10.483059 
  10.424679 
  10.393544 
  10.381090 
  10.445696 
  10.539103 
  10.581136 
  10.553114 
  10.588919 
  10.575687 
  10.605266 
  10.605266 
  10.650412 
  10.686218 
  10.701786 
  10.736035 
  10.701007 
  10.752381 
  10.809203 
  10.773397 
  10.823993 
  10.760943 
  10.741484 
  10.799084 
  10.811538 
  10.828663 
  10.868361 
  10.889377 
  10.904945 
  10.960211 
  10.978892 
  11.032601 
  10.932967 
  11.038049 
  11.045833 
  11.091758 
  11.206960 
  11.322940 
  11.347070 
  11.340842 
  11.382875 
  11.375870 
  11.414011 
  11.414011 
  11.426465 
  11.440476 
  11.348626 
  11.550229 
  11.579808 
  11.593040 
  11.578251 
  11.604716 
  11.629625 
  11.618727 
  11.653755 
  11.691896 
  11.581364 
  11.519093 
  11.538553 
  11.378205 
  11.306593 
  11.157921 
  11.090980 
  11.030266 
  11.033379 
  10.977335 
  10.916621 
  10.951648 
  10.901053 
  10.812317 
  10.745375 
  10.683883 
  10.607601 
  10.600595 
  10.590476 
  10.604487 
  10.503297 
  10.463599 
  10.380311 
  10.353846 
  10.300916 
  10.287683 
  10.305586 
  10.357738 
  10.416117 
  10.395879 
  10.398993 
  10.321932 
  10.329716 
  10.248764 
  10.246429 
  10.280678 
  10.355403 
  10.347619 
  10.335943 
  10.352289 
  10.403663 
  10.363187 
  10.280678 
  10.287683 
  10.304029 
  10.241758 
  10.274451 
  10.297802 
  10.298581 
  10.298581 
  10.331273 
  10.300916 
  10.305586 
  10.312592 
  10.265888 
  10.290018 
  10.251877 
  10.276007 
  10.281456 
  10.332830 
  10.317262 
  10.287683 
  10.321932 
  10.303251 
  10.296245 
  10.250321 
  10.241758 
  10.215293 
  10.280678 
  10.285348 
  10.243315 
  10.265110 
  10.230082 
  10.223077 
  10.277564 
  10.252656 
  10.287683 
  10.247985 
  10.295467 
  10.307143 
  10.249542 
  10.251099 
  10.234753 
  10.245650 
  10.232418 
  10.208288 
  10.221520 
  10.180266 
  10.214515 
  10.242537 
  10.212179 
  10.226190 
  10.199725 
  10.205952 
  10.139011 
  10.177930 
  10.223077 
  10.230082 
  10.251877 
  10.211401 
  10.187271 
  10.185714 
  10.187271 
  10.223077 
  10.145238 
  10.141346 
  10.171703 
  10.198168 
  10.132784 
  10.185714 
  10.272115 
  10.324267 
  10.244093 
  10.226969 
  10.226190 
  10.241758 
  10.170147 
  10.172482 
  10.162363 
  10.194277 
  10.177930 
  10.175595 
  10.255769 
  10.223855 
  10.299359 
  10.237866 
  10.160027 
  10.156914 
  10.104762 
  10.124222 
  10.150687 
  10.143681 
  10.171703 
  10.177930 
  10.203617 
  10.188828 
  10.146016 
  10.142903 
  10.196612 
  10.213736 
  10.181044 
  10.249542 
  10.180266 
  10.212179 
  10.189606 
  10.157692 
  10.151465 
  10.206731 
  10.200504 
  10.263553 
  10.215293 
  10.197390 
  10.160806 
  10.077518 
  10.185714 
  10.195833 
  10.265888 
  10.167033 
  10.182601 
  10.096978 
  10.097756 
  10.272894 
  10.110989 
  10.149908 
  10.222299 
  10.188049 
  10.112546 
  10.113324 
  10.184936 
  10.264332 
  10.261996 
  10.251877 
  10.179487 
  10.160806 
  10.155357 
  10.199725 
  10.181822 
  10.197390 
  10.254991 
  10.240201 
  10.240980 
  10.226190 
  10.167811 
  10.188828 
  10.209066 
  10.199725 
  10.223855 
  10.197390 
  10.173260 
  10.100870 
  10.156136 
  10.160806 
  10.163919 
  10.225412 
  10.156914 
  10.219963 
  10.271337 
  10.252656 
  10.233196 
  10.240980 
  10.197390 
  10.171703 
  10.193498 
  10.258104 
  10.181044 
  10.236310 
  10.240201 
  10.279899 
  10.240980 
  10.224634 
  10.260440 
  10.251877 
  10.277564 
  10.221520 
  10.239423 
  10.223855 
  10.209066 
  10.231639 
  10.290018 
  10.297024 
  10.279899 
  10.287683 
  10.249542 
  10.183379 
  10.248764 
  10.272894 
  10.283013 
  10.280678 
  10.300916 
  10.297024 
  10.221520 
  10.244872 
  10.190385 
  10.230861 
  10.298581 
  10.332830 
  10.332051 
  10.305586 
  10.343727 
  10.385760 
  10.312592 
  10.314927 
  10.308700 
  10.277564 
  10.280678 
  10.247207 
  10.283013 
  10.221520 
  10.216850 
  10.225412 
  10.345284 
  10.373306 
  10.344505 
  10.362408 
  10.367079 
  10.370971 
  10.311035 
  10.299359 
  10.348397 
  10.344505 
  10.366300 
  10.353068 
  10.347619 
  10.360852 
  10.376419 
  10.371749 
  10.382647 
  10.396658 
  10.421566 
  10.434020 
  10.437134 
  10.471383 
  10.528205 
  10.564011 
  10.549222 
  10.597482 
  10.599817 
  10.616163 
  10.630174 
  10.655082 
  10.728251 
  10.683883 
  10.680769 
  10.709570 
  10.748489 
  10.815430 
  10.869139 
  10.933745 
  10.939194 
  10.970330 
  10.989011 
  10.993681 
  10.971108 
  11.008471 
  11.024817 
  11.148581 
  11.198397 
  11.210852 
  11.147802 
  11.118223 
  11.118223 
  11.213187 
  11.265339 
  11.339286 
  11.307372 
  11.408562 
  11.309707 
  11.365751 
  11.302701 
  11.293361 
  11.147802 
  11.048947 
  10.975778 
  10.799084 
  10.790522 
  10.747711 
  10.771841 
  10.679991 
  10.617720 
  10.564011 
  10.482280 
  10.420788 
  10.367079 
  10.391209 
  10.331273 
  10.284570 
  10.290018 
  10.252656 
  10.329716 
  10.281456 
  10.288462 
  10.332830 
  10.355403 
  10.365522 
  10.331273 
  10.333608 
  10.262775 
  10.272115 
  10.225412 
  10.240980 
  10.307921 
  10.346062 
  10.325824 
  10.332830 
  10.317262 
  10.268223 
  10.285348 
  10.260440 
  10.237866 
  10.250321 
  10.246429 
  10.275229 
  10.288462 
  10.268223 
  10.301694 
  10.330495 
  10.247985 
  10.220742 
  10.226190 
  10.212179 
  10.249542 
  10.239423 
  10.230082 
  10.237866 
  10.242537 
  10.239423 
  10.311035 
  10.261996 
  10.279899 
  10.250321 
  10.233196 
  10.185714 
  10.176374 
  10.163141 
  10.184936 
  10.182601 
  10.194277 
  10.239423 
  10.290797 
  10.353068 
  10.338278 
  10.295467 
  10.233196 
  10.195055 
  10.142903 
  10.146795 
  10.123443 
  10.141346 
  10.176374 
  10.214515 
  10.234753 
  10.239423 
  10.211401 
  10.195055 
  10.252656 
  10.276786 
  10.272115 
  10.213736 
  10.142125 
  10.153022 
  10.145238 
  10.144460 
  10.158471 
  10.080632 
  10.225412 
  10.202060 
  10.202060 
  10.226969 
  10.230082 
  10.217628 
  10.220742 
  10.150687 
  10.072070 
  10.078297 
  10.156914 
  10.121886 
  10.079075 
  10.078297 
  10.175595 
  10.190385 
  10.184936 
  10.138233 
  10.161584 
  10.177152 
  10.129670 
  10.106319 
  10.032372 
  10.066621 
  10.066621 
  9.990339 
  10.051053 
  10.093864 
  10.103984 
  10.190385 
  10.145238 
  10.144460 
  10.164698 
  10.169368 
  10.162363 
  10.111767 
  10.188049 
  10.125000 
  10.072848 
  10.028480 
  10.047161 
  10.066621 
  10.128892 
  10.180266 
  10.216071 
  10.192720 
  10.161584 
  10.137454 
  10.071291 
  10.058059 
  10.026923 
  10.087637 
  10.125778 
  10.149130 
  10.199725 
  10.193498 
  10.161584 
  10.183379 
  10.142903 
  10.048718 
  10.012134 
  10.012912 
  10.091529 
  10.177152 
  10.240201 
  10.286905 
  10.191941 
  10.078297 
  10.054167 
  10.044826 
  10.103984 
  10.131227 
  10.172482 
  10.085302 
  9.975549 
  10.189606 
  10.121108 
  10.224634 
  10.187271 
  10.188828 
  10.116438 
  10.128114 
  10.195055 
  10.175595 
  10.193498 
  10.216071 
  10.230082 
  10.120330 
  9.976328 
  10.009799 
  10.141346 
  10.209066 
  10.244093 
  10.245650 
  10.195055 
  10.151465 
  10.117216 
  10.146795 
  10.048718 
  10.114881 
  10.126557 
  10.230082 
  10.336722 
  10.315705 
  10.224634 
  10.150687 
  10.086081 
  10.068956 
  10.141346 
  10.204396 
  10.149130 
  10.110989 
  10.174817 
  10.234753 
  10.275229 
  10.261218 
  10.239423 
  10.226969 
  10.155357 
  10.108654 
  10.157692 
  10.146016 
  10.097756 
  10.029258 
  10.037821 
  10.121108 
  10.220742 
  10.162363 
  10.244872 
  10.270559 
  10.258104 
  10.205952 
  10.132784 
  10.148352 
  10.135897 
  10.108654 
  10.092308 
  10.172482 
  10.257326 
  10.237866 
  10.235531 
  10.271337 
  10.274451 
  10.214515 
  10.146795 
  10.182601 
  10.182601 
  10.150687 
  10.206731 
  10.211401 
  10.201282 
  10.271337 
  10.284570 
  10.235531 
  10.184158 
  10.196612 
  10.151465 
  10.144460 
  10.170925 
  10.261996 
  10.303251 
  10.292353 
  10.228526 
  10.247985 
  10.181822 
  10.162363 
  10.148352 
  10.265110 
  10.236310 
  10.226190 
  10.326603 
  10.310256 
  10.297802 
  10.252656 
  10.205952 
  10.189606 
  10.220742 
  10.303251 
  10.379533 
  10.293910 
  10.242537 
  10.205952 
  10.326603 
  10.339057 
  10.393544 
  10.329716 
  10.251877 
  10.265110 
  10.372527 
  10.199725 
  10.269002 
  10.184158 
  10.239423 
  10.276786 
  10.300916 
  10.384203 
  10.343727 
  10.318040 
  10.205952 
  10.334386 
  10.388095 
  10.393544 
  10.340614 
  10.351511 
  10.337500 
  10.490064 
  10.493178 
  10.515751 
  10.602152 
  10.608379 
  10.629396 
  10.204396 
  10.208288 
  10.240201 
  10.269780 
  10.212179 
  10.222299 
  10.190385 
  10.205952 
  10.218407 
  10.201282 
  10.228526 
  10.257326 
  10.223077 
  10.232418 
  10.237866 
  10.262775 
  10.216071 
  10.220742 
  10.298581 
  10.191163 
  10.198168 
  10.176374 
  10.167811 
  10.183379 
  10.168590 
  10.244872 
  10.222299 
  10.231639 
  10.217628 
  10.196612 
  10.147573 
  10.177152 
  10.247985 
  10.177152 
  10.140568 
  10.159249 
  10.093086 
  10.187271 
  10.212179 
  10.249542 
  10.253434 
  10.113324 
  10.107097 
  10.129670 
  10.160806 
  10.087637 
  10.125778 
  10.235531 
  10.247985 
  10.252656 
  10.225412 
  10.154579 
  10.039377 
  10.078297 
  10.121886 
  10.190385 
  10.248764 
  10.280678 
  10.218407 
  10.166255 
  10.092308 
  10.137454 
  10.088416 
  10.176374 
  10.260440 
  10.255769 
  10.155357 
  10.113324 
  10.051053 
  10.102427 
  10.170147 
  10.258883 
  10.178709 
  10.128114 
  10.047161 
  10.116438 
  10.125778 
  10.254991 
  10.123443 
  10.096978 
  10.051053 
  10.121886 
  10.233974 
  10.092308 
  10.058059 
  10.208288 
  10.149130 
  10.086081 
  10.187271 
  10.211401 
  10.213736 
  10.098535 
  10.132784 
  10.072848 
  10.075962 
  10.089194 
  10.080632 
  10.089194 
  10.102427 
  10.087637 
  10.038599 
  10.139011 
  10.044048 
  10.028480 
  10.033150 
  10.072848 
  10.070513 
  10.070513 
  10.069734 
  10.030815 
  10.047940 
  10.011355 
  10.064286 
  10.156136 
  10.107875 
  10.072070 
  10.026923 
  10.025366 
  10.068956 
  10.067399 
  10.110989 
  10.107097 
  10.069734 
  10.053388 
  9.999679 
  10.032372 
  10.038599 
  10.033150 
  10.110989 
  10.087637 
  10.036264 
  9.991117 
  9.980220 
  10.028480 
  9.996566 
  10.009020 
  10.063507 
  10.060394 
  10.037821 
  9.984890 
  9.961538 
  9.977106 
  9.977106 
  10.054945 
  10.014469 
  10.025366 
  9.970101 
  9.972436 
  10.033150 
  10.058059 
  10.080632 
  9.984112 
  10.012912 
  10.061951 
  10.099313 
  10.087637 
  10.030037 
  10.052610 
  10.055723 
  10.095421 
  10.061172 
  10.062729 
  9.996566 
  10.028480 
  10.140568 
  10.116438 
  10.029258 
  10.044826 
  10.039377 
  10.103984 
  10.113324 
  10.135119 
  10.140568 
  10.059615 
  10.047940 
  10.065842 
  10.103205 
  10.095421 
  10.090751 
  10.093864 
  10.131227 
  10.082189 
  10.119551 
  10.141346 
  10.110211 
  10.110211 
  10.096978 
  10.111767 
  10.114103 
  10.065842 
  10.129670 
  10.161584 
  10.212958 
  10.131227 
  10.066621 
  10.016026 
  10.144460 
  10.170925 
  10.121886 
  10.131227 
  10.128114 
  10.118773 
  10.072848 
  10.087637 
  10.080632 
  10.166255 
  10.218407 
  10.165476 
  10.089194 
  10.077518 
  10.184936 
  10.195833 
  10.146016 
  10.186493 
  10.149908 
  10.150687 
  10.121886 
  10.124222 
  10.194277 
  10.216071 
  10.170147 
  10.125000 
  10.194277 
  10.164698 
  10.143681 
  10.131227 
  10.158471 
  10.099313 
  10.107875 
  10.099313 
  10.192720 
  10.169368 
  10.186493 
  10.136676 
  10.090751 
  10.163919 
  10.139789 
  10.171703 
  10.249542 
  10.103984 
  10.081410 
  10.168590 
  10.173260 
  10.112546 
  10.134341 
  10.123443 
  10.139011 
  10.202839 
  10.099313 
  10.152244 
  10.162363 
  10.136676 
  10.119551 
  10.251099 
  10.160027 
  10.122665 
  10.173260 
  10.131227 
  10.219185 
  10.149908 
  10.150687 
  10.109432 
  10.160027 
  10.154579 
  10.114881 
  10.098535 
  10.134341 
  10.081410 
  10.115659 
  10.129670 
  10.094643 
  10.109432 
  10.146016 
  10.065842 
  10.117995 
  10.067399 
  10.084524 
  10.156914 
  10.070513 
  10.061951 
  10.033929 
  10.072070 
  10.089973 
  10.103205 
  10.077518 
  10.035485 
  10.027701 
  10.043269 
  10.131227 
  10.083745 
  10.060394 
  10.068956 
  9.995009 
  10.069734 
  10.111767 
  10.124222 
  10.114103 
  10.025366 
  10.085302 
  10.055723 
  10.044048 
  10.050275 
  10.083745 
  10.131227 
  10.092308 
  10.055723 
  10.057280 
  10.076740 
  10.068178 
  10.097756 
  10.068178 
  10.076740 
  10.089194 
  9.992674 
  10.003571 
  10.045604 
  10.058837 
  10.061172 
  10.012134 
  10.038599 
  9.992674 
  9.997344 
  10.050275 
  10.097756 
  10.100870 
  9.941300 
  10.050275 
  10.054945 
  10.042491 
  10.026923 
  10.012912 
  10.079075 
  9.992674 
  10.034707 
  10.021474 
  10.027701 
  10.125778 
  10.089973 
  10.068956 
  10.079075 
  10.007463 
  10.040934 
  10.054945 
  10.103205 
  10.118773 
  10.007463 
  10.055723 
  10.032372 
  10.085302 
  10.069734 
  10.085302 
  10.152244 
  10.067399 
  10.117216 
  10.091529 
  10.023810 
  10.149908 
  10.136676 
  10.113324 
  10.073626 
  10.058837 
  10.102427 
  10.150687 
  10.146795 
  10.118773 
  10.115659 
  10.058837 
  10.078297 
  10.118773 
  10.151465 
  10.148352 
  10.060394 
  10.149908 
  10.106319 
  10.154579 
  10.173260 
  10.138233 
  10.146795 
  10.135119 
  10.117216 
  10.070513 
  10.085302 
  10.143681 
  10.146016 
  10.128892 
  10.121108 
  10.188049 
  10.164698 
  10.211401 
  10.177930 
  10.107875 
  9.969322 
  9.907830 
  10.005907 
  10.126557 
  10.166255 
  10.163141 
  10.163919 
  10.117216 
  10.176374 
  10.180266 
  10.134341 
  9.996566 
  9.982555 
  10.035485 
  10.196612 
  10.152244 
  10.198947 
  10.202839 
  10.131227 
  10.072070 
  10.079853 
  10.100092 
  10.047940 
  10.116438 
  10.181822 
  10.183379 
  10.160027 
  10.188828 
  10.154579 
  10.087637 
  10.061172 
  10.075962 
  10.096978 
  10.112546 
  10.180266 
  10.156914 
  10.139011 
  10.203617 
  10.146795 
  10.081410 
  10.162363 
  10.150687 
  10.177930 
  10.166255 
  10.187271 
  10.184936 
  10.171703 
  10.178709 
  10.189606 
  10.194277 
  10.138233 
  10.138233 
  10.188828 
  10.235531 
  10.188828 
  10.189606 
  10.151465 
  10.183379 
  10.318040 
  10.129670 
  10.244093 
  10.222299 
  10.213736 
  10.093864 
  10.122665 
  10.178709 
  10.202060 
  10.159249 
  10.012912 
  10.049496 
  10.159249 
  10.173260 
  10.219963 
  10.177152 
  10.056502 
  9.979441 
  9.977885 
  10.082967 
  10.125000 
  10.215293 
  10.186493 
  10.103205 
  10.047161 
  9.995788 
  10.000458 
  10.016804 
  10.038599 
  10.071291 
  10.117995 
  10.150687 
  10.170925 
  10.058837 
  10.004350 
  9.967766 
  9.998123 
  10.095421 
  10.167811 
  10.126557 
  10.054945 
  10.060394 
  10.024588 
  10.036264 
  10.069734 
  10.042491 
  10.033929 
  10.079075 
  10.114881 
  10.135119 
  10.120330 
  10.037042 
  9.955311 
  10.022253 
  9.988004 
  10.009020 
  10.032372 
  10.086859 
  10.098535 
  10.085302 
  10.043269 
  9.987225 
  9.975549 
  9.975549 
  10.064286 
  10.094643 
  10.174817 
  10.198947 
  10.106319 
  10.055723 
  9.988004 
  9.945192 
  9.977106 
  10.126557 
  10.131227 
  10.200504 
  10.132784 
  10.030815 
  10.044048 
  9.954533 
  10.024588 
  10.079853 
  10.160806 
  10.190385 
  10.089973 
  10.016026 
  9.952976 
  9.998123 
  10.044048 
  10.163919 
  10.173260 
  10.025366 
  9.994231 
  10.044048 
  10.156136 
  10.124222 
  9.973993 
  9.956090 
  10.077518 
  10.117216 
  9.893819 
  10.088416 
  10.013690 
  10.103205 
  9.945192 
  9.986447 
  9.998901 
  9.938187 
  9.950641 
  9.973214 
  9.949084 
  9.931960 
  9.976328 
  9.956868 
  9.928846 
  9.936630 
  9.893040 
  9.969322 
  9.956868 
  9.861905 
  9.889148 
  9.884478 
  9.917949 
  9.851007 
  9.911722 
  9.949863 
  9.877473 
  9.915614 
  9.868910 
  9.885256 
  9.961538 
  9.933516 
  9.880586 
  9.903159 
  9.918727 
  9.914057 
  9.969322 
  9.872802 
  9.815980 
  9.858791 
  9.964652 
  10.009799 
  9.943636 
  9.909386 
  9.882143 
  9.896154 
  9.890705 
  9.958425 
  9.897711 
  9.937408 
  9.868132 
  9.837775 
  9.829991 
  9.818315 
  9.842445 
  9.823764 
  9.846337 
  9.913278 
  9.917949 
  9.917170 
  9.815980 
  9.829212 
  9.824542 
  9.836218 
  9.878251 
  9.897711 
  9.909386 
  9.904716 
  9.784844 
  9.841667 
  9.777060 
  9.794185 
  9.844780 
  9.948306 
  9.911722 
  9.874359 
  9.821429 
  9.754487 
  9.7817