  8.755815 
  8.750366 
  8.740247 
  8.758929 
  8.755815 
  8.765934 
  8.769826 
  8.774496 
  8.754258 
  8.737134 
  8.773718 
  8.763599 
  8.778388 
  8.780723 
  8.786951 
  8.793956 
  8.791621 
  8.788507 
  8.765934 
  8.793178 
  8.797848 
  8.773718 
  8.788507 
  8.791621 
  8.757372 
  8.778388 
  8.783059 
  8.777610 
  8.768269 
  8.775275 
  8.772940 
  8.789286 
  8.786951 
  8.786172 
  8.753480 
  8.768269 
  8.775275 
  8.790064 
  8.790064 
  8.772161 
  8.800962 
  8.786951 
  8.763599 
  8.776832 
  8.801740 
  8.779167 
  8.758929 
  8.785394 
  8.792399 
  8.769048 
  8.770604 
  8.774496 
  8.780723 
  8.776832 
  8.776832 
  8.781502 
  8.785394 
  8.797848 
  8.808745 
  8.780723 
  8.791621 
  8.811859 
  8.781502 
  8.786172 
  8.810302 
  8.790064 
  8.789286 
  8.819643 
  8.804853 
  8.807967 
  8.823535 
  8.819643 
  8.803297 
  8.801740 
  8.812637 
  8.804075 
  8.808745 
  8.818086 
  8.814194 
  8.829762 
  8.797070 
  8.784615 
  8.830540 
  8.823535 
  8.811859 
  8.805632 
  8.826648 
  8.797070 
  8.816529 
  8.801740 
  8.811081 
  8.799405 
  8.811081 
  8.794734 
  8.819643 
  8.808745 
  8.814194 
  8.817308 
  8.813416 
  8.812637 
  8.816529 
  8.831319 
  8.807967 
  8.809524 
  8.813416 
  8.786951 
  8.832097 
  8.812637 
  8.819643 
  8.787729 
  8.814194 
  8.807967 
  8.810302 
  8.783059 
  8.807967 
  8.782280 
  8.801740 
  8.807967 
  8.797848 
  8.796291 
  8.782280 
  8.783837 
  8.784615 
  8.806410 
  8.818086 
  8.807189 
  8.813416 
  8.797848 
  8.790064 
  8.790064 
  8.797848 
  8.776053 
  8.787729 
  8.793178 
  8.779945 
  8.795513 
  8.787729 
  8.786951 
  8.792399 
  8.788507 
  8.790064 
  8.788507 
  8.780723 
  8.798626 
  8.781502 
  8.799405 
  8.794734 
  8.791621 
  8.779945 
  8.793956 
  8.797848 
  8.780723 
  8.804853 
  8.773718 
  8.805632 
  8.803297 
  8.783837 
  8.787729 
  8.800962 
  8.773718 
  8.775275 
  8.791621 
  8.776053 
  8.782280 
  8.783837 
  8.788507 
  8.776053 
  8.786172 
  8.764377 
  8.778388 
  8.786172 
  8.754258 
  8.783059 
  8.780723 
  8.775275 
  8.786172 
  8.777610 
  8.763599 
  8.759707 
  8.786172 
  8.781502 
  8.744918 
  8.737134 
  8.758150 
  8.748810 
  8.744139 
  8.764377 
  8.769048 
  8.740247 
  8.752701 
  8.741804 
  8.760485 
  8.757372 
  8.753480 
  8.748031 
  8.769048 
  8.736355 
  8.776053 
  8.753480 
  8.745696 
  8.753480 
  8.757372 
  8.768269 
  8.742582 
  8.758150 
  8.764377 
  8.772161 
  8.763599 
  8.771383 
  8.741026 
  8.734020 
  8.774496 
  8.754258 
  8.741026 
  8.748031 
  8.758929 
  8.754258 
  8.765934 
  8.761264 
  8.756593 
  8.778388 
  8.762042 
  8.759707 
  8.748810 
  8.757372 
  8.756593 
  8.750366 
  8.749588 
  8.750366 
  8.765934 
  8.765934 
  8.754258 
  8.804075 
  8.762042 
  8.762042 
  8.783059 
  8.784615 
  8.786951 
  8.769826 
  8.758929 
  8.755037 
  8.755037 
  8.767491 
  8.776832 
  8.791621 
  8.786951 
  8.763599 
  8.789286 
  8.784615 
  8.775275 
  8.798626 
  8.782280 
  8.782280 
  8.776053 
  8.768269 
  8.795513 
  8.776832 
  8.794734 
  8.791621 
  8.772940 
  8.803297 
  8.780723 
  8.784615 
  8.778388 
  8.789286 
  8.804075 
  8.769826 
  8.792399 
  8.774496 
  8.805632 
  8.795513 
  8.804075 
  8.800962 
  8.790064 
  8.797070 
  8.790064 
  8.780723 
  8.790064 
  8.795513 
  8.790842 
  8.796291 
  8.811081 
  8.797848 
  8.784615 
  8.796291 
  8.772940 
  8.778388 
  8.784615 
  8.780723 
  8.784615 
  8.790064 
  8.791621 
  8.788507 
  8.796291 
  8.793178 
  8.806410 
  8.807967 
  8.790064 
  8.803297 
  8.789286 
  8.809524 
  8.808745 
  8.802518 
  8.796291 
  8.787729 
  8.812637 
  8.811081 
  8.797848 
  8.815751 
  8.811081 
  8.812637 
  8.817308 
  8.822756 
  8.822756 
  8.800962 
  8.834432 
  8.823535 
  8.813416 
  8.802518 
  8.775275 
  8.793956 
  8.817308 
  8.816529 
  8.815751 
  8.794734 
  8.788507 
  8.779945 
  8.803297 
  8.788507 
  8.785394 
  8.786172 
  8.791621 
  8.798626 
  8.800183 
  8.788507 
  8.790064 
  8.785394 
  8.788507 
  8.805632 
  8.804075 
  8.779167 
  8.779167 
  8.795513 
  8.787729 
  8.786951 
  8.784615 
  8.771383 
  8.778388 
  8.787729 
  8.792399 
  8.737134 
  8.775275 
  8.801740 
  8.775275 
  8.797070 
  8.771383 
  8.786951 
  8.770604 
  8.774496 
  8.773718 
  8.791621 
  8.794734 
  8.783059 
  8.775275 
  8.799405 
  8.778388 
  8.784615 
  8.801740 
  8.781502 
  8.760485 
  8.800183 
  8.786172 
  8.784615 
  8.779167 
  8.810302 
  8.807967 
  8.807967 
  8.800183 
  8.783837 
  8.797848 
  8.783059 
  8.811859 
  8.798626 
  8.800183 
  8.800962 
  8.822756 
  8.812637 
  8.808745 
  8.800183 
  8.797848 
  8.794734 
  8.818086 
  8.810302 
  8.812637 
  8.811081 
  8.816529 
  8.793956 
  8.822756 
  8.805632 
  8.813416 
  8.807189 
  8.812637 
  8.817308 
  8.850778 
  8.832097 
  8.835989 
  8.806410 
  8.833654 
  8.811859 
  8.825092 
  8.822756 
  8.833654 
  8.830540 
  8.838324 
  8.821200 
  8.816529 
  8.800183 
  8.800962 
  8.830540 
  8.830540 
  8.831319 
  8.806410 
  8.852335 
  8.809524 
  8.814973 
  8.830540 
  8.809524 
  8.807967 
  8.800962 
  8.816529 
  8.818086 
  8.828984 
  8.817308 
  8.809524 
  8.790842 
  8.812637 
  8.800183 
  8.807967 
  8.811859 
  8.810302 
  8.816529 
  8.810302 
  8.778388 
  8.790064 
  8.804075 
  8.805632 
  8.804075 
  8.817308 
  8.804853 
  8.813416 
  8.801740 
  8.802518 
  8.801740 
  8.795513 
  8.816529 
  8.823535 
  8.815751 
  8.827427 
  8.829762 
  8.825870 
  8.817308 
  8.818086 
  8.797070 
  8.810302 
  8.805632 
  8.801740 
  8.806410 
  8.809524 
  8.820421 
  8.793956 
  8.824313 
  8.818864 
  8.816529 
  8.806410 
  8.811859 
  8.819643 
  8.816529 
  8.816529 
  8.803297 
  8.807189 
  8.818086 
  8.823535 
  8.814194 
  8.811859 
  8.783059 
  8.804075 
  8.812637 
  8.812637 
  8.787729 
  8.804075 
  8.806410 
  8.804075 
  8.783837 
  8.783059 
  8.786951 
  8.802518 
  8.790842 
  8.788507 
  8.797848 
  8.793178 
  8.781502 
  8.808745 
  8.779167 
  8.792399 
  8.776832 
  8.800962 
  8.792399 
  8.797070 
  8.783059 
  8.780723 
  8.800183 
  8.793178 
  8.796291 
  8.797070 
  8.783837 
  8.778388 
  8.808745 
  8.801740 
  8.779945 
  8.792399 
  8.794734 
  8.788507 
  8.798626 
  8.803297 
  8.790064 
  8.790842 
  8.787729 
  8.789286 
  8.789286 
  8.787729 
  8.803297 
  8.780723 
  8.782280 
  8.785394 
  8.800183 
  8.787729 
  8.784615 
  8.787729 
  8.777610 
  8.783059 
  8.772161 
  8.787729 
  8.785394 
  8.783059 
  8.798626 
  8.804075 
  8.786172 
  8.751145 
  8.762042 
  8.753480 
  8.761264 
  8.741804 
  8.767491 
  8.756593 
  8.749588 
  8.763599 
  8.766712 
  8.758150 
  8.761264 
  8.762042 
  8.763599 
  8.761264 
  8.773718 
  8.767491 
  8.778388 
  8.787729 
  8.761264 
  8.761264 
  8.763599 
  8.768269 
  8.778388 
  8.775275 
  8.785394 
  8.779167 
  8.783059 
  8.772161 
  8.782280 
  8.762821 
  8.783059 
  8.761264 
  8.764377 
  8.765934 
  8.768269 
  8.770604 
  8.777610 
  8.779167 
  8.748810 
  8.783837 
  8.776832 
  8.761264 
  8.768269 
  8.782280 
  8.769048 
  8.764377 
  8.772161 
  8.762821 
  8.776832 
  8.758150 
  8.757372 
  8.783059 
  8.771383 
  8.792399 
  8.779945 
  8.778388 
  8.763599 
  8.772161 
  8.772940 
  8.775275 
  8.783059 
  8.793956 
  8.795513 
  8.802518 
  8.800962 
  8.800962 
  8.823535 
  8.796291 
  8.800962 
  8.782280 
  8.796291 
  8.797848 
  8.800962 
  8.787729 
  8.797848 
  8.800183 
  8.799405 
  8.795513 
  8.802518 
  8.797848 
  8.796291 
  8.797070 
  8.797070 
  8.791621 
  8.765156 
  8.797070 
  8.788507 
  8.808745 
  8.798626 
  8.800183 
  8.797070 
  8.799405 
  8.786951 
  8.805632 
  8.820421 
  8.797848 
  8.802518 
  8.786951 
  8.789286 
  8.803297 
  8.811081 
  8.807967 
  8.790064 
  8.814194 
  8.809524 
  8.798626 
  8.793178 
  8.818086 
  8.819643 
  8.817308 
  8.788507 
  8.813416 
  8.810302 
  8.782280 
  8.799405 
  8.832097 
  8.817308 
  8.804853 
  8.828205 
  8.810302 
  8.836767 
  8.818086 
  8.824313 
  8.807189 
  8.826648 
  8.829762 
  8.863233 
  8.843773 
  8.841438 
  8.844551 
  8.836767 
  8.839103 
  8.834432 
  8.835989 
  8.852335 
  8.835211 
  8.821978 
  8.818864 
  8.823535 
  8.837546 
  8.842995 
  8.842995 
  8.851557 
  8.834432 
  8.840659 
  8.832875 
  8.822756 
  8.818086 
  8.814194 
  8.812637 
  8.828984 
  8.804853 
  8.814194 
  8.821978 
  8.814194 
  8.827427 
  8.827427 
  8.835989 
  8.830540 
  8.841438 
  8.816529 
  8.821200 
  8.822756 
  8.842216 
  8.832875 
  8.842995 
  8.833654 
  8.849222 
  8.821978 
  8.841438 
  8.827427 
  8.818086 
  8.831319 
  8.834432 
  8.821200 
  8.821978 
  8.833654 
  8.820421 
  8.836767 
  8.828984 
  8.841438 
  8.835211 
  8.826648 
  8.812637 
  8.819643 
  8.825092 
  8.832097 
  8.818864 
  8.821200 
  8.827427 
  8.832097 
  8.835211 
  8.828984 
  8.807967 
  8.810302 
  8.816529 
  8.827427 
  8.827427 
  8.826648 
  8.828205 
  8.822756 
  8.793956 
  8.802518 
  8.817308 
  8.793956 
  8.804853 
  8.814194 
  8.809524 
  8.806410 
  8.796291 
  8.802518 
  8.792399 
  8.790064 
  8.799405 
  8.801740 
  8.804853 
  8.811859 
  8.796291 
  8.802518 
  8.781502 
  8.790842 
  8.802518 
  8.811859 
  8.811859 
  8.809524 
  8.806410 
  8.786172 
  8.799405 
  8.804075 
  8.804853 
  8.799405 
  8.810302 
  8.797848 
  8.795513 
  8.798626 
  8.793956 
  8.793178 
  8.790842 
  8.798626 
  8.783837 
  8.810302 
  8.799405 
  8.787729 
  8.815751 
  8.779167 
  8.804853 
  8.801740 
  8.785394 
  8.778388 
  8.784615 
  8.777610 
  8.793956 
  8.784615 
  8.807967 
  8.786172 
  8.791621 
  8.780723 
  8.800962 
  8.785394 
  8.803297 
  8.781502 
  8.796291 
  8.768269 
  8.755815 
  8.788507 
  8.783837 
  8.790064 
  8.798626 
  8.789286 
  8.787729 
  8.791621 
  8.776832 
  8.803297 
  8.788507 
  8.774496 
  8.783059 
  8.762042 
  8.759707 
  8.758929 
  8.756593 
  8.774496 
  8.769826 
  8.744918 
  8.767491 
  8.769048 
  8.760485 
  8.748810 
  8.756593 
  8.768269 
  8.754258 
  8.773718 
  8.767491 
  8.776053 
  8.753480 
  8.785394 
  8.771383 
  8.757372 
  8.762042 
  8.776832 
  8.767491 
  8.764377 
  8.757372 
  8.788507 
  8.752701 
  8.770604 
  8.779945 
  8.778388 
  8.766712 
  8.769826 
  8.777610 
  8.760485 
  8.771383 
  8.746474 
  8.765156 
  8.781502 
  8.776053 
  8.765156 
  8.787729 
  8.779945 
  8.779167 
  8.783837 
  8.785394 
  8.790842 
  8.784615 
  8.763599 
  8.768269 
  8.771383 
  8.775275 
  8.775275 
  8.759707 
  8.759707 
  8.777610 
  8.786172 
  8.769048 
  8.779945 
  8.762821 
  8.773718 
  8.772161 
  8.791621 
  8.769826 
  8.781502 
  8.782280 
  8.782280 
  8.772940 
  8.766712 
  8.772161 
  8.772161 
  8.769048 
  8.779945 
  8.772161 
  8.798626 
  8.795513 
  8.792399 
  8.773718 
  8.783059 
  8.787729 
  8.773718 
  8.789286 
  8.807189 
  8.808745 
  8.806410 
  8.818086 
  8.801740 
  8.785394 
  8.789286 
  8.795513 
  8.807967 
  8.793956 
  8.794734 
  8.808745 
  8.797070 
  8.804853 
  8.802518 
  8.808745 
  8.800183 
  8.815751 
  8.831319 
  8.804075 
  8.811081 
  8.803297 
  8.795513 
  8.797848 
  8.793956 
  8.813416 
  8.792399 
  8.808745 
  8.793956 
  8.823535 
  8.800183 
  8.811081 
  8.801740 
  8.807967 
  8.802518 
  8.786951 
  8.810302 
  8.800183 
  8.795513 
  8.794734 
  8.793956 
  8.797070 
  8.800962 
  8.793178 
  8.802518 
  8.792399 
  8.814194 
  8.811859 
  8.806410 
  8.831319 
  8.826648 
  8.818864 
  8.794734 
  8.805632 
  8.790842 
  8.793178 
  8.806410 
  8.802518 
  8.811859 
  8.791621 
  8.826648 
  8.838324 
  8.828984 
  8.821200 
  8.828205 
  8.813416 
  8.831319 
  8.815751 
  8.830540 
  8.814194 
  8.825870 
  8.828205 
  8.830540 
  8.822756 
  8.822756 
  8.816529 
  8.835989 
  8.844551 
  8.805632 
  8.794734 
  8.797848 
  8.803297 
  8.828205 
  8.818086 
  8.825870 
  8.823535 
  8.812637 
  8.821978 
  8.805632 
  8.804853 
  8.815751 
  8.832875 
  8.807189 
  8.807189 
  8.833654 
  8.818086 
  8.823535 
  8.835211 
  8.841438 
  8.831319 
  8.842216 
  8.834432 
  8.851557 
  8.854670 
  8.863233 
  8.814194 
  8.820421 
  8.837546 
  8.823535 
  8.851557 
  8.845330 
  8.848443 
  8.862454 
  8.844551 
  8.863233 
  8.849222 
  8.853892 
  8.853892 
  8.827427 
  8.828984 
  8.844551 
  8.827427 
  8.835211 
  8.836767 
  8.852335 
  8.835211 
  8.835211 
  8.845330 
  8.836767 
  8.849222 
  8.855449 
  8.851557 
  8.852335 
  8.839103 
  8.821978 
  8.810302 
  8.825870 
  8.821200 
  8.816529 
  8.818086 
  8.822756 
  8.855449 
  8.818864 
  8.825870 
  8.827427 
  8.823535 
  8.829762 
  8.854670 
  8.825870 
  8.817308 
  8.846886 
  8.828984 
  8.829762 
  8.826648 
  8.822756 
  8.834432 
  8.825870 
  8.821978 
  8.844551 
  8.818086 
  8.826648 
  8.821200 
  8.833654 
  8.820421 
  8.835211 
  8.836767 
  8.835989 
  8.825870 
  8.818086 
  8.832097 
  8.821200 
  8.826648 
  8.842995 
  8.832875 
  8.814194 
  8.835211 
  8.825092 
  8.839103 
  8.830540 
  8.826648 
  8.834432 
  8.825870 
  8.821200 
  8.821978 
  8.836767 
  8.822756 
  8.816529 
  8.825092 
  8.818086 
  8.819643 
  8.828984 
  8.806410 
  8.819643 
  8.828205 
  8.810302 
  8.793178 
  8.806410 
  8.827427 
  8.797070 
  8.802518 
  8.795513 
  8.830540 
  8.800183 
  8.785394 
  8.793956 
  8.802518 
  8.795513 
  8.832875 
  8.808745 
  8.821200 
  8.781502 
  8.804075 
  8.811859 
  8.812637 
  8.801740 
  8.808745 
  8.823535 
  8.814194 
  8.797848 
  8.794734 
  8.821200 
  8.818864 
  8.818086 
  8.812637 
  8.803297 
  8.818864 
  8.803297 
  8.799405 
  8.800183 
  8.788507 
  8.799405 
  8.796291 
  8.811859 
  8.806410 
  8.798626 
  8.790842 
  8.785394 
  8.804853 
  8.809524 
  8.792399 
  8.809524 
  8.804075 
  8.811081 
  8.783059 
  8.796291 
  8.787729 
  8.812637 
  8.786951 
  8.800962 
  8.789286 
  8.785394 
  8.789286 
  8.778388 
  8.779945 
  8.790842 
  8.801740 
  8.788507 
  8.780723 
  8.790842 
  8.825092 
  8.799405 
  8.800183 
  8.790064 
  8.807189 
  8.796291 
  8.782280 
  8.771383 
  8.788507 
  8.779167 
  8.800183 
  8.779167 
  8.811859 
  8.780723 
  8.788507 
  8.798626 
  8.743361 
  8.767491 
  8.747253 
  8.775275 
  8.788507 
  8.775275 
  8.776053 
  8.769048 
  8.773718 
  8.762821 
  8.780723 
  8.762821 
  8.755815 
  8.746474 
  8.760485 
  8.752701 
  8.771383 
  8.780723 
  8.775275 
  8.788507 
  8.776053 
  8.777610 
  8.774496 
  8.791621 
  8.769826 
  8.766712 
  8.762042 
  8.776832 
  8.772940 
  8.769048 
  8.762821 
  8.765934 
  8.789286 
  8.796291 
  8.771383 
  8.776053 
  8.779167 
  8.776832 
  8.789286 
  8.786172 
  8.776053 
  8.751145 
  8.772161 
  8.787729 
  8.772161 
  8.768269 
  8.788507 
  8.790842 
  8.772940 
  8.787729 
  8.785394 
  8.793178 
  8.790842 
  8.786172 
  8.787729 
  8.776832 
  8.779167 
  8.782280 
  8.772940 
  8.757372 
  8.776053 
  8.773718 
  8.783059 
  8.781502 
  8.758150 
  8.788507 
  8.781502 
  8.783837 
  8.788507 
  8.793178 
  8.797070 
  8.786172 
  8.782280 
  8.793178 
  8.771383 
  8.779945 
  8.786172 
  8.792399 
  8.764377 
  8.789286 
  8.806410 
  8.799405 
  8.783059 
  8.803297 
  8.807189 
  8.787729 
  8.800962 
  8.812637 
  8.797848 
  8.829762 
  8.828984 
  8.805632 
  8.814973 
  8.812637 
  8.819643 
  8.799405 
  8.795513 
  8.785394 
  8.781502 
  8.802518 
  8.798626 
  8.807189 
  8.814194 
  8.817308 
  8.822756 
  8.823535 
  8.801740 
  8.803297 
  8.799405 
  8.808745 
  8.807189 
  8.821978 
  8.806410 
  8.781502 
  8.803297 
  8.781502 
  8.814194 
  8.804853 
  8.797070 
  8.805632 
  8.804075 
  8.814194 
  8.807967 
  8.821978 
  8.818864 
  8.804075 
  8.817308 
  8.798626 
  8.807189 
  8.783059 
  8.797070 
  8.793178 
  8.800962 
  8.809524 
  8.797848 
  8.834432 
  8.831319 
  8.829762 
  8.835211 
  8.818086 
  8.833654 
  8.817308 
  8.832097 
  8.831319 
  8.823535 
  8.802518 
  8.814194 
  8.832875 
  8.831319 
  8.803297 
  8.838324 
  8.841438 
  8.821200 
  8.828984 
  8.829762 
  8.846886 
  8.847665 
  8.832097 
  8.840659 
  8.837546 
  8.814194 
  8.821978 
  8.798626 
  8.846108 
  8.842216 
  8.832097 
  8.818864 
  8.828205 
  8.835211 
  8.835211 
  8.821978 
  8.833654 
  8.806410 
  8.819643 
  8.808745 
  8.825870 
  8.802518 
  8.826648 
  8.804853 
  8.850000 
  8.855449 
  8.835211 
  8.846886 
  8.855449 
  8.861676 
  8.850778 
  8.861676 
  8.846108 
  8.841438 
  8.837546 
  8.831319 
  8.840659 
  8.878800 
  8.861676 
  8.850000 
  8.846886 
  8.865568 
  8.853114 
  8.862454 
  8.843773 
  8.846108 
  8.847665 
  8.832875 
  8.821978 
  8.832097 
  8.853892 
  8.859341 
  8.864789 
  8.846108 
  8.838324 
  8.851557 
  8.843773 
  8.841438 
  8.832875 
  8.843773 
  8.857784 
  8.866346 
  8.825870 
  8.828205 
  8.850778 
  8.824313 
  8.842995 
  8.836767 
  8.857784 
  8.822756 
  8.820421 
  8.833654 
  8.843773 
  8.822756 
  8.832097 
  8.848443 
  8.809524 
  8.829762 
  8.844551 
  8.846886 
  8.821200 
  8.837546 
  8.832875 
  8.850000 
  8.842995 
  8.836767 
  8.836767 
  8.829762 
  8.832097 
  8.836767 
  8.852335 
  8.827427 
  8.826648 
  8.835211 
  8.837546 
  8.847665 
  8.859341 
  8.835989 
  8.831319 
  8.818864 
  8.840659 
  8.831319 
  8.847665 
  8.836767 
  8.824313 
  8.847665 
  8.825870 
  8.821978 
  8.819643 
  8.825092 
  8.811859 
  8.833654 
  8.820421 
  8.823535 
  8.825870 
  8.825870 
  8.821978 
  8.821978 
  8.809524 
  8.815751 
  8.816529 
  8.809524 
  8.828984 
  8.827427 
  8.816529 
  8.815751 
  8.819643 
  8.817308 
  8.807189 
  8.814973 
  8.796291 
  8.807967 
  8.821200 
  8.821200 
  8.799405 
  8.812637 
  8.810302 
  8.821978 
  8.811859 
  8.816529 
  8.803297 
  8.804853 
  8.799405 
  8.820421 
  8.817308 
  8.799405 
  8.818086 
  8.829762 
  8.821200 
  8.800962 
  8.805632 
  8.834432 
  8.794734 
  8.821978 
  8.816529 
  8.793956 
  8.824313 
  8.803297 
  8.810302 
  8.800183 
  8.821200 
  8.810302 
  8.807967 
  8.805632 
  8.827427 
  8.809524 
  8.792399 
  8.804853 
  8.803297 
  8.828984 
  8.807189 
  8.807189 
  8.819643 
  8.792399 
  8.800183 
  8.795513 
  8.804853 
  8.799405 
  8.789286 
  8.800962 
  8.799405 
  8.803297 
  8.800183 
  8.780723 
  8.814194 
  8.784615 
  8.804853 
  8.797070 
  8.804075 
  8.813416 
  8.791621 
  8.801740 
  8.797848 
  8.804075 
  8.812637 
  8.790842 
  8.797848 
  8.803297 
  8.787729 
  8.795513 
  8.786951 
  8.804853 
  8.795513 
  8.771383 
  8.791621 
  8.782280 
  8.769826 
  8.779167 
  8.765156 
  8.790064 
  8.793178 
  8.786951 
  8.772940 
  8.758150 
  8.793956 
  8.778388 
  8.772161 
  8.771383 
  8.775275 
  8.775275 
  8.764377 
  8.776832 
  8.787729 
  8.779167 
  8.780723 
  8.797070 
  8.790064 
  8.786951 
  8.797848 
  8.803297 
  8.800183 
  8.779167 
  8.781502 
  8.788507 
  8.758150 
  8.779167 
  8.776832 
  8.781502 
  8.779945 
  8.799405 
  8.799405 
  8.793956 
  8.792399 
  8.788507 
  8.796291 
  8.780723 
  8.791621 
  8.799405 
  8.783059 
  8.803297 
  8.790842 
  8.784615 
  8.790842 
  8.780723 
  8.796291 
  8.798626 
  8.810302 
  8.805632 
  8.800183 
  8.789286 
  8.795513 
  8.777610 
  8.773718 
  8.790842 
  8.787729 
  8.795513 
  8.780723 
  8.784615 
  8.782280 
  8.762042 
  8.800962 
  8.784615 
  8.800183 
  8.801740 
  8.797070 
  8.794734 
  8.804075 
  8.778388 
  8.781502 
  8.798626 
  8.797848 
  8.786951 
  8.793178 
  8.766712 
  8.804075 
  8.800962 
  8.815751 
  8.797848 
  8.782280 
  8.808745 
  8.804853 
  8.812637 
  8.814194 
  8.814194 
  8.821200 
  8.811859 
  8.801740 
  8.828984 
  8.823535 
  8.800962 
  8.790064 
  8.804075 
  8.825092 
  8.812637 
  8.809524 
  8.820421 
  8.825092 
  8.814973 
  8.827427 
  8.826648 
  8.820421 
  8.802518 
  8.819643 
  8.826648 
  8.802518 
  8.817308 
  8.827427 
  8.827427 
  8.814194 
  8.821978 
  8.814973 
  8.807189 
  8.832875 
  8.797848 
  8.801740 
  8.831319 
  8.810302 
  8.822756 
  8.814973 
  8.808745 
  8.804853 
  8.783837 
  8.818864 
  8.807967 
  8.790064 
  8.805632 
  8.809524 
  8.818086 
  8.800962 
  8.826648 
  8.829762 
  8.842216 
  8.850000 
  8.828984 
  8.827427 
  8.808745 
  8.813416 
  8.824313 
  8.808745 
  8.809524 
  8.825092 
  8.812637 
  8.828205 
  8.852335 
  8.826648 
  8.839103 
  8.841438 
  8.836767 
  8.827427 
  8.833654 
  8.824313 
  8.845330 
  8.846886 
  8.857784 
  8.828984 
  8.850000 
  8.824313 
  8.832097 
  8.845330 
  8.835211 
  8.822756 
  8.807967 
  8.825092 
  8.833654 
  8.843773 
  8.870238 
  8.834432 
  8.828984 
  8.812637 
  8.834432 
  8.858562 
  8.857005 
  8.843773 
  8.835211 
  8.838324 
  8.853114 
  8.871016 
  8.871795 
  8.860897 
  8.863233 
  8.862454 
  8.847665 
  8.864789 
  8.857784 
  8.841438 
  8.842216 
  8.841438 
  8.853114 
  8.865568 
  8.842995 
  8.849222 
  8.862454 
  8.844551 
  8.830540 
  8.827427 
  8.840659 
  8.846108 
  8.848443 
  8.858562 
  8.846108 
  8.852335 
  8.844551 
  8.814973 
  8.833654 
  8.844551 
  8.821200 
  8.838324 
  8.840659 
  8.846886 
  8.836767 
  8.827427 
  8.810302 
  8.819643 
  8.830540 
  8.830540 
  8.840659 
  8.825870 
  8.839881 
  8.852335 
  8.855449 
  8.846886 
  8.843773 
  8.854670 
  8.859341 
  8.842216 
  8.857784 
  8.848443 
  8.818864 
  8.828984 
  8.802518 
  8.839103 
  8.824313 
  8.840659 
  8.816529 
  8.839103 
  8.853892 
  8.845330 
  8.833654 
  8.850778 
  8.846886 
  8.837546 
  8.850000 
  8.839103 
  8.855449 
  8.827427 
  8.842995 
  8.853114 
  8.821978 
  8.820421 
  8.821200 
  8.837546 
  8.833654 
  8.824313 
  8.784615 
  8.824313 
  8.834432 
  8.828205 
  8.825092 
  8.846886 
  8.819643 
  8.823535 
  8.818086 
  8.835989 
  8.804075 
  8.791621 
  8.804853 
  8.816529 
  8.823535 
  8.797070 
  8.820421 
  8.818086 
  8.806410 
  8.825092 
  8.821978 
  8.811859 
  8.829762 
  8.819643 
  8.831319 
  8.807189 
  8.822756 
  8.825870 
  8.807189 
  8.800962 
  8.804853 
  8.795513 
  8.797070 
  8.821978 
  8.800183 
  8.815751 
  8.804853 
  8.821200 
  8.837546 
  8.793178 
  8.842216 
  8.811081 
  8.800962 
  8.823535 
  8.782280 
  8.796291 
  8.797070 
  8.812637 
  8.807967 
  8.809524 
  8.799405 
  8.813416 
  8.814973 
  8.820421 
  8.820421 
  8.825870 
  8.790064 
  8.835989 
  8.812637 
  8.800183 
  8.791621 
  8.796291 
  8.793956 
  8.790064 
  8.798626 
  8.804075 
  8.792399 
  8.780723 
  8.792399 
  8.793178 
  8.802518 
  8.797070 
  8.805632 
  8.788507 
  8.796291 
  8.801740 
  8.800962 
  8.807967 
  8.791621 
  8.799405 
  8.781502 
  8.798626 
  8.774496 
  8.771383 
  8.787729 
  8.779945 
  8.765156 
  8.758150 
  8.765156 
  8.755037 
  8.763599 
  8.765156 
  8.776832 
  8.765156 
  8.780723 
  8.787729 
  8.778388 
  8.786172 
  8.789286 
  8.803297 
  8.776053 
  8.745696 
  8.779945 
  8.782280 
  8.779167 
  8.773718 
  8.767491 
  8.786172 
  8.773718 
  8.786172 
  8.788507 
  8.786951 
  8.763599 
  8.783059 
  8.773718 
  8.774496 
  8.783059 
  8.777610 
  8.800962 
  8.790842 
  8.786172 
  8.782280 
  8.791621 
  8.780723 
  8.779167 
  8.792399 
  8.785394 
  8.785394 
  8.783837 
  8.795513 
  8.794734 
  8.774496 
  8.784615 
  8.774496 
  8.791621 
  8.791621 
  8.784615 
  8.772940 
  8.797848 
  8.795513 
  8.776832 
  8.779945 
  8.794734 
  8.803297 
  8.787729 
  8.792399 
  8.788507 
  8.802518 
  8.799405 
  8.770604 
  8.786172 
  8.775275 
  8.779167 
  8.787729 
  8.777610 
  8.801740 
  8.806410 
  8.812637 
  8.804853 
  8.811081 
  8.805632 
  8.810302 
  8.821200 
  8.802518 
  8.816529 
  8.824313 
  8.800183 
  8.800962 
  8.790064 
  8.807189 
  8.819643 
  8.807189 
  8.790842 
  8.813416 
  8.817308 
  8.812637 
  8.816529 
  8.803297 
  8.818864 
  8.814973 
  8.816529 
  8.820421 
  8.804853 
  8.809524 
  8.806410 
  8.794734 
  8.816529 
  8.824313 
  8.837546 
  8.812637 
  8.807967 
  8.822756 
  8.827427 
  8.806410 
  8.792399 
  8.830540 
  8.812637 
  8.797848 
  8.822756 
  8.815751 
  8.799405 
  8.803297 
  8.794734 
  8.816529 
  8.794734 
  8.787729 
  8.806410 
  8.807967 
  8.804853 
  8.819643 
  8.819643 
  8.835989 
  8.832875 
  8.839103 
  8.834432 
  8.816529 
  8.811859 
  8.814973 
  8.828205 
  8.814973 
  8.824313 
  8.807189 
  8.800962 
  8.833654 
  8.834432 
  8.835989 
  8.846886 
  8.825870 
  8.807967 
  8.829762 
  8.842995 
  8.832875 
  8.836767 
  8.830540 
  8.832875 
  8.820421 
  8.832875 
  8.833654 
  8.828205 
  8.856227 
  8.825870 
  8.823535 
  8.799405 
  8.833654 
  8.811081 
  8.846108 
  8.825092 
  8.828984 
  8.833654 
  8.807189 
  8.813416 
  8.793956 
  8.819643 
  8.814973 
  8.816529 
  8.817308 
  8.815751 
  8.811859 
  8.817308 
  8.809524 
  8.837546 
  8.829762 
  8.855449 
  8.844551 
  8.842995 
  8.837546 
  8.839881 
  8.845330 
  8.836767 
  8.864789 
  8.844551 
  8.867903 
  8.857005 
  8.842995 
  8.833654 
  8.871016 
  8.867125 
  8.857005 
  8.854670 
  8.841438 
  8.848443 
  8.854670 
  8.851557 
  8.837546 
  8.849222 
  8.842995 
  8.846108 
  8.846108 
  8.874908 
  8.868681 
  8.825092 
  8.842995 
  8.860119 
  8.846886 
  8.843773 
  8.828984 
  8.814194 
  8.850778 
  8.838324 
  8.857784 
  8.852335 
  8.846108 
  8.860119 
  8.832097 
  8.839881 
  8.846108 
  8.823535 
  8.825870 
  8.837546 
  8.828205 
  8.839881 
  8.830540 
  8.837546 
  8.840659 
  8.832097 
  8.819643 
  8.836767 
  8.832097 
  8.826648 
  8.819643 
  8.850000 
  8.849222 
  8.835211 
  8.834432 
  8.837546 
  8.838324 
  8.839103 
  8.851557 
  8.856227 
  8.842216 
  8.822756 
  8.831319 
  8.839103 
  8.826648 
  8.850778 
  8.844551 
  8.849222 
  8.828984 
  8.841438 
  8.848443 
  8.839103 
  8.847665 
  8.838324 
  8.845330 
  8.828205 
  8.851557 
  8.826648 
  8.846108 
  8.839881 
  8.835211 
  8.822756 
  8.832097 
  8.848443 
  8.821200 
  8.842216 
  8.820421 
  8.811081 
  8.832097 
  8.828205 
  8.825870 
  8.824313 
  8.842995 
  8.832097 
  8.825870 
  8.822756 
  8.832875 
  8.831319 
  8.833654 
  8.819643 
  8.835211 
  8.828205 
  8.811081 
  8.811859 
  8.820421 
  8.814194 
  8.832097 
  8.828205 
  8.821978 
  8.824313 
  8.799405 
  8.823535 
  8.803297 
  8.817308 
  8.814973 
  8.811859 
  8.818864 
  8.811859 
  8.809524 
  8.820421 
  8.807967 
  8.827427 
  8.809524 
  8.824313 
  8.842995 
  8.828984 
  8.837546 
  8.823535 
  8.807967 
  8.812637 
  8.786172 
  8.815751 
  8.808745 
  8.822756 
  8.814194 
  8.824313 
  8.815751 
  8.820421 
  8.836767 
  8.820421 
  8.804853 
  8.823535 
  8.854670 
  8.807967 
  8.804075 
  8.807189 
  8.807967 
  8.805632 
  8.807189 
  8.825870 
  8.802518 
  8.820421 
  8.804075 
  8.803297 
  8.806410 
  8.805632 
  8.787729 
  8.814973 
  8.811859 
  8.802518 
  8.807189 
  8.821200 
  8.826648 
  8.816529 
  8.807967 
  8.813416 
  8.799405 
  8.831319 
  8.797848 
  8.804853 
  8.781502 
  8.809524 
  8.822756 
  8.812637 
  8.795513 
  8.785394 
  8.766712 
  8.775275 
  8.764377 
  8.769826 
  8.772161 
  8.782280 
  8.783059 
  8.776832 
  8.780723 
  8.777610 
  8.770604 
  8.774496 
  8.772161 
  8.776832 
  8.766712 
  8.747253 
  8.757372 
  8.782280 
  8.790842 
  8.779167 
  8.786172 
  8.779167 
  8.786172 
  8.787729 
  8.800962 
  8.779945 
  8.803297 
  8.777610 
  8.754258 
  8.775275 
  8.758150 
  8.793956 
  8.782280 
  8.776053 
  8.786172 
  8.797848 
  8.787729 
  8.767491 
  8.786951 
  8.786172 
  8.781502 
  8.781502 
  8.758929 
  8.797848 
  8.790064 
  8.786951 
  8.784615 
  8.793956 
  8.790064 
  8.783059 
  8.782280 
  8.787729 
  8.782280 
  8.793956 
  8.795513 
  8.783059 
  8.778388 
  8.789286 
  8.768269 
  8.787729 
  8.783837 
  8.779167 
  8.784615 
  8.789286 
  8.786951 
  8.765156 
  8.793178 
  8.785394 
  8.804853 
  8.793178 
  8.789286 
  8.787729 
  8.815751 
  8.794734 
  8.769826 
  8.792399 
  8.775275 
  8.786951 
  8.798626 
  8.762821 
  8.800183 
  8.805632 
  8.790842 
  8.792399 
  8.791621 
  8.817308 
  8.800183 
  8.809524 
  8.815751 
  8.798626 
  8.803297 
  8.818086 
  8.793956 
  8.807967 
  8.800183 
  8.824313 
  8.810302 
  8.810302 
  8.809524 
  8.792399 
  8.816529 
  8.830540 
  8.797070 
  8.825870 
  8.825092 
  8.811081 
  8.822756 
  8.820421 
  8.825092 
  8.811859 
  8.807189 
  8.828205 
  8.812637 
  8.828984 
  8.809524 
  8.813416 
  8.794734 
  8.808745 
  8.811081 
  8.808745 
  8.793956 
  8.805632 
  8.813416 
  8.811081 
  8.814973 
  8.816529 
  8.818086 
  8.797070 
  8.838324 
  8.814194 
  8.783837 
  8.797070 
  8.807189 
  8.798626 
  8.802518 
  8.814973 
  8.825092 
  8.818086 
  8.824313 
  8.851557 
  8.829762 
  8.834432 
  8.839103 
  8.811859 
  8.840659 
  8.826648 
  8.829762 
  8.802518 
  8.806410 
  8.840659 
  8.816529 
  8.816529 
  8.830540 
  8.827427 
  8.832875 
  8.839103 
  8.835211 
  8.857784 
  8.847665 
  8.842216 
  8.821200 
  8.828205 
  8.826648 
  8.824313 
  8.823535 
  8.834432 
  8.835989 
  8.818864 
  8.831319 
  8.834432 
  8.846108 
  8.831319 
  8.815751 
  8.818086 
  8.821200 
  8.836767 
  8.819643 
  8.829762 
  8.818086 
  8.825870 
  8.805632 
  8.794734 
  8.821200 
  8.823535 
  8.805632 
  8.836767 
  8.836767 
  8.841438 
  8.832875 
  8.839103 
  8.835211 
  8.832875 
  8.860119 
  8.839103 
  8.864789 
  8.860119 
  8.839103 
  8.834432 
  8.854670 
  8.863233 
  8.853114 
  8.867903 
  8.852335 
  8.874130 
  8.848443 
  8.865568 
  8.840659 
  8.856227 
  8.849222 
  8.841438 
  8.841438 
  8.860119 
  8.855449 
  8.833654 
  8.836767 
  8.855449 
  8.846108 
  8.835989 
  8.823535 
  8.845330 
  8.851557 
  8.834432 
  8.863233 
  8.857005 
  8.853114 
  8.843773 
  8.842995 
  8.827427 
  8.842995 
  8.830540 
  8.825870 
  8.839103 
  8.832875 
  8.840659 
  8.832875 
  8.842995 
  8.845330 
  8.835211 
  8.834432 
  8.834432 
  8.842995 
  8.829762 
  8.824313 
  8.836767 
  8.854670 
  8.838324 
  8.822756 
  8.841438 
  8.835989 
  8.825870 
  8.837546 
  8.841438 
  8.853892 
  8.830540 
  8.824313 
  8.829762 
  8.835989 
  8.840659 
  8.830540 
  8.832097 
  8.855449 
  8.858562 
  8.845330 
  8.841438 
  8.842995 
  8.837546 
  8.839881 
  8.835211 
  8.832097 
  8.819643 
  8.833654 
  8.850000 
  8.828984 
  8.833654 
  8.816529 
  8.839881 
  8.830540 
  8.835211 
  8.818086 
  8.814194 
  8.828205 
  8.827427 
  8.842216 
  8.815751 
  8.842995 
  8.825092 
  8.826648 
  8.831319 
  8.825092 
  8.828205 
  8.831319 
  8.823535 
  8.835989 
  8.832875 
  8.806410 
  8.801740 
  8.823535 
  8.807967 
  8.842216 
  8.837546 
  8.819643 
  8.821200 
  8.793178 
  8.826648 
  8.803297 
  8.818086 
  8.816529 
  8.808745 
  8.815751 
  8.823535 
  8.814973 
  8.823535 
  8.819643 
  8.839881 
  8.821978 
  8.828205 
  8.851557 
  8.820421 
  8.841438 
  8.829762 
  8.807967 
  8.821978 
  8.807967 
  8.821978 
  8.809524 
  8.814194 
  8.816529 
  8.825870 
  8.812637 
  8.824313 
  8.829762 
  8.808745 
  8.805632 
  8.841438 
  8.864011 
  8.823535 
  8.820421 
  8.822756 
  8.813416 
  8.813416 
  8.798626 
  8.822756 
  8.814194 
  8.818864 
  8.840659 
  8.817308 
  8.804853 
  8.818086 
  8.788507 
  8.846108 
  8.832875 
  8.819643 
  8.804075 
  8.816529 
  8.826648 
  8.831319 
  8.818086 
  8.820421 
  8.819643 
  8.846886 
  8.813416 
  8.827427 
  8.808745 
  8.828984 
  8.817308 
  8.814194 
  8.814194 
  8.797848 
  8.819643 
  8.823535 
  8.807189 
  8.786172 
  8.775275 
  8.800962 
  8.816529 
  8.807189 
  8.826648 
  8.812637 
  8.830540 
  8.776832 
  8.811081 
  8.804075 
  8.775275 
  8.777610 
  8.773718 
  8.784615 
  8.772940 
  8.774496 
  8.781502 
  8.778388 
  8.780723 
  8.783837 
  8.766712 
  8.776832 
  8.777610 
  8.796291 
  8.739469 
  8.783837 
  8.772161 
  8.769826 
  8.775275 
  8.790064 
  8.789286 
  8.780723 
  8.776832 
  8.793956 
  8.769048 
  8.765934 
  8.769048 
  8.777610 
  8.784615 
  8.787729 
  8.766712 
  8.777610 
  8.766712 
  8.774496 
  8.793956 
  8.783059 
  8.784615 
  8.803297 
  8.802518 
  8.805632 
  8.778388 
  8.778388 
  8.786951 
  8.762042 
  8.778388 
  8.777610 
  8.780723 
  8.794734 
  8.787729 
  8.789286 
  8.795513 
  8.782280 
  8.796291 
  8.802518 
  8.779945 
  8.799405 
  8.793178 
  8.786172 
  8.805632 
  8.796291 
  8.775275 
  8.808745 
  8.776832 
  8.783837 
  8.787729 
  8.788507 
  8.786951 
  8.785394 
  8.784615 
  8.790842 
  8.792399 
  8.783837 
  8.791621 
  8.795513 
  8.805632 
  8.787729 
  8.783837 
  8.780723 
  8.772161 
  8.790064 
  8.780723 
  8.803297 
  8.787729 
  8.778388 
  8.780723 
  8.801740 
  8.786951 
  8.787729 
  8.807189 
  8.792399 
  8.799405 
  8.786172 
  8.768269 
  8.812637 
  8.809524 
  8.807189 
  8.800962 
  8.792399 
  8.804075 
  8.811859 
  8.795513 
  8.792399 
  8.800183 
  8.804075 
  8.799405 
  8.806410 
  8.813416 
  8.818086 
  8.820421 
  8.825092 
  8.812637 
  8.800962 
  8.812637 
  8.797070 
  8.809524 
  8.814194 
  8.811859 
  8.808745 
  8.827427 
  8.805632 
  8.810302 
  8.805632 
  8.827427 
  8.811859 
  8.804853 
  8.803297 
  8.790842 
  8.810302 
  8.820421 
  8.799405 
  8.836767 
  8.820421 
  8.828984 
  8.800183 
  8.797070 
  8.821200 
  8.797848 
  8.811081 
  8.811081 
  8.795513 
  8.812637 
  8.793178 
  8.798626 
  8.818864 
  8.804075 
  8.807189 
  8.815751 
  8.803297 
  8.821200 
  8.818086 
  8.816529 
  8.816529 
  8.820421 
  8.829762 
  8.833654 
  8.816529 
  8.815751 
  8.811081 
  8.814194 
  8.833654 
  8.822756 
  8.811859 
  8.838324 
  8.825092 
  8.836767 
  8.835989 
  8.828984 
  8.832097 
  8.822756 
  8.821978 
  8.840659 
  8.827427 
  8.828984 
  8.842995 
  8.835211 
  8.828984 
  8.816529 
  8.825870 
  8.850778 
  8.824313 
  8.819643 
  8.823535 
  8.829762 
  8.821200 
  8.860119 
  8.821200 
  8.824313 
  8.833654 
  8.815751 
  8.818086 
  8.811859 
  8.811081 
  8.812637 
  8.818086 
  8.817308 
  8.821200 
  8.820421 
  8.813416 
  8.795513 
  8.822756 
  8.809524 
  8.821200 
  8.820421 
  8.807189 
  8.822756 
  8.808745 
  8.816529 
  8.845330 
  8.835989 
  8.829762 
  8.828984 
  8.823535 
  8.808745 
  8.843773 
  8.835989 
  8.855449 
  8.828984 
  8.833654 
  8.830540 
  8.848443 
  8.835211 
  8.844551 
  8.825092 
  8.818086 
  8.846108 
  8.848443 
  8.845330 
  8.871016 
  8.852335 
  8.842216 
  8.864789 
  8.867125 
  8.860119 
  8.863233 
  8.856227 
  8.848443 
  8.861676 
  8.863233 
  8.852335 
  8.837546 
  8.826648 
  8.852335 
  8.843773 
  8.865568 
  8.855449 
  8.843773 
  8.863233 
  8.864789 
  8.853114 
  8.847665 
  8.834432 
  8.859341 
  8.856227 
  8.831319 
  8.872573 
  8.850000 
  8.846886 
  8.850000 
  8.851557 
  8.831319 
  8.852335 
  8.821978 
  8.821978 
  8.836767 
  8.828205 
  8.828984 
  8.864011 
  8.842216 
  8.832875 
  8.863233 
  8.821978 
  8.821978 
  8.834432 
  8.828205 
  8.828205 
  8.829762 
  8.857005 
  8.864789 
  8.847665 
  8.824313 
  8.853114 
  8.838324 
  8.842995 
  8.828984 
  8.834432 
  8.848443 
  8.822756 
  8.839103 
  8.825092 
  8.830540 
  8.851557 
  8.839103 
  8.839103 
  8.861676 
  8.851557 
  8.826648 
  8.835211 
  8.857784 
  8.818086 
  8.850000 
  8.854670 
  8.828205 
  8.843773 
  8.842995 
  8.835989 
  8.831319 
  8.813416 
  8.842995 
  8.828984 
  8.847665 
  8.825870 
  8.815751 
  8.829762 
  8.832097 
  8.829762 
  8.829762 
  8.839881 
  8.822756 
  8.829762 
  8.839103 
  8.823535 
  8.828205 
  8.841438 
  8.814973 
  8.821200 
  8.829762 
  8.803297 
  8.799405 
  8.828984 
  8.801740 
  8.815751 
  8.842995 
  8.814194 
  8.823535 
  8.797848 
  8.811859 
  8.835989 
  8.821200 
  8.810302 
  8.827427 
  8.832097 
  8.811859 
  8.825092 
  8.818864 
  8.825092 
  8.819643 
  8.811859 
  8.828984 
  8.829762 
  8.800183 
  8.842216 
  8.818086 
  8.786172 
  8.821978 
  8.812637 
  8.813416 
  8.814194 
  8.804853 
  8.820421 
  8.838324 
  8.804853 
  8.839881 
  8.838324 
  8.794734 
  8.825092 
  8.795513 
  8.844551 
  8.836767 
  8.817308 
  8.826648 
  8.829762 
  8.810302 
  8.809524 
  8.817308 
  8.807189 
  8.821978 
  8.803297 
  8.818086 
  8.800962 
  8.831319 
  8.796291 
  8.821200 
  8.823535 
  8.799405 
  8.827427 
  8.831319 
  8.846108 
  8.819643 
  8.809524 
  8.816529 
  8.801740 
  8.811081 
  8.825092 
  8.818086 
  8.812637 
  8.829762 
  8.834432 
  8.821978 
  8.824313 
  8.800183 
  8.812637 
  8.830540 
  8.819643 
  8.800183 
  8.778388 
  8.804075 
  8.822756 
  8.808745 
  8.811081 
  8.800183 
  8.830540 
  8.791621 
  8.818086 
  8.814194 
  8.821978 
  8.811081 
  8.815751 
  8.811081 
  8.807967 
  8.774496 
  8.800183 
  8.789286 
  8.786172 
  8.785394 
  8.766712 
  8.783837 
  8.772161 
  8.760485 
  8.783837 
  8.781502 
  8.778388 
  8.775275 
  8.780723 
  8.780723 
  8.762821 
  8.781502 
  8.769048 
  8.782280 
  8.743361 
  8.784615 
  8.804075 
  8.786172 
  8.784615 
  8.786951 
  8.793178 
  8.779945 
  8.791621 
  8.779945 
  8.776832 
  8.770604 
  8.765934 
  8.769826 
  8.763599 
  8.781502 
  8.769826 
  8.789286 
  8.779945 
  8.772161 
  8.804853 
  8.788507 
  8.786172 
  8.800962 
  8.802518 
  8.797848 
  8.782280 
  8.774496 
  8.797070 
  8.765934 
  8.774496 
  8.781502 
  8.784615 
  8.788507 
  8.782280 
  8.790842 
  8.793956 
  8.783059 
  8.786951 
  8.808745 
  8.779167 
  8.798626 
  8.800962 
  8.786951 
  8.807189 
  8.800962 
  8.782280 
  8.808745 
  8.788507 
  8.790064 
  8.786172 
  8.804075 
  8.790064 
  8.780723 
  8.787729 
  8.789286 
  8.779945 
  8.786172 
  8.796291 
  8.795513 
  8.793956 
  8.780723 
  8.778388 
  8.779945 
  8.778388 
  8.791621 
  8.785394 
  8.798626 
  8.786951 
  8.786951 
  8.773718 
  8.799405 
  8.786172 
  8.785394 
  8.797848 
  8.787729 
  8.790064 
  8.787729 
  8.762821 
  8.796291 
  8.793956 
  8.794734 
  8.797848 
  8.773718 
  8.802518 
  8.811859 
  8.789286 
  8.796291 
  8.794734 
  8.796291 
  8.809524 
  8.801740 
  8.804853 
  8.823535 
  8.812637 
  8.814973 
  8.809524 
  8.790842 
  8.802518 
  8.801740 
  8.819643 
  8.792399 
  8.797070 
  8.818086 
  8.811859 
  8.793178 
  8.819643 
  8.809524 
  8.818086 
  8.813416 
  8.792399 
  8.809524 
  8.792399 
  8.807967 
  8.807189 
  8.805632 
  8.828205 
  8.800183 
  8.811081 
  8.804853 
  8.807189 
  8.811859 
  8.787729 
  8.813416 
  8.808745 
  8.782280 
  8.800183 
  8.794734 
  8.807189 
  8.804853 
  8.781502 
  8.797848 
  8.811859 
  8.788507 
  8.813416 
  8.811859 
  8.825092 
  8.823535 
  8.828205 
  8.842995 
  8.805632 
  8.804853 
  8.810302 
  8.818086 
  8.826648 
  8.828984 
  8.824313 
  8.803297 
  8.817308 
  8.825870 
  8.835211 
  8.825870 
  8.825870 
  8.809524 
  8.824313 
  8.825092 
  8.836767 
  8.832875 
  8.832097 
  8.827427 
  8.834432 
  8.821978 
  8.834432 
  8.818086 
  8.865568 
  8.818086 
  8.816529 
  8.804853 
  8.836767 
  8.815751 
  8.850000 
  8.819643 
  8.835211 
  8.833654 
  8.835989 
  8.814194 
  8.795513 
  8.818864 
  8.818086 
  8.798626 
  8.846108 
  8.841438 
  8.822756 
  8.813416 
  8.831319 
  8.801740 
  8.860119 
  8.830540 
  8.843773 
  8.816529 
  8.843773 
  8.840659 
  8.822756 
  8.842995 
  8.836767 
  8.840659 
  8.825870 
  8.862454 
  8.853892 
  8.836767 
  8.863233 
  8.846108 
  8.827427 
  8.844551 
  8.871016 
  8.872573 
  8.855449 
  8.840659 
  8.854670 
  8.851557 
  8.852335 
  8.842995 
  8.854670 
  8.852335 
  8.839881 
  8.845330 
  8.858562 
  8.860119 
  8.831319 
  8.833654 
  8.864789 
  8.839103 
  8.842995 
  8.831319 
  8.818864 
  8.844551 
  8.835211 
  8.850000 
  8.861676 
  8.853892 
  8.857005 
  8.842216 
  8.832875 
  8.855449 
  8.824313 
  8.820421 
  8.840659 
  8.818864 
  8.836767 
  8.839103 
  8.825092 
  8.835211 
  8.824313 
  8.813416 
  8.824313 
  8.828984 
  8.827427 
  8.822756 
  8.831319 
  8.846108 
  8.860119 
  8.862454 
  8.826648 
  8.832875 
  8.836767 
  8.844551 
  8.846886 
  8.829762 
  8.860897 
  8.830540 
  8.821200 
  8.827427 
  8.838324 
  8.846108 
  8.829762 
  8.831319 
  8.831319 
  8.852335 
  8.836767 
  8.835211 
  8.846886 
  8.835211 
  8.844551 
  8.846108 
  8.828984 
  8.839881 
  8.844551 
  8.825870 
  8.838324 
  8.815751 
  8.830540 
  8.852335 
  8.836767 
  8.829762 
  8.819643 
  8.818086 
  8.817308 
  8.833654 
  8.825092 
  8.840659 
  8.822756 
  8.832875 
  8.837546 
  8.828984 
  8.839881 
  8.830540 
  8.809524 
  8.834432 
  8.830540 
  8.804075 
  8.814194 
  8.825870 
  8.796291 
  8.821978 
  8.837546 
  8.804075 
  8.829762 
  8.811081 
  8.811081 
  8.824313 
  8.830540 
  8.821200 
  8.825870 
  8.821200 
  8.811081 
  8.825092 
  8.819643 
  8.819643 
  8.807967 
  8.813416 
  8.823535 
  8.840659 
  8.814194 
  8.846886 
  8.835211 
  8.800183 
  8.835989 
  8.804075 
  8.818864 
  8.825092 
  8.816529 
  8.830540 
  8.827427 
  8.820421 
  8.819643 
  8.828984 
  8.795513 
  8.818086 
  8.798626 
  8.860119 
  8.825092 
  8.829762 
  8.818864 
  8.832875 
  8.811081 
  8.821978 
  8.822756 
  8.805632 
  8.823535 
  8.810302 
  8.816529 
  8.810302 
  8.814194 
  8.804853 
  8.837546 
  8.823535 
  8.818086 
  8.821978 
  8.849222 
  8.842216 
  8.828984 
  8.839103 
  8.828205 
  8.832875 
  8.837546 
  8.832875 
  8.825092 
  8.820421 
  8.821200 
  8.835989 
  8.819643 
  8.819643 
  8.817308 
  8.809524 
  8.848443 
  8.826648 
  8.824313 
  8.834432 
  8.836767 
  8.820421 
  8.815751 
  8.847665 
  8.829762 
  8.839103 
  8.813416 
  8.821978 
  8.832097 
  8.818864 
  8.828205 
  8.814973 
  8.838324 
  8.811859 
  8.832875 
  8.817308 
  8.842216 
  8.819643 
  8.821200 
  8.822756 
  8.803297 
  8.802518 
  8.817308 
  8.794734 
  8.797848 
  8.775275 
  8.778388 
  8.773718 
  8.779945 
  8.790842 
  8.784615 
  8.783837 
  8.776053 
  8.769048 
  8.788507 
  8.781502 
  8.779945 
  8.785394 
  8.796291 
  8.797070 
  8.774496 
  8.768269 
  8.776053 
  8.769048 
  8.797070 
  8.786951 
  8.796291 
  8.786951 
  8.787729 
  8.808745 
  8.794734 
  8.774496 
  8.783059 
  8.772940 
  8.780723 
  8.765934 
  8.762042 
  8.810302 
  8.790064 
  8.797070 
  8.786172 
  8.779167 
  8.772161 
  8.780723 
  8.779167 
  8.776053 
  8.787729 
  8.763599 
  8.784615 
  8.769826 
  8.755815 
  8.772940 
  8.775275 
  8.782280 
  8.787729 
  8.800183 
  8.783059 
  8.786172 
  8.789286 
  8.772940 
  8.788507 
  8.773718 
  8.765934 
  8.800183 
  8.772161 
  8.787729 
  8.783059 
  8.768269 
  8.779945 
  8.776832 
  8.776832 
  8.786951 
  8.784615 
  8.778388 
  8.800183 
  8.790064 
  8.773718 
  8.804075 
  8.776832 
  8.811081 
  8.796291 
  8.775275 
  8.790842 
  8.780723 
  8.794734 
  8.783837 
  8.784615 
  8.798626 
  8.784615 
  8.786951 
  8.795513 
  8.789286 
  8.790064 
  8.802518 
  8.789286 
  8.778388 
  8.786172 
  8.778388 
  8.785394 
  8.778388 
  8.782280 
  8.790064 
  8.779167 
  8.785394 
  8.790842 
  8.802518 
  8.800183 
  8.793956 
  8.786172 
  8.811859 
  8.793956 
  8.797848 
  8.799405 
  8.787729 
  8.822756 
  8.816529 
  8.812637 
  8.793956 
  8.787729 
  8.800962 
  8.814194 
  8.805632 
  8.800183 
  8.801740 
  8.811859 
  8.813416 
  8.791621 
  8.806410 
  8.826648 
  8.812637 
  8.827427 
  8.825092 
  8.811859 
  8.797848 
  8.806410 
  8.812637 
  8.826648 
  8.822756 
  8.811859 
  8.820421 
  8.805632 
  8.821200 
  8.817308 
  8.798626 
  8.816529 
  8.823535 
  8.818086 
  8.825092 
  8.819643 
  8.803297 
  8.829762 
  8.810302 
  8.832875 
  8.813416 
  8.807189 
  8.825870 
  8.803297 
  8.795513 
  8.808745 
  8.811081 
  8.814194 
  8.800962 
  8.786172 
  8.802518 
  8.806410 
  8.796291 
  8.803297 
  8.807189 
  8.812637 
  8.825092 
  8.828205 
  8.840659 
  8.845330 
  8.832875 
  8.819643 
  8.816529 
  8.828984 
  8.829762 
  8.830540 
  8.815751 
  8.829762 
  8.818086 
  8.808745 
  8.843773 
  8.855449 
  8.815751 
  8.828984 
  8.816529 
  8.821200 
  8.839881 
  8.834432 
  8.832875 
  8.812637 
  8.825092 
  8.828205 
  8.848443 
  8.817308 
  8.816529 
  8.815751 
  8.835989 
  8.826648 
  8.807967 
  8.812637 
  8.842216 
  8.821978 
  8.842216 
  8.828205 
  8.846108 
  8.843773 
  8.855449 
  8.850000 
  8.836767 
  8.842216 
  8.853114 
  8.849222 
  8.864789 
  8.869460 
  8.872573 
  8.848443 
  8.870238 
  8.860119 
  8.853114 
  8.838324 
  8.845330 
  8.846886 
  8.843773 
  8.827427 
  8.836767 
  8.862454 
  8.856227 
  8.857784 
  8.848443 
  8.839103 
  8.836767 
  8.856227 
  8.835211 
  8.840659 
  8.843773 
  8.853892 
  8.844551 
  8.832097 
  8.835989 
  8.845330 
  8.821978 
  8.842216 
  8.824313 
  8.855449 
  8.816529 
  8.833654 
  8.829762 
  8.840659 
  8.833654 
  8.820421 
  8.837546 
  8.830540 
  8.814194 
  8.835989 
  8.852335 
  8.849222 
  8.847665 
  8.829762 
  8.832875 
  8.833654 
  8.844551 
  8.848443 
  8.860897 
  8.837546 
  8.850000 
  8.828205 
  8.837546 
  8.825870 
  8.835989 
  8.840659 
  8.844551 
  8.836767 
  8.842216 
  8.852335 
  8.836767 
  8.825870 
  8.836767 
  8.839103 
  8.829762 
  8.846108 
  8.839103 
  8.845330 
  8.842216 
  8.835989 
  8.828205 
  8.829762 
  8.836767 
  8.856227 
  8.839103 
  8.825092 
  8.831319 
  8.832097 
  8.825092 
  8.824313 
  8.841438 
  8.818086 
  8.823535 
  8.830540 
  8.824313 
  8.838324 
  8.832875 
  8.808745 
  8.807189 
  8.834432 
  8.810302 
  8.811081 
  8.827427 
  8.814973 
  8.824313 
  8.838324 
  8.819643 
  8.818864 
  8.807967 
  8.814194 
  8.804853 
  8.838324 
  8.816529 
  8.815751 
  8.825870 
  8.835989 
  8.823535 
  8.818086 
  8.825092 
  8.832097 
  8.825870 
  8.812637 
  8.844551 
  8.806410 
  8.830540 
  8.832875 
  8.809524 
  8.829762 
  8.800183 
  8.823535 
  8.818864 
  8.836767 
  8.818086 
  8.817308 
  8.816529 
  8.817308 
  8.834432 
  8.804075 
  8.814194 
  8.825870 
  8.825870 
  8.832097 
  8.838324 
  8.828984 
  8.839103 
  8.827427 
  8.820421 
  8.828205 
  8.816529 
  8.796291 
  8.803297 
  8.807967 
  8.817308 
  8.822756 
  8.827427 
  8.832875 
  8.819643 
  8.835211 
  8.832875 
  8.825870 
  8.850000 
  8.827427 
  8.830540 
  8.826648 
  8.814973 
  8.821978 
  8.827427 
  8.835211 
  8.812637 
  8.834432 
  8.839103 
  8.822756 
  8.818864 
  8.842216 
  8.821200 
  8.812637 
  8.819643 
  8.810302 
  8.816529 
  8.816529 
  8.839103 
  8.831319 
  8.838324 
  8.819643 
  8.819643 
  8.830540 
  8.828984 
  8.798626 
  8.829762 
  8.837546 
  8.828205 
  8.820421 
  8.824313 
  8.827427 
  8.821978 
  8.827427 
  8.829762 
  8.844551 
  8.853114 
  8.841438 
  8.818086 
  8.835211 
  8.825092 
  8.794734 
  8.846108 
  8.845330 
  8.824313 
  8.844551 
  8.818864 
  8.796291 
  8.818086 
  8.844551 
  8.794734 
  8.821978 
  8.776053 
  8.769048 
  8.798626 
  8.790842 
  8.789286 
  8.791621 
  8.791621 
  8.792399 
  8.804853 
  8.782280 
  8.771383 
  8.797848 
  8.776832 
  8.800962 
  8.808745 
  8.797848 
  8.788507 
  8.793956 
  8.775275 
  8.792399 
  8.800183 
  8.781502 
  8.756593 
  8.779945 
  8.783837 
  8.790842 
  8.778388 
  8.780723 
  8.772161 
  8.782280 
  8.800962 
  8.782280 
  8.797070 
  8.790064 
  8.782280 
  8.792399 
  8.765934 
  8.783837 
  8.774496 
  8.762042 
  8.783059 
  8.790842 
  8.800962 
  8.803297 
  8.797848 
  8.790842 
  8.785394 
  8.782280 
  8.792399 
  8.777610 
  8.765156 
  8.784615 
  8.778388 
  8.781502 
  8.771383 
  8.742582 
  8.762042 
  8.762042 
  8.781502 
  8.784615 
  8.783059 
  8.781502 
  8.798626 
  8.779167 
  8.796291 
  8.793956 
  8.786951 
  8.781502 
  8.783837 
  8.787729 
  8.779945 
  8.784615 
  8.790842 
  8.764377 
  8.787729 
  8.793178 
  8.776832 
  8.787729 
  8.783059 
  8.787729 
  8.820421 
  8.797070 
  8.798626 
  8.787729 
  8.795513 
  8.804853 
  8.800183 
  8.779945 
  8.791621 
  8.799405 
  8.795513 
  8.792399 
  8.796291 
  8.786172 
  8.793178 
  8.786172 
  8.785394 
  8.797070 
  8.797070 
  8.785394 
  8.798626 
  8.805632 
  8.807967 
  8.782280 
  8.789286 
  8.772161 
  8.787729 
  8.775275 
  8.783059 
  8.793956 
  8.800962 
  8.794734 
  8.792399 
  8.797848 
  8.790064 
  8.808745 
  8.798626 
  8.799405 
  8.790842 
  8.814973 
  8.805632 
  8.800962 
  8.794734 
  8.797070 
  8.819643 
  8.807967 
  8.809524 
  8.795513 
  8.796291 
  8.818086 
  8.816529 
  8.807967 
  8.788507 
  8.819643 
  8.821200 
  8.812637 
  8.797848 
  8.808745 
  8.800962 
  8.793178 
  8.826648 
  8.807189 
  8.809524 
  8.832875 
  8.825092 
  8.812637 
  8.796291 
  8.810302 
  8.783059 
  8.789286 
  8.807967 
  8.818086 
  8.818086 
  8.819643 
  8.805632 
  8.818086 
  8.811081 
  8.818086 
  8.799405 
  8.793956 
  8.807189 
  8.793956 
  8.811081 
  8.814973 
  8.811081 
  8.810302 
  8.794734 
  8.823535 
  8.796291 
  8.800962 
  8.784615 
  8.804075 
  8.801740 
  8.818086 
  8.822756 
  8.798626 
  8.832097 
  8.827427 
  8.825092 
  8.836767 
  8.818864 
  8.823535 
  8.808745 
  8.807967 
  8.835989 
  8.825870 
  8.804075 
  8.815751 
  8.841438 
  8.832097 
  8.829762 
  8.846108 
  8.825870 
  8.816529 
  8.825870 
  8.819643 
  8.848443 
  8.821200 
  8.823535 
  8.831319 
  8.846886 
  8.820421 
  8.830540 
  8.812637 
  8.845330 
  8.846108 
  8.829762 
  8.804075 
  8.838324 
  8.839103 
  8.838324 
  8.833654 
  8.833654 
  8.810302 
  8.815751 
  8.808745 
  8.821978 
  8.817308 
  8.825870 
  8.842216 
  8.839103 
  8.823535 
  8.846108 
  8.853114 
  8.843773 
  8.835989 
  8.821978 
  8.830540 
  8.842995 
  8.854670 
  8.847665 
  8.835211 
  8.846108 
  8.838324 
  8.851557 
  8.855449 
  8.850000 
  8.861676 
  8.848443 
  8.860119 
  8.840659 
  8.851557 
  8.835211 
  8.839103 
  8.850000 
  8.844551 
  8.818086 
  8.839103 
  8.866346 
  8.850778 
  8.855449 
  8.849222 
  8.839881 
  8.850000 
  8.844551 
  8.839103 
  8.835989 
  8.845330 
  8.850000 
  8.834432 
  8.828984 
  8.832875 
  8.835211 
  8.811859 
  8.840659 
  8.842995 
  8.858562 
  8.823535 
  8.825092 
  8.839881 
  8.856227 
  8.818086 
  8.835989 
  8.849222 
  8.823535 
  8.832875 
  8.838324 
  8.846108 
  8.846886 
  8.828205 
  8.838324 
  8.828984 
  8.831319 
  8.840659 
  8.830540 
  8.852335 
  8.839881 
  8.833654 
  8.838324 
  8.838324 
  8.836767 
  8.838324 
  8.846108 
  8.850000 
  8.848443 
  8.848443 
  8.835211 
  8.841438 
  8.850778 
  8.833654 
  8.840659 
  8.835211 
  8.844551 
  8.830540 
  8.847665 
  8.826648 
  8.823535 
  8.831319 
  8.824313 
  8.835211 
  8.850000 
  8.851557 
  8.810302 
  8.836767 
  8.840659 
  8.834432 
  8.826648 
  8.828205 
  8.816529 
  8.812637 
  8.838324 
  8.803297 
  8.824313 
  8.830540 
  8.812637 
  8.818086 
  8.838324 
  8.820421 
  8.818086 
  8.816529 
  8.811859 
  8.825870 
  8.835211 
  8.819643 
  8.831319 
  8.820421 
  8.822756 
  8.810302 
  8.831319 
  8.818086 
  8.814973 
  8.830540 
  8.814194 
  8.816529 
  8.819643 
  8.824313 
  8.834432 
  8.820421 
  8.821978 
  8.837546 
  8.809524 
  8.839103 
  8.831319 
  8.806410 
  8.819643 
  8.813416 
  8.819643 
  8.826648 
  8.839103 
  8.821978 
  8.809524 
  8.816529 
  8.817308 
  8.818864 
  8.818864 
  8.826648 
  8.839881 
  8.825092 
  8.835989 
  8.828205 
  8.828984 
  8.836767 
  8.814194 
  8.831319 
  8.821200 
  8.799405 
  8.797848 
  8.819643 
  8.804853 
  8.825092 
  8.814194 
  8.835211 
  8.832097 
  8.804853 
  8.844551 
  8.834432 
  8.842216 
  8.846886 
  8.820421 
  8.832875 
  8.828205 
  8.783059 
  8.808745 
  8.831319 
  8.821978 
  8.821978 
  8.816529 
  8.816529 
  8.819643 
  8.822756 
  8.828984 
  8.814194 
  8.818864 
  8.813416 
  8.811081 
  8.812637 
  8.826648 
  8.841438 
  8.820421 
  8.833654 
  8.826648 
  8.821978 
  8.844551 
  8.829762 
  8.821200 
  8.818864 
  8.832875 
  8.846108 
  8.828205 
  8.814194 
  8.828984 
  8.798626 
  8.815751 
  8.819643 
  8.860897 
  8.857784 
  8.843773 
  8.807189 
  8.826648 
  8.828984 
  8.802518 
  8.840659 
  8.831319 
  8.825092 
  8.846108 
  8.828205 
  8.814194 
  8.827427 
  8.846886 
  8.804853 
  8.832875 
  8.777610 
  8.808745 
  8.786172 
  8.811081 
  8.786172 
  8.772940 
  8.784615 
  8.822756 
  8.819643 
  8.776832 
  8.813416 
  8.783837 
  8.799405 
  8.819643 
  8.800183 
  8.793178 
  8.786951 
  8.787729 
  8.785394 
  8.787729 
  8.808745 
  8.787729 
  8.769826 
  8.818086 
  8.795513 
  8.798626 
  8.807967 
  8.776832 
  8.768269 
  8.771383 
  8.804853 
  8.794734 
  8.797848 
  8.784615 
  8.788507 
  8.806410 
  8.780723 
  8.778388 
  8.767491 
  8.785394 
  8.803297 
  8.798626 
  8.797070 
  8.806410 
  8.811081 
  8.804075 
  8.790842 
  8.788507 
  8.801740 
  8.791621 
  8.770604 
  8.800962 
  8.771383 
  8.767491 
  8.776053 
  8.758929 
  8.783837 
  8.772940 
  8.779945 
  8.784615 
  8.782280 
  8.784615 
  8.789286 
  8.779945 
  8.801740 
  8.784615 
  8.790064 
  8.790842 
  8.776053 
  8.795513 
  8.787729 
  8.784615 
  8.783837 
  8.783837 
  8.787729 
  8.778388 
  8.778388 
  8.800183 
  8.778388 
  8.796291 
  8.818086 
  8.793956 
  8.784615 
  8.811081 
  8.785394 
  8.807189 
  8.800962 
  8.789286 
  8.807967 
  8.800183 
  8.779167 
  8.806410 
  8.799405 
  8.804075 
  8.797848 
  8.804075 
  8.791621 
  8.790064 
  8.799405 
  8.798626 
  8.797848 
  8.798626 
  8.803297 
  8.816529 
  8.799405 
  8.786172 
  8.811081 
  8.793178 
  8.797848 
  8.800183 
  8.788507 
  8.792399 
  8.810302 
  8.793178 
  8.789286 
  8.800962 
  8.799405 
  8.796291 
  8.803297 
  8.797070 
  8.813416 
  8.812637 
  8.803297 
  8.814973 
  8.816529 
  8.811859 
  8.824313 
  8.815751 
  8.817308 
  8.819643 
  8.828984 
  8.813416 
  8.797070 
  8.804075 
  8.823535 
  8.817308 
  8.820421 
  8.811859 
  8.808745 
  8.803297 
  8.814973 
  8.816529 
  8.818864 
  8.818864 
  8.823535 
  8.825092 
  8.813416 
  8.815751 
  8.814194 
  8.806410 
  8.800962 
  8.802518 
  8.822756 
  8.817308 
  8.814973 
  8.812637 
  8.820421 
  8.802518 
  8.837546 
  8.817308 
  8.799405 
  8.823535 
  8.802518 
  8.818086 
  8.806410 
  8.804853 
  8.804075 
  8.806410 
  8.797848 
  8.812637 
  8.810302 
  8.821200 
  8.800962 
  8.814194 
  8.806410 
  8.818864 
  8.818864 
  8.845330 
  8.832097 
  8.823535 
  8.821200 
  8.810302 
  8.814194 
  8.827427 
  8.828984 
  8.805632 
  8.829762 
  8.809524 
  8.825870 
  8.848443 
  8.831319 
  8.829762 
  8.831319 
  8.825092 
  8.832097 
  8.839103 
  8.840659 
  8.828984 
  8.827427 
  8.859341 
  8.820421 
  8.850000 
  8.828984 
  8.823535 
  8.849222 
  8.831319 
  8.835211 
  8.836767 
  8.847665 
  8.842216 
  8.843773 
  8.827427 
  8.831319 
  8.818864 
  8.809524 
  8.829762 
  8.839103 
  8.859341 
  8.847665 
  8.844551 
  8.852335 
  8.840659 
  8.842216 
  8.860119 
  8.843773 
  8.875687 
  8.857005 
  8.849222 
  8.848443 
  8.867903 
  8.858562 
  8.855449 
  8.848443 
  8.846886 
  8.846886 
  8.842995 
  8.861676 
  8.843773 
  8.857005 
  8.852335 
  8.860119 
  8.850778 
  8.846886 
  8.840659 
  8.846886 
  8.855449 
  8.839881 
  8.849222 
  8.844551 
  8.841438 
  8.839103 
  8.835211 
  8.831319 
  8.816529 
  8.826648 
  8.833654 
  8.850000 
  8.818864 
  8.834432 
  8.826648 
  8.846886 
  8.837546 
  8.849222 
  8.853114 
  8.838324 
  8.844551 
  8.832875 
  8.833654 
  8.838324 
  8.814973 
  8.833654 
  8.832875 
  8.833654 
  8.868681 
  8.858562 
  8.853892 
  8.843773 
  8.834432 
  8.824313 
  8.836767 
  8.838324 
  8.847665 
  8.845330 
  8.840659 
  8.832875 
  8.848443 
  8.846886 
  8.835211 
  8.871795 
  8.840659 
  8.832875 
  8.835989 
  8.867125 
  8.818864 
  8.837546 
  8.843773 
  8.827427 
  8.846886 
  8.832097 
  8.846108 
  8.845330 
  8.855449 
  8.834432 
  8.827427 
  8.835989 
  8.845330 
  8.823535 
  8.835989 
  8.834432 
  8.840659 
  8.843773 
  8.802518 
  8.820421 
  8.839881 
  8.818864 
  8.819643 
  8.846108 
  8.824313 
  8.843773 
  8.825870 
  8.815751 
  8.818864 
  8.840659 
  8.826648 
  8.821978 
  8.839103 
  8.823535 
  8.818086 
  8.846108 
  8.818864 
  8.812637 
  8.832875 
  8.825870 
  8.814194 
  8.830540 
  8.832097 
  8.832875 
  8.837546 
  8.828984 
  8.835211 
  8.817308 
  8.839103 
  8.829762 
  8.830540 
  8.814973 
  8.807189 
  8.837546 
  8.842995 
  8.829762 
  8.817308 
  8.828984 
  8.823535 
  8.812637 
  8.845330 
  8.836767 
  8.807189 
  8.833654 
  8.827427 
  8.839881 
  8.830540 
  8.820421 
  8.822756 
  8.835211 
  8.817308 
  8.822756 
  8.820421 
  8.808745 
  8.797070 
  8.818086 
  8.823535 
  8.821978 
  8.834432 
  8.831319 
  8.816529 
  8.825870 
  8.823535 
  8.834432 
  8.832097 
  8.821200 
  8.814194 
  8.842216 
  8.820421 
  8.782280 
  8.828205 
  8.841438 
  8.825870 
  8.820421 
  8.856227 
  8.816529 
  8.812637 
  8.839103 
  8.801740 
  8.821200 
  8.822756 
  8.812637 
  8.803297 
  8.817308 
  8.824313 
  8.844551 
  8.844551 
  8.823535 
  8.822756 
  8.852335 
  8.827427 
  8.818864 
  8.825870 
  8.831319 
  8.833654 
  8.838324 
  8.821200 
  8.840659 
  8.832097 
  8.837546 
  8.847665 
  8.835989 
  8.852335 
  8.834432 
  8.824313 
  8.822756 
  8.838324 
  8.832875 
  8.818864 
  8.822756 
  8.833654 
  8.838324 
  8.818864 
  8.816529 
  8.824313 
  8.824313 
  8.830540 
  8.823535 
  8.853114 
  8.807967 
  8.832875 
  8.820421 
  8.839881 
  8.825870 
  8.839103 
  8.817308 
  8.826648 
  8.825870 
  8.819643 
  8.796291 
  8.807189 
  8.803297 
  8.816529 
  8.804853 
  8.804075 
  8.804075 
  8.800183 
  8.792399 
  8.808745 
  8.799405 
  8.770604 
  8.779167 
  8.769048 
  8.789286 
  8.804075 
  8.806410 
  8.796291 
  8.793178 
  8.800962 
  8.797070 
  8.794734 
  8.758929 
  8.784615 
  8.784615 
  8.781502 
  8.782280 
  8.786172 
  8.804075 
  8.786172 
  8.776053 
  8.800962 
  8.794734 
  8.776832 
  8.780723 
  8.797070 
  8.797848 
  8.803297 
  8.790842 
  8.801740 
  8.806410 
  8.791621 
  8.771383 
  8.781502 
  8.772161 
  8.795513 
  8.797070 
  8.786172 
  8.782280 
  8.770604 
  8.771383 
  8.769826 
  8.794734 
  8.779167 
  8.790064 
  8.793956 
  8.782280 
  8.784615 
  8.793178 
  8.787729 
  8.774496 
  8.784615 
  8.783059 
  8.797070 
  8.777610 
  8.769048 
  8.772161 
  8.789286 
  8.763599 
  8.792399 
  8.777610 
  8.771383 
  8.767491 
  8.782280 
  8.774496 
  8.788507 
  8.804853 
  8.804853 
  8.786951 
  8.786172 
  8.778388 
  8.793956 
  8.786172 
  8.765156 
  8.783837 
  8.786172 
  8.765156 
  8.768269 
  8.779945 
  8.760485 
  8.782280 
  8.783059 
  8.789286 
  8.792399 
  8.794734 
  8.800183 
  8.793178 
  8.793178 
  8.792399 
  8.782280 
  8.783059 
  8.786951 
  8.788507 
  8.790842 
  8.794734 
  8.769826 
  8.781502 
  8.795513 
  8.779945 
  8.779167 
  8.783837 
  8.778388 
  8.785394 
  8.787729 
  8.791621 
  8.800183 
  8.795513 
  8.800183 
  8.805632 
  8.776053 
  8.801740 
  8.800962 
  8.793956 
  8.793178 
  8.798626 
  8.804075 
  8.801740 
  8.803297 
  8.795513 
  8.797848 
  8.790842 
  8.792399 
  8.783059 
  8.791621 
  8.796291 
  8.796291 
  8.793956 
  8.803297 
  8.784615 
  8.780723 
  8.807967 
  8.804853 
  8.775275 
  8.804853 
  8.814973 
  8.789286 
  8.793956 
  8.804853 
  8.803297 
  8.782280 
  8.795513 
  8.795513 
  8.794734 
  8.801740 
  8.802518 
  8.791621 
  8.799405 
  8.793956 
  8.789286 
  8.797848 
  8.813416 
  8.807967 
  8.823535 
  8.838324 
  8.824313 
  8.809524 
  8.804075 
  8.825870 
  8.827427 
  8.802518 
  8.811859 
  8.829762 
  8.814973 
  8.806410 
  8.788507 
  8.813416 
  8.810302 
  8.807189 
  8.794734 
  8.826648 
  8.799405 
  8.796291 
  8.800962 
  8.799405 
  8.818086 
  8.838324 
  8.812637 
  8.810302 
  8.819643 
  8.811859 
  8.812637 
  8.824313 
  8.811859 
  8.811081 
  8.800962 
  8.825870 
  8.802518 
  8.818086 
  8.819643 
  8.807189 
  8.807189 
  8.818086 
  8.805632 
  8.799405 
  8.806410 
  8.807189 
  8.806410 
  8.822756 
  8.805632 
  8.828205 
  8.837546 
  8.833654 
  8.825092 
  8.814194 
  8.818864 
  8.828984 
  8.808745 
  8.821200 
  8.821200 
  8.832097 
  8.832097 
  8.847665 
  8.828205 
  8.835989 
  8.842216 
  8.845330 
  8.825870 
  8.842995 
  8.830540 
  8.843773 
  8.835989 
  8.849222 
  8.842995 
  8.852335 
  8.832875 
  8.832875 
  8.810302 
  8.846886 
  8.839881 
  8.835211 
  8.818086 
  8.832875 
  8.829762 
  8.832875 
  8.831319 
  8.832097 
  8.808745 
  8.826648 
  8.792399 
  8.853892 
  8.849222 
  8.846886 
  8.850778 
  8.853114 
  8.850000 
  8.840659 
  8.842995 
  8.858562 
  8.841438 
  8.879579 
  8.866346 
  8.849222 
  8.855449 
  8.871795 
  8.860119 
  8.861676 
  8.835989 
  8.854670 
  8.848443 
  8.836767 
  8.822756 
  8.829762 
  8.867125 
  8.855449 
  8.856227 
  8.857784 
  8.847665 
  8.851557 
  8.861676 
  8.860119 
  8.844551 
  8.846108 
  8.857784 
  8.848443 
  8.818086 
  8.827427 
  8.846886 
  8.814973 
  8.839881 
  8.822756 
  8.856227 
  8.817308 
  8.828205 
  8.840659 
  8.857784 
  8.842216 
  8.847665 
  8.858562 
  8.835989 
  8.821978 
  8.843773 
  8.839103 
  8.838324 
  8.831319 
  8.850000 
  8.839103 
  8.837546 
  8.853114 
  8.832097 
  8.836767 
  8.821978 
  8.822756 
  8.839881 
  8.850000 
  8.831319 
  8.834432 
  8.839881 
  8.830540 
  8.861676 
  8.858562 
  8.870238 
  8.836767 
  8.858562 
  8.849222 
  8.835211 
  8.827427 
  8.852335 
  8.828205 
  8.857005 
  8.844551 
  8.824313 
  8.834432 
  8.838324 
  8.837546 
  8.853892 
  8.841438 
  8.817308 
  8.827427 
  8.846108 
  8.846886 
  8.831319 
  8.835211 
  8.835211 
  8.826648 
  8.828984 
  8.821978 
  8.822756 
  8.825092 
  8.836767 
  8.813416 
  8.827427 
  8.829762 
  8.827427 
  8.802518 
  8.833654 
  8.824313 
  8.820421 
  8.821200 
  8.843773 
  8.845330 
  8.825092 
  8.828205 
  8.825870 
  8.847665 
  8.814973 
  8.821978 
  8.836767 
  8.823535 
  8.812637 
  8.827427 
  8.844551 
  8.830540 
  8.814973 
  8.820421 
  8.827427 
  8.825092 
  8.830540 
  8.828984 
  8.818864 
  8.813416 
  8.832097 
  8.839881 
  8.834432 
  8.828205 
  8.832097 
  8.825870 
  8.817308 
  8.840659 
  8.842995 
  8.829762 
  8.838324 
  8.828984 
  8.835989 
  8.834432 
  8.829762 
  8.830540 
  8.825092 
  8.814194 
  8.825870 
  8.822756 
  8.809524 
  8.810302 
  8.832097 
  8.800183 
  8.804075 
  8.832097 
  8.835211 
  8.816529 
  8.827427 
  8.816529 
  8.821200 
  8.830540 
  8.829762 
  8.800962 
  8.831319 
  8.827427 
  8.799405 
  8.817308 
  8.840659 
  8.825092 
  8.819643 
  8.844551 
  8.840659 
  8.821200 
  8.835211 
  8.818864 
  8.824313 
  8.825092 
  8.809524 
  8.802518 
  8.824313 
  8.818086 
  8.833654 
  8.834432 
  8.826648 
  8.828984 
  8.853114 
  8.829762 
  8.835989 
  8.839103 
  8.840659 
  8.831319 
  8.836767 
  8.850000 
  8.836767 
  8.839881 
  8.816529 
  8.841438 
  8.841438 
  8.838324 
  8.845330 
  8.823535 
  8.831319 
  8.848443 
  8.818864 
  8.818086 
  8.822756 
  8.832875 
  8.855449 
  8.833654 
  8.821200 
  8.815751 
  8.821978 
  8.805632 
  8.835989 
  8.830540 
  8.848443 
  8.825870 
  8.828984 
  8.853892 
  8.823535 
  8.844551 
  8.816529 
  8.820421 
  8.801740 
  8.825870 
  8.824313 
  8.797070 
  8.787729 
  8.811081 
  8.803297 
  8.808745 
  8.790064 
  8.789286 
  8.772940 
  8.797848 
  8.789286 
  8.790842 
  8.799405 
  8.783059 
  8.784615 
  8.796291 
  8.800183 
  8.807189 
  8.787729 
  8.786172 
  8.786951 
  8.783059 
  8.794734 
  8.798626 
  8.785394 
  8.774496 
  8.792399 
  8.783837 
  8.797848 
  8.799405 
  8.794734 
  8.783837 
  8.814194 
  8.783059 
  8.800962 
  8.783837 
  8.790064 
  8.807189 
  8.834432 
  8.776053 
  8.771383 
  8.791621 
  8.787729 
  8.788507 
  8.797070 
  8.790064 
  8.784615 
  8.775275 
  8.787729 
  8.779167 
  8.812637 
  8.807967 
  8.779945 
  8.789286 
  8.791621 
  8.780723 
  8.779945 
  8.776053 
  8.762821 
  8.786172 
  8.779945 
  8.781502 
  8.770604 
  8.783837 
  8.780723 
  8.797848 
  8.763599 
  8.795513 
  8.776053 
  8.763599 
  8.775275 
  8.776832 
  8.780723 
  8.793956 
  8.800962 
  8.794734 
  8.775275 
  8.790064 
  8.786172 
  8.802518 
  8.782280 
  8.785394 
  8.772161 
  8.780723 
  8.761264 
  8.779167 
  8.776053 
  8.789286 
  8.788507 
  8.783837 
  8.778388 
  8.784615 
  8.795513 
  8.797070 
  8.789286 
  8.787729 
  8.799405 
  8.791621 
  8.776832 
  8.792399 
  8.780723 
  8.783837 
  8.793178 
  8.782280 
  8.786172 
  8.810302 
  8.782280 
  8.790064 
  8.786951 
  8.787729 
  8.798626 
  8.790064 
  8.796291 
  8.791621 
  8.788507 
  8.801740 
  8.809524 
  8.778388 
  8.786172 
  8.809524 
  8.785394 
  8.793956 
  8.805632 
  8.811859 
  8.784615 
  8.806410 
  8.794734 
  8.790842 
  8.791621 
  8.796291 
  8.782280 
  8.793956 
  8.800962 
  8.788507 
  8.797848 
  8.777610 
  8.790064 
  8.778388 
  8.800962 
  8.789286 
  8.777610 
  8.803297 
  8.804075 
  8.795513 
  8.800962 
  8.797848 
  8.801740 
  8.783837 
  8.787729 
  8.813416 
  8.804853 
  8.812637 
  8.799405 
  8.794734 
  8.800183 
  8.780723 
  8.809524 
  8.813416 
  8.807189 
  8.807189 
  8.825870 
  8.835211 
  8.810302 
  8.807189 
  8.826648 
  8.823535 
  8.825092 
  8.813416 
  8.822756 
  8.825870 
  8.807967 
  8.810302 
  8.807189 
  8.812637 
  8.800962 
  8.814194 
  8.813416 
  8.832875 
  8.818864 
  8.815751 
  8.806410 
  8.795513 
  8.831319 
  8.813416 
  8.807967 
  8.805632 
  8.820421 
  8.805632 
  8.825870 
  8.828205 
  8.797070 
  8.818864 
  8.803297 
  8.817308 
  8.817308 
  8.816529 
  8.811859 
  8.811081 
  8.806410 
  8.814973 
  8.814973 
  8.798626 
  8.805632 
  8.801740 
  8.803297 
  8.807189 
  8.804853 
  8.832875 
  8.843773 
  8.836767 
  8.827427 
  8.818864 
  8.812637 
  8.818864 
  8.809524 
  8.818086 
  8.832875 
  8.825092 
  8.827427 
  8.846108 
  8.821200 
  8.824313 
  8.827427 
  8.840659 
  8.842216 
  8.834432 
  8.835211 
  8.843773 
  8.840659 
  8.860119 
  8.828205 
  8.860897 
  8.825092 
  8.828984 
  8.832875 
  8.840659 
  8.820421 
  8.828205 
  8.811081 
  8.823535 
  8.823535 
  8.828984 
  8.843773 
  8.828205 
  8.813416 
  8.831319 
  8.823535 
  8.826648 
  8.823535 
  8.812637 
  8.794734 
  8.800183 
  8.840659 
  8.825870 
  8.834432 
  8.853114 
  8.856227 
  8.846108 
  8.832875 
  8.834432 
  8.827427 
  8.840659 
  8.853114 
  8.843773 
  8.868681 
  8.860897 
  8.859341 
  8.845330 
  8.844551 
  8.850778 
  8.852335 
  8.861676 
  8.863233 
  8.864011 
  8.847665 
  8.868681 
  8.870238 
  8.876465 
  8.852335 
  8.856227 
  8.850000 
  8.852335 
  8.859341 
  8.846108 
  8.855449 
  8.860119 
  8.846108 
  8.839103 
  8.830540 
  8.831319 
  8.848443 
  8.842995 
  8.838324 
  8.859341 
  8.860119 
  8.871795 
  8.846108 
  8.828205 
  8.853892 
  8.818864 
  8.826648 
  8.823535 
  8.841438 
  8.818864 
  8.831319 
  8.828984 
  8.849222 
  8.832097 
  8.839881 
  8.825092 
  8.832097 
  8.814973 
  8.825870 
  8.853892 
  8.846108 
  8.844551 
  8.857005 
  8.853114 
  8.850000 
  8.876465 
  8.852335 
  8.864789 
  8.831319 
  8.831319 
  8.835211 
  8.844551 
  8.836767 
  8.835211 
  8.818864 
  8.828205 
  8.846886 
  8.844551 
  8.865568 
  8.831319 
  8.844551 
  8.840659 
  8.846886 
  8.831319 
  8.858562 
  8.850778 
  8.851557 
  8.856227 
  8.843773 
  8.855449 
  8.824313 
  8.843773 
  8.839881 
  8.839103 
  8.830540 
  8.828984 
  8.832875 
  8.842995 
  8.825870 
  8.829762 
  8.835211 
  8.840659 
  8.836767 
  8.816529 
  8.831319 
  8.843773 
  8.824313 
  8.814973 
  8.848443 
  8.835211 
  8.839103 
  8.816529 
  8.821200 
  8.814973 
  8.822756 
  8.816529 
  8.825870 
  8.846108 
  8.825870 
  8.818864 
  8.819643 
  8.845330 
  8.805632 
  8.814194 
  8.839881 
  8.839881 
  8.827427 
  8.842216 
  8.848443 
  8.832875 
  8.829762 
  8.843773 
  8.832097 
  8.840659 
  8.839103 
  8.830540 
  8.811081 
  8.818086 
  8.838324 
  8.832097 
  8.833654 
  8.816529 
  8.825092 
  8.814194 
  8.815751 
  8.841438 
  8.843773 
  8.823535 
  8.844551 
  8.839881 
  8.842216 
  8.842216 
  8.833654 
  8.831319 
  8.846108 
  8.831319 
  8.826648 
  8.818086 
  8.817308 
  8.805632 
  8.823535 
  8.815751 
  8.814194 
  8.821978 
  8.830540 
  8.833654 
  8.829762 
  8.823535 
  8.828984 
  8.842216 
  8.828984 
  8.831319 
  8.846886 
  8.835211 
  8.821200 
  8.847665 
  8.839103 
  8.842216 
  8.825092 
  8.853892 
  8.841438 
  8.839881 
  8.835989 
  8.811859 
  8.825870 
  8.811081 
  8.805632 
  8.807967 
  8.824313 
  8.830540 
  8.839103 
  8.846108 
  8.835211 
  8.839103 
  8.874908 
  8.821978 
  8.825870 
  8.842995 
  8.848443 
  8.833654 
  8.835989 
  8.844551 
  8.828984 
  8.838324 
  8.832875 
  8.821978 
  8.834432 
  8.846886 
  8.848443 
  8.832097 
  8.840659 
  8.847665 
  8.840659 
  8.821978 
  8.827427 
  8.840659 
  8.849222 
  8.852335 
  8.846108 
  8.818086 
  8.820421 
  8.815751 
  8.821978 
  8.842995 
  8.818086 
  8.835989 
  8.832097 
  8.842995 
  8.843773 
  8.851557 
  8.834432 
  8.831319 
  8.829762 
  8.832097 
  8.822756 
  8.800183 
  8.815751 
  8.803297 
  8.816529 
  8.807189 
  8.796291 
  8.824313 
  8.809524 
  8.831319 
  8.802518 
  8.807967 
  8.820421 
  8.811081 
  8.801740 
  8.814973 
  8.831319 
  8.793956 
  8.785394 
  8.796291 
  8.793178 
  8.776053 
  8.769826 
  8.772940 
  8.785394 
  8.777610 
  8.801740 
  8.767491 
  8.772161 
  8.765156 
  8.780723 
  8.765156 
  8.758929 
  8.765156 
  8.780723 
  8.787729 
  8.797070 
  8.788507 
  8.781502 
  8.791621 
  8.777610 
  8.784615 
  8.782280 
  8.764377 
  8.800183 
  8.782280 
  8.786951 
  8.776053 
  8.775275 
  8.786172 
  8.803297 
  8.804853 
  8.807967 
  8.795513 
  8.793178 
  8.776053 
  8.778388 
  8.769826 
  8.787729 
  8.788507 
  8.799405 
  8.796291 
  8.773718 
  8.789286 
  8.800183 
  8.805632 
  8.804075 
  8.779167 
  8.803297 
  8.798626 
  8.779167 
  8.800183 
  8.807189 
  8.776832 
  8.776832 
  8.793956 
  8.769826 
  8.790064 
  8.774496 
  8.772940 
  8.772940 
  8.783837 
  8.786172 
  8.804075 
  8.787729 
  8.781502 
  8.799405 
  8.809524 
  8.766712 
  8.776832 
  8.792399 
  8.780723 
  8.792399 
  8.790064 
  8.774496 
  8.787729 
  8.814194 
  8.800183 
  8.790842 
  8.797070 
  8.793178 
  8.819643 
  8.803297 
  8.781502 
  8.772940 
  8.811859 
  8.786172 
  8.784615 
  8.780723 
  8.790064 
  8.789286 
  8.790064 
  8.793956 
  8.781502 
  8.783837 
  8.797848 
  8.798626 
  8.795513 
  8.793178 
  8.796291 
  8.796291 
  8.806410 
  8.810302 
  8.790064 
  8.803297 
  8.805632 
  8.800962 
  8.807189 
  8.800183 
  8.786172 
  8.804853 
  8.790842 
  8.807189 
  8.797848 
  8.797848 
  8.811081 
  8.788507 
  8.799405 
  8.797848 
  8.792399 
  8.801740 
  8.809524 
  8.796291 
  8.818086 
  8.797848 
  8.797848 
  8.811859 
  8.806410 
  8.797070 
  8.810302 
  8.795513 
  8.800962 
  8.785394 
  8.797848 
  8.804853 
  8.786172 
  8.805632 
  8.782280 
  8.792399 
  8.796291 
  8.804075 
  8.805632 
  8.805632 
  8.805632 
  8.804853 
  8.808745 
  8.813416 
  8.794734 
  8.807189 
  8.797848 
  8.802518 
  8.813416 
  8.803297 
  8.810302 
  8.800962 
  8.791621 
  8.795513 
  8.793178 
  8.807189 
  8.804075 
  8.826648 
  8.832097 
  8.824313 
  8.824313 
  8.828205 
  8.834432 
  8.807189 
  8.831319 
  8.828205 
  8.818086 
  8.827427 
  8.824313 
  8.805632 
  8.806410 
  8.814194 
  8.816529 
  8.828205 
  8.835989 
  8.814194 
  8.827427 
  8.820421 
  8.820421 
  8.828205 
  8.842216 
  8.818086 
  8.832875 
  8.813416 
  8.814973 
  8.800183 
  8.823535 
  8.817308 
  8.808745 
  8.821978 
  8.807189 
  8.828205 
  8.814194 
  8.818086 
  8.816529 
  8.800183 
  8.813416 
  8.818086 
  8.814194 
  8.812637 
  8.822756 
  8.798626 
  8.809524 
  8.811081 
  8.828984 
  8.819643 
  8.832875 
  8.819643 
  8.804853 
  8.823535 
  8.818864 
  8.807967 
  8.821200 
  8.821978 
  8.818086 
  8.834432 
  8.814973 
  8.856227 
  8.857005 
  8.854670 
  8.812637 
  8.821978 
  8.831319 
  8.840659 
  8.819643 
  8.875687 
  8.843773 
  8.839103 
  8.845330 
  8.839103 
  8.870238 
  8.862454 
  8.839103 
  8.874908 
  8.843773 
  8.840659 
  8.863233 
  8.842995 
  8.855449 
  8.857784 
  8.861676 
  8.858562 
  8.839103 
  8.850000 
  8.853114 
  8.857784 
  8.844551 
  8.863233 
  8.838324 
  8.842216 
  8.840659 
  8.806410 
  8.843773 
  8.829762 
  8.841438 
  8.818086 
  8.835211 
  8.832097 
  8.826648 
  8.814194 
  8.843773 
  8.841438 
  8.845330 
  8.832875 
  8.835211 
  8.832875 
  8.832875 
  8.825870 
  8.842995 
  8.821978 
  8.842216 
  8.843773 
  8.881136 
  8.848443 
  8.859341 
  8.864789 
  8.830540 
  8.823535 
  8.835211 
  8.836767 
  8.825092 
  8.831319 
  8.850000 
  8.835989 
  8.833654 
  8.845330 
  8.839103 
  8.832097 
  8.857784 
  8.846108 
  8.831319 
  8.851557 
  8.862454 
  8.841438 
  8.854670 
  8.862454 
  8.849222 
  8.855449 
  8.837546 
  8.835211 
  8.837546 
  8.849222 
  8.816529 
  8.835989 
  8.830540 
  8.848443 
  8.829762 
  8.828205 
  8.832875 
  8.839103 
  8.828984 
  8.820421 
  8.827427 
  8.836767 
  8.839103 
  8.832875 
  8.818864 
  8.857005 
  8.826648 
  8.832875 
  8.812637 
  8.821978 
  8.830540 
  8.832875 
  8.821200 
  8.837546 
  8.834432 
  8.833654 
  8.827427 
  8.849222 
  8.832875 
  8.830540 
  8.825092 
  8.824313 
  8.828205 
  8.830540 
  8.847665 
  8.835211 
  8.848443 
  8.835989 
  8.837546 
  8.835989 
  8.826648 
  8.823535 
  8.826648 
  8.829762 
  8.840659 
  8.841438 
  8.830540 
  8.828205 
  8.823535 
  8.827427 
  8.820421 
  8.825870 
  8.842216 
  8.835989 
  8.823535 
  8.849222 
  8.846108 
  8.834432 
  8.849222 
  8.837546 
  8.844551 
  8.812637 
  8.832097 
  8.835211 
  8.810302 
  8.817308 
  8.824313 
  8.811081 
  8.808745 
  8.820421 
  8.830540 
  8.843773 
  8.816529 
  8.846886 
  8.850000 
  8.838324 
  8.844551 
  8.844551 
  8.864011 
  8.825092 
  8.824313 
  8.829762 
  8.825870 
  8.851557 
  8.833654 
  8.836767 
  8.864011 
  8.846886 
  8.829762 
  8.842995 
  8.835989 
  8.832097 
  8.816529 
  8.821978 
  8.822756 
  8.832875 
  8.842216 
  8.845330 
  8.842995 
  8.839103 
  8.843773 
  8.846108 
  8.839103 
  8.823535 
  8.832875 
  8.859341 
  8.842216 
  8.840659 
  8.826648 
  8.840659 
  8.828984 
  8.844551 
  8.835989 
  8.853892 
  8.867125 
  8.845330 
  8.825092 
  8.841438 
  8.853114 
  8.825870 
  8.844551 
  8.843773 
  8.831319 
  8.861676 
  8.860897 
  8.841438 
  8.849222 
  8.852335 
  8.828205 
  8.848443 
  8.824313 
  8.829762 
  8.832097 
  8.827427 
  8.837546 
  8.852335 
  8.843773 
  8.832875 
  8.846108 
  8.828984 
  8.832097 
  8.841438 
  8.827427 
  8.840659 
  8.837546 
  8.829762 
  8.813416 
  8.839881 
  8.812637 
  8.828984 
  8.828205 
  8.836767 
  8.839881 
  8.839881 
  8.836767 
  8.853892 
  8.835989 
  8.849222 
  8.840659 
  8.806410 
  8.811081 
  8.819643 
  8.811081 
  8.799405 
  8.814194 
  8.810302 
  8.809524 
  8.820421 
  8.833654 
  8.824313 
  8.832875 
  8.832875 
  8.811081 
  8.798626 
  8.828205 
  8.804853 
  8.816529 
  8.818086 
  8.811081 
  8.801740 
  8.812637 
  8.807189 
  8.794734 
  8.790842 
  8.783837 
  8.782280 
  8.794734 
  8.809524 
  8.797070 
  8.793956 
  8.804075 
  8.797070 
  8.800183 
  8.807189 
  8.812637 
  8.793956 
  8.806410 
  8.788507 
  8.814194 
  8.778388 
  8.803297 
  8.795513 
  8.778388 
  8.779167 
  8.778388 
  8.765934 
  8.797848 
  8.780723 
  8.801740 
  8.790064 
  8.804853 
  8.791621 
  8.796291 
  8.804853 
  8.819643 
  8.806410 
  8.786951 
  8.771383 
  8.800962 
  8.792399 
  8.800962 
  8.797848 
  8.793178 
  8.800183 
  8.807967 
  8.827427 
  8.814194 
  8.794734 
  8.801740 
  8.776832 
  8.793956 
  8.791621 
  8.794734 
  8.801740 
  8.808745 
  8.800962 
  8.796291 
  8.811081 
  8.800962 
  8.800183 
  8.807967 
  8.794734 
  8.772940 
  8.780723 
  8.787729 
  8.792399 
  8.792399 
  8.812637 
  8.791621 
  8.803297 
  8.790064 
  8.790064 
  8.803297 
  8.797070 
  8.772161 
  8.786951 
  8.784615 
  8.806410 
  8.779945 
  8.781502 
  8.789286 
  8.793956 
  8.772161 
  8.775275 
  8.796291 
  8.782280 
  8.784615 
  8.785394 
  8.809524 
  8.818864 
  8.807967 
  8.816529 
  8.787729 
  8.784615 
  8.795513 
  8.807189 
  8.784615 
  8.787729 
  8.792399 
  8.783059 
  8.775275 
  8.786951 
  8.782280 
  8.776832 
  8.788507 
  8.780723 
  8.791621 
  8.790064 
  8.789286 
  8.800962 
  8.804853 
  8.802518 
  8.800183 
  8.786951 
  8.800183 
  8.786172 
  8.806410 
  8.797848 
  8.797070 
  8.779945 
  8.793956 
  8.802518 
  8.775275 
  8.794734 
  8.811859 
  8.795513 
  8.809524 
  8.805632 
  8.800962 
  8.796291 
  8.797070 
  8.804853 
  8.788507 
  8.786172 
  8.800183 
  8.800962 
  8.783059 
  8.804853 
  8.797848 
  8.793178 
  8.800183 
  8.800183 
  8.803297 
  8.808745 
  8.797848 
  8.801740 
  8.805632 
  8.804853 
  8.800183 
  8.790842 
  8.802518 
  8.793178 
  8.784615 
  8.798626 
  8.811859 
  8.794734 
  8.783059 
  8.803297 
  8.805632 
  8.792399 
  8.793178 
  8.793956 
  8.809524 
  8.796291 
  8.803297 
  8.808745 
  8.810302 
  8.815751 
  8.807967 
  8.800183 
  8.798626 
  8.788507 
  8.807967 
  8.809524 
  8.820421 
  8.830540 
  8.819643 
  8.821978 
  8.821200 
  8.822756 
  8.806410 
  8.815751 
  8.817308 
  8.818086 
  8.825870 
  8.814973 
  8.811081 
  8.835211 
  8.823535 
  8.844551 
  8.812637 
  8.809524 
  8.807189 
  8.808745 
  8.809524 
  8.828984 
  8.804075 
  8.823535 
  8.827427 
  8.824313 
  8.824313 
  8.829762 
  8.800183 
  8.825870 
  8.842216 
  8.810302 
  8.822756 
  8.808745 
  8.816529 
  8.811081 
  8.825870 
  8.800962 
  8.811081 
  8.807189 
  8.809524 
  8.804075 
  8.800183 
  8.800183 
  8.801740 
  8.800962 
  8.814194 
  8.821978 
  8.811859 
  8.836767 
  8.823535 
  8.821200 
  8.825092 
  8.811859 
  8.821978 
  8.804853 
  8.820421 
  8.813416 
  8.820421 
  8.809524 
  8.835211 
  8.829762 
  8.812637 
  8.828205 
  8.829762 
  8.827427 
  8.846886 
  8.830540 
  8.841438 
  8.831319 
  8.840659 
  8.833654 
  8.820421 
  8.842995 
  8.821978 
  8.819643 
  8.842216 
  8.830540 
  8.818864 
  8.822756 
  8.822756 
  8.835989 
  8.819643 
  8.813416 
  8.818086 
  8.802518 
  8.803297 
  8.811081 
  8.823535 
  8.813416 
  8.804075 
  8.793956 
  8.792399 
  8.811859 
  8.819643 
  8.811859 
  8.816529 
  8.798626 
  8.798626 
  8.807189 
  8.795513 
  8.780723 
  8.793178 
  8.803297 
  8.806410 
  8.783059 
  8.808745 
  8.788507 
  8.785394 
  8.798626 
  8.794734 
  8.772940 
  8.776053 
  8.779167 
  8.776832 
  8.762042 
  8.800962 
  8.784615 
  8.790842 
  8.771383 
  8.800962 
  8.782280 
  8.807189 
  8.780723 
  8.772940 
  8.774496 
  8.758929 
  8.785394 
  8.748031 
  8.774496 
  8.790064 
  8.775275 
  8.803297 
  8.765156 
  8.784615 
  8.805632 
  8.793956 
  8.786172 
  8.776832 
  8.782280 
  8.771383 
  8.765934 
  8.782280 
  8.766712 
  8.782280 
  8.783837 
  8.774496 
  8.786951 
  8.791621 
  8.771383 
  8.772161 
  8.774496 
  8.770604 
  8.779167 
  8.801740 
  8.772161 
  8.800962 
  8.755815 
  8.788507 
  8.803297 
  8.803297 
  8.792399 
  8.773718 
  8.778388 
  8.776832 
  8.790064 
  8.784615 
  8.784615 
  8.800183 
  8.811859 
  8.816529 
  8.782280 
  8.825870 
  8.813416 
  8.787729 
  8.821978 
  8.818864 
  8.807967 
  8.808745 
  8.774496 
  8.786172 
  8.770604 
  8.811081 
  8.815751 
  8.797848 
  8.789286 
  8.816529 
  -179769313486231570814527423731704356798070567525844996598917476803157260780028538760589558632766878171540458953514382464234321326889464182768467546703537516986049910576551282076245490090389328944075868508455133942304583236903222948165808559332123348274797826204144723168738177180919299881250404026184124858368.000000 
  8.805632 
  8.793178 
  8.791621 
  8.795513 
  8.792399 
  8.778388 
  8.803297 
  8.808745 
  8.762042 
  8.783059 
  8.814194 
  8.804853 
  8.748031 
  8.776053 
  8.778388 
  8.790064 
  8.786172 
  8.800962 
  8.791621 
  8.795513 
  8.775275 
  8.817308 
  8.803297 
  8.782280 
  8.784615 
  8.781502 
  8.787729 
  8.775275 
  8.797848 
  8.763599 
  8.791621 
  8.797070 
  8.789286 
  8.745696 
  8.811859 
  8.773718 
  8.776053 
  8.766712 
  8.807189 
  8.800183 
  8.803297 
  8.795513 
  8.772940 
  8.769826 
  8.782280 
  8.775275 
  8.773718 
  8.793178 
  8.772161 
  8.762821 
  8.778388 
  8.804075 
  8.784615 
  8.779945 
  8.795513 
  8.749588 
  8.818086 
  8.777610 
  8.762821 
  8.762042 
  8.787729 
  8.798626 
  8.797848 
  8.819643 
  8.790842 
  8.804075 
  8.823535 
  8.807189 
  8.832875 
  8.769048 
  8.813416 
  8.832097 
  8.836767 
  8.812637 
  8.800183 
  8.822756 
  8.799405 
  8.824313 
  8.814194 
  8.834432 
  8.804853 
  8.835211 
  8.812637 
  8.844551 
  8.859341 
  8.835989 
  8.852335 
  8.817308 
  8.818086 
  8.828984 
  8.853114 
  8.839881 
  8.819643 
  8.839881 
  8.832097 
  8.840659 
  8.839103 
  8.846886 
  8.844551 
  8.834432 
  8.852335 
  8.820421 
  8.815751 
  8.835989 
  8.846108 
  8.857784 
  8.834432 
  8.808745 
  8.839103 
  8.845330 
  8.818864 
  8.828205 
  8.821978 
  8.818086 
  8.818864 
  8.828984 
  8.795513 
  8.804075 
  8.835211 
  8.837546 
  8.825870 
  8.830540 
  8.796291 
  8.817308 
  8.832875 
  8.821978 
  8.800962 
  8.799405 
  8.810302 
  8.824313 
  8.784615 
  8.790842 
  8.800962 
  8.818864 
  8.812637 
  8.798626 
  8.814194 
  8.830540 
  8.799405 
  8.810302 
  8.832875 
  8.808745 
  8.790842 
  8.805632 
  8.795513 
  8.815751 
  8.805632 
  8.813416 
  8.811859 
  8.790064 
  8.820421 
  8.797070 
  8.817308 
  8.802518 
  8.780723 
  8.802518 
  8.804075 
  8.807189 
  8.791621 
  8.797848 
  8.785394 
  8.765934 
  8.784615 
  8.761264 
  8.797848 
  8.791621 
  8.795513 
  8.788507 
  8.788507 
  8.779167 
  8.786172 
  8.790064 
  8.783837 
  8.786951 
  8.776053 
  8.786951 
  8.786172 
  8.793956 
  8.791621 
  8.789286 
  8.810302 
  8.793956 
  8.794734 
  8.803297 
  8.795513 
  8.800183 
  8.783059 
  8.798626 
  8.800183 
  8.810302 
  8.800183 
  8.815751 
  8.812637 
  8.817308 
  8.814194 
  8.804853 
  8.793956 
  8.811859 
  8.811081 
  8.820421 
  8.814194 
  8.810302 
  8.813416 
  8.824313 
  8.817308 
  8.821200 
  8.810302 
  8.832875 
  8.805632 
  8.800183 
  8.788507 
  8.811859 
  8.800183 
  8.816529 
  8.800962 
  8.803297 
  8.806410 
  8.795513 
  8.808745 
  8.785394 
  8.793956 
  8.793178 
  8.796291 
  8.803297 
  8.802518 
  8.800183 
  8.807967 
  8.775275 
  8.790842 
  8.778388 
  8.785394 
  8.797848 
  8.775275 
  8.795513 
  8.786951 
  8.787729 
  8.782280 
  8.776832 
  8.771383 
  8.788507 
  8.790064 
  8.761264 
  8.769048 
  8.779167 
  8.770604 
  8.796291 
  8.775275 
  8.780723 
  8.772940 
  8.795513 
  8.778388 
  8.775275 
  8.776832 
  8.775275 
  8.762042 
  8.754258 
  8.760485 
  8.795513 
  8.773718 
  8.755815 
  8.779945 
  8.769048 
  8.785394 
  8.789286 
  8.785394 
  8.781502 
  8.803297 
  8.777610 
  8.763599 
  8.778388 
  8.781502 
  8.767491 
  8.773718 
  8.780723 
  8.790064 
  8.807189 
  8.763599 
  8.789286 
  8.786951 
  8.786172 
  8.775275 
  8.788507 
  8.792399 
  8.794734 
  8.770604 
  8.802518 
  8.776832 
  8.768269 
  8.787729 
  8.792399 
  8.803297 
  8.810302 
  8.805632 
  8.806410 
  8.815751 
  8.804853 
  8.793956 
  8.802518 
  8.801740 
  8.795513 
  8.806410 
  8.799405 
  8.817308 
  8.798626 
  8.814194 
  8.823535 
  8.821978 
  8.812637 
  8.813416 
  8.793178 
  8.797848 
  8.804075 
  8.801740 
  8.790842 
  8.807189 
  8.814194 
  8.790064 
  8.798626 
  8.810302 
  8.807189 
  8.836767 
  8.798626 
  8.797070 
  8.804853 
  8.825870 
  8.809524 
  8.806410 
  8.820421 
  8.800962 
  8.799405 
  8.811859 
  8.807967 
  8.793956 
  8.821978 
  8.820421 
  8.807967 
  8.781502 
  8.802518 
  8.825092 
  8.829762 
  8.800962 
  8.811859 
  8.803297 
  8.825870 
  8.820421 
  8.821200 
  8.820421 
  8.842995 
  8.825870 
  8.840659 
  8.832875 
  8.832097 
  8.841438 
  8.820421 
  8.830540 
  8.846108 
  8.832097 
  8.823535 
  8.833654 
  8.859341 
  8.844551 
  8.826648 
  8.848443 
  8.842995 
  8.825870 
  8.833654 
  8.844551 
  8.822756 
  8.846108 
  8.851557 
  8.842216 
  8.857784 
  8.867903 
  8.850000 
  8.877244 
  8.864011 
  8.857784 
  8.844551 
  8.835989 
  8.838324 
  8.831319 
  8.851557 
  8.848443 
  8.822756 
  8.835211 
  8.840659 
  8.828984 
  8.825870 
  8.836767 
  8.851557 
  8.837546 
  8.828984 
  8.864011 
  8.835989 
  8.837546 
  8.846886 
  8.850778 
  8.810302 
  8.842216 
  8.850778 
  8.807189 
  8.804853 
  8.819643 
  8.835211 
  8.811081 
  8.818086 
  8.832875 
  8.811081 
  8.838324 
  8.841438 
  8.823535 
  8.814973 
  8.814973 
  8.821978 
  8.820421 
  8.806410 
  8.843773 
  8.849222 
  8.821978 
  8.836767 
  8.829762 
  8.833654 
  8.835989 
  8.825092 
  8.816529 
  8.820421 
  8.814973 
  8.830540 
  8.840659 
  8.811081 
  8.823535 
  8.836767 
  8.832097 
  8.825870 
  8.825092 
  8.809524 
  8.832875 
  8.814973 
  8.846108 
  8.824313 
  8.841438 
  8.842216 
  8.814194 
  8.804075 
  8.809524 
  8.830540 
  8.819643 
  8.821978 
  8.817308 
  8.827427 
  8.836767 
  8.816529 
  8.808745 
  8.802518 
  8.798626 
  8.814194 
  8.804075 
  8.804853 
  8.833654 
  8.797070 
  8.809524 
  8.810302 
  8.814973 
  8.799405 
  8.818086 
  8.779945 
  8.804075 
  8.813416 
  8.801740 
  8.793956 
  8.814194 
  8.804853 
  8.799405 
  8.805632 
  8.804853 
  8.792399 
  8.785394 
  8.796291 
  8.818086 
  8.797070 
  8.790064 
  8.805632 
  8.810302 
  8.800962 
  8.817308 
  8.812637 
  8.764377 
  8.796291 
  8.793956 
  8.800962 
  8.786172 
  8.808745 
  8.798626 
  8.804075 
  8.795513 
  8.790842 
  8.788507 
  8.804853 
  8.748810 
  8.765934 
  8.792399 
  8.765934 
  8.784615 
  8.765934 
  8.771383 
  8.783837 
  8.783837 
  8.770604 
  8.768269 
  8.775275 
  8.793178 
  8.786172 
  8.772940 
  8.770604 
  8.776053 
  8.765934 
  8.777610 
  8.770604 
  8.778388 
  8.783837 
  8.771383 
  8.782280 
  8.786172 
  8.773718 
  8.770604 
  8.783059 
  8.777610 
  8.783837 
  8.765156 
  8.778388 
  8.781502 
  8.791621 
  8.791621 
  8.790842 
  8.789286 
  8.774496 
  8.786172 
  8.785394 
  8.778388 
  8.794734 
  8.803297 
  8.807967 
  8.809524 
  8.775275 
  8.793178 
  8.807189 
  8.806410 
  8.782280 
  8.786951 
  8.806410 
  8.783059 
  8.788507 
  8.804853 
  8.814194 
  8.826648 
  8.804853 
  8.814973 
  8.809524 
  8.797070 
  8.803297 
  8.799405 
  8.811081 
  8.817308 
  8.808745 
  8.819643 
  8.804853 
  8.804853 
  8.800183 
  8.817308 
  8.789286 
  8.803297 
  8.804075 
  8.787729 
  8.800962 
  8.821978 
  8.805632 
  8.806410 
  8.807189 
  8.811081 
  8.835989 
  8.783837 
  8.795513 
  8.812637 
  8.795513 
  8.818864 
  8.798626 
  8.793956 
  8.800962 
  8.795513 
  8.803297 
  8.795513 
  8.781502 
  8.835989 
  8.814973 
  8.789286 
  8.798626 
  8.814194 
  8.824313 
  8.815751 
  8.816529 
  8.832875 
  8.827427 
  8.809524 
  8.804075 
  8.818086 
  8.801740 
  8.828205 
  8.824313 
  8.807967 
  8.824313 
  8.839881 
  8.811081 
  8.808745 
  8.812637 
  8.816529 
  8.832097 
  8.839103 
  8.822756 
  8.829762 
  8.813416 
  8.820421 
  8.845330 
  8.825870 
  8.821200 
  8.823535 
  8.836767 
  8.816529 
  8.828205 
  8.827427 
  8.825092 
  8.828984 
  8.818864 
  8.807189 
  8.805632 
  8.807967 
  8.811859 
  8.827427 
  8.815751 
  8.803297 
  8.802518 
  8.813416 
  8.818086 
  8.814973 
  8.834432 
  8.830540 
  8.816529 
  8.817308 
  8.811081 
  8.799405 
  8.800962 
  8.800962 
  8.816529 
  8.805632 
  8.799405 
  8.803297 
  8.774496 
  8.791621 
  8.804853 
  8.782280 
  8.790842 
  8.807189 
  8.786951 
  8.792399 
  8.808745 
  8.786951 
  8.792399 
  8.795513 
  8.807189 
  8.780723 
  8.785394 
  8.811859 
  8.785394 
  8.762821 
  8.781502 
  8.793956 
  8.797848 
  8.800183 
  8.787729 
  8.787729 
  8.783059 
  8.803297 
  8.803297 
  8.802518 
  8.814194 
  8.812637 
  8.804075 
  8.795513 
  8.786951 
  8.794734 
  8.775275 
  8.786172 
  8.796291 
  8.794734 
  8.797848 
  8.795513 
  8.800183 
  8.798626 
  8.797848 
  8.807189 
  8.787729 
  8.793178 
  8.800183 
  8.784615 
  8.808745 
  8.798626 
  8.799405 
  8.800962 
  8.796291 
  8.816529 
  8.811081 
  8.808745 
  8.798626 
  8.821200 
  8.812637 
  8.822756 
  8.818864 
  8.823535 
  8.823535 
  8.815751 
  8.815751 
  8.821978 
  8.834432 
  8.841438 
  8.841438 
  8.812637 
  8.814973 
  8.821978 
  8.811859 
  8.826648 
  8.811859 
  8.804853 
  8.837546 
  8.853892 
  8.846108 
  8.841438 
  8.822756 
  8.824313 
  8.831319 
  8.857005 
  8.836767 
  8.864011 
  8.854670 
  8.873352 
  8.857784 
  8.827427 
  8.828205 
  8.823535 
  8.839103 
  8.854670 
  8.808745 
  8.806410 
  8.821978 
  8.818086 
  8.819643 
  8.833654 
  8.846108 
  8.837546 
  8.823535 
  8.820421 
  8.821978 
  8.827427 
  8.821978 
  8.829762 
  8.810302 
  8.810302 
  8.827427 
  8.792399 
  8.827427 
  8.825092 
  8.815751 
  8.840659 
  8.823535 
  8.836767 
  8.827427 
  8.827427 
  8.838324 
  8.846108 
  8.807189 
  8.800962 
  8.781502 
  8.839103 
  8.828205 
  8.814973 
  8.811859 
  8.849222 
  8.834432 
  8.809524 
  8.829762 
  8.800962 
  8.804853 
  8.826648 
  8.852335 
  8.814194 
  8.814973 
  8.852335 
  8.793956 
  8.805632 
  8.819643 
  8.806410 
  8.820421 
  8.829762 
  8.821200 
  8.810302 
  8.830540 
  8.847665 
  8.882692 
  8.818864 
  8.829762 
  8.826648 
  8.822756 
  8.840659 
  8.836767 
  8.832875 
  8.854670 
  8.864011 
  8.846108 
  8.857784 
  8.846108 
  8.819643 
  8.834432 
  8.853892 
  8.832097 
  8.850000 
  8.850000 
  8.863233 
  8.844551 
  8.860119 
  8.851557 
  8.836767 
  8.873352 
  8.861676 
  8.849222 
  8.843773 
  8.847665 
  8.846886 
  8.848443 
  8.864789 
  8.875687 
  8.870238 
  8.866346 
  8.870238 
  8.870238 
  8.881914 
  8.862454 
  8.878022 
  8.859341 
  8.855449 
  8.876465 
  8.866346 
  8.869460 
  8.861676 
  8.880357 
  8.847665 
  8.867125 
  8.850778 
  8.847665 
  8.858562 
  8.841438 
  8.837546 
  8.854670 
  8.855449 
  8.854670 
  8.853114 
  8.878800 
  8.854670 
  8.852335 
  8.843773 
  8.843773 
  8.828984 
  8.841438 
  8.839881 
  8.850000 
  8.832875 
  8.859341 
  8.867125 
  8.847665 
  8.833654 
  8.842995 
  8.845330 
  8.829762 
  8.828984 
  8.829762 
  8.843773 
  8.870238 
  8.846108 
  8.854670 
  8.862454 
  8.850778 
  8.864011 
  8.860897 
  8.858562 
  8.858562 
  8.864789 
  8.846108 
  8.846108 
  8.842216 
  8.853114 
  8.861676 
  8.849222 
  8.852335 
  8.849222 
  8.854670 
  8.847665 
  8.850000 
  8.850778 
  8.842216 
  8.858562 
  8.868681 
  8.845330 
  8.866346 
  8.839103 
  8.840659 
  8.842216 
  8.859341 
  8.823535 
  8.842995 
  8.829762 
  8.837546 
  8.866346 
  8.869460 
  8.830540 
  8.846886 
  8.837546 
  8.836767 
  8.867125 
  8.853892 
  8.844551 
  8.855449 
  8.829762 
  8.828984 
  8.835211 
  8.832097 
  8.849222 
  8.843773 
  8.842995 
  8.836767 
  8.835211 
  8.846886 
  8.814194 
  8.843773 
  8.857784 
  8.825092 
  8.848443 
  8.828205 
  8.848443 
  8.839881 
  8.826648 
  8.828984 
  8.848443 
  8.836767 
  8.835211 
  8.841438 
  8.839103 
  8.839103 
  8.846886 
  8.836767 
  8.839881 
  8.821978 
  8.828984 
  8.835989 
  8.842216 
  8.800962 
  8.836767 
  8.842995 
  8.847665 
  8.838324 
  8.846886 
  8.825092 
  8.792399 
  8.849222 
  8.835989 
  8.853114 
  8.832097 
  8.804853 
  8.825870 
  8.828984 
  8.836767 
  8.824313 
  8.801740 
  8.812637 
  8.805632 
  8.838324 
  8.811081 
  8.825870 
  8.828984 
  8.808745 
  8.803297 
  8.808745 
  8.785394 
  8.813416 
  8.812637 
  8.808745 
  8.815751 
  8.842995 
  8.811859 
  8.792399 
  8.825870 
  8.810302 
  8.825092 
  8.776832 
  8.810302 
  8.811081 
  8.805632 
  8.797070 
  8.814194 
  8.787729 
  8.787729 
  8.790064 
  8.794734 
  8.816529 
  8.803297 
  8.787729 
  8.790064 
  8.804853 
  8.800183 
  8.810302 
  8.810302 
  8.804853 
  8.797070 
  8.797070 
  8.803297 
  8.807189 
  8.800183 
  8.805632 
  8.808745 
  8.799405 
  8.793956 
  8.796291 
  8.798626 
  8.807189 
  8.810302 
  8.817308 
  8.814194 
  8.796291 
  8.815751 
  8.809524 
  8.803297 
  8.801740 
  8.804075 
  8.800183 
  8.795513 
  8.811859 
  8.818086 
  8.811081 
  8.804075 
  8.804075 
  8.800183 
  8.799405 
  8.815751 
  8.816529 
  8.837546 
  8.815751 
  8.810302 
  8.814194 
  8.823535 
  8.804075 
  8.808745 
  8.824313 
  8.821200 
  8.818086 
  8.800962 
  8.804075 
  8.822756 
  8.831319 
  8.808745 
  8.822756 
  8.814194 
  8.828205 
  8.827427 
  8.825870 
  8.821978 
  8.840659 
  8.832875 
  8.828984 
  8.834432 
  8.853114 
  8.828984 
  8.832097 
  8.825092 
  8.807189 
  8.834432 
  8.816529 
  8.812637 
  8.833654 
  8.820421 
  8.832875 
  8.850778 
  8.822756 
  8.837546 
  8.818086 
  8.817308 
  8.832097 
  8.829762 
  8.832875 
  8.828984 
  8.816529 
  8.800183 
  8.820421 
  8.814973 
  8.814194 
  8.807189 
  8.827427 
  8.835989 
  8.820421 
  8.824313 
  8.828205 
  8.826648 
  8.833654 
  8.855449 
  8.842995 
  8.846108 
  8.840659 
  8.832875 
  8.830540 
  8.832097 
  8.849222 
  8.845330 
  8.830540 
  8.852335 
  8.853892 
  8.833654 
  8.823535 
  8.834432 
  8.826648 
  8.841438 
  8.845330 
  8.840659 
  8.842995 
  8.846108 
  8.853114 
  8.853892 
  8.881136 
  8.856227 
  8.835211 
  8.859341 
  8.835211 
  8.840659 
  8.849222 
  8.835211 
  8.821200 
  8.844551 
  8.827427 
  8.814194 
  8.836767 
  8.835211 
  8.835989 
  8.855449 
  8.828205 
  8.836767 
  8.832097 
  8.845330 
  8.850000 
  8.840659 
  8.828205 
  8.825092 
  8.839103 
  8.812637 
  8.806410 
  8.803297 
  8.808745 
  8.818086 
  8.827427 
  8.793956 
  8.829762 
  8.774496 
  8.790842 
  8.848443 
  8.824313 
  8.795513 
  8.825092 
  8.790064 
  8.803297 
  8.784615 
  8.829762 
  8.800962 
  8.815751 
  8.823535 
  8.782280 
  8.797070 
  8.800183 
  8.793178 
  8.815751 
  8.828205 
  8.807189 
  8.800183 
  8.824313 
  8.797070 
  8.786172 
  8.788507 
  8.823535 
  8.830540 
  8.804853 
  8.800183 
  8.814194 
  8.793956 
  8.822756 
  8.824313 
  8.820421 
  8.796291 
  8.779945 
  8.793956 
  8.804853 
  8.793178 
  8.800962 
  8.811859 
  8.814194 
  8.803297 
  8.814973 
  8.807189 
  8.820421 
  8.810302 
  8.808745 
  8.818864 
  8.803297 
  8.798626 
  8.792399 
  8.802518 
  8.812637 
  8.839103 
  8.801740 
  8.804853 
  8.816529 
  8.832097 
  8.856227 
  8.844551 
  8.799405 
  8.825092 
  8.843773 
  8.849222 
  8.860897 
  8.853892 
  8.825092 
  8.829762 
  8.817308 
  8.827427 
  8.846108 
  8.821978 
  8.822756 
  8.821200 
  8.849222 
  8.842216 
  8.825092 
  8.842995 
  8.832875 
  8.828984 
  8.825870 
  8.822756 
  8.805632 
  8.842216 
  8.819643 
  8.840659 
  8.853114 
  8.832097 
  8.845330 
  8.834432 
  8.824313 
  8.831319 
  8.840659 
  8.787729 
  8.793178 
  8.829762 
  8.849222 
  8.811081 
  8.803297 
  8.856227 
  8.835989 
  8.828205 
  8.814973 
  8.813416 
  8.834432 
  8.827427 
  8.836767 
  8.825870 
  8.817308 
  8.853892 
  8.818864 
  8.799405 
  8.804853 
  8.821200 
  8.822756 
  8.839103 
  8.830540 
  8.836767 
  8.846108 
  8.835211 
  8.844551 
  8.842995 
  8.839881 
  8.814973 
  8.822756 
  8.857005 
  8.858562 
  8.856227 
  8.850778 
  8.833654 
  8.857784 
  8.846108 
  8.850778 
  8.840659 
  8.842216 
  8.853114 
  8.859341 
  8.859341 
  8.864011 
  8.873352 
  8.842216 
  8.866346 
  8.882692 
  8.857784 
  8.863233 
  8.872573 
  8.856227 
  8.842995 
  8.874130 
  8.857005 
  8.861676 
  8.857784 
  8.868681 
  8.869460 
  8.861676 
  8.888141 
  8.876465 
  8.871016 
  8.878800 
  8.878800 
  8.873352 
  8.870238 
  8.866346 
  8.875687 
  8.880357 
  8.873352 
  8.875687 
  8.880357 
  8.881136 
  8.860897 
  8.850778 
  8.857784 
  8.863233 
  8.866346 
  8.856227 
  8.872573 
  8.871795 
  8.865568 
  8.864789 
  8.858562 
  8.866346 
  8.855449 
  8.846108 
  8.842216 
  8.853892 
  8.853892 
  8.847665 
  8.843773 
  8.860897 
  8.861676 
  8.860897 
  8.860897 
  8.848443 
  8.849222 
  8.866346 
  8.839881 
  8.842995 
  8.850000 
  8.869460 
  8.859341 
  8.857784 
  8.882692 
  8.885027 
  8.878022 
  8.874908 
  8.862454 
  8.868681 
  8.860897 
  8.858562 
  8.839103 
  8.852335 
  8.871016 
  8.876465 
  8.867903 
  8.871016 
  8.863233 
  8.864789 
  8.864011 
  8.852335 
  8.857784 
  8.869460 
  8.846886 
  8.864011 
  8.869460 
  8.846886 
  8.878800 
  8.857784 
  8.847665 
  8.831319 
  8.831319 
  8.831319 
  8.844551 
  8.857784 
  8.840659 
  8.848443 
  8.879579 
  8.832875 
  8.850778 
  8.859341 
  8.825870 
  8.851557 
  8.869460 
  8.847665 
  8.874908 
  8.846108 
  8.845330 
  8.857784 
  8.831319 
  8.850000 
  8.855449 
  8.870238 
  8.844551 
  8.827427 
  8.849222 
  8.832875 
  8.841438 
  8.869460 
  8.845330 
  8.846886 
  8.846886 
  8.849222 
  8.846886 
  8.854670 
  8.842995 
  8.850000 
  8.827427 
  8.855449 
  8.846886 
  8.851557 
  8.863233 
  8.848443 
  8.844551 
  8.839881 
  8.850778 
  8.842216 
  8.848443 
  8.855449 
  8.833654 
  8.845330 
  8.848443 
  8.853892 
  8.857005 
  8.853114 
  8.832097 
  8.845330 
  8.857005 
  8.865568 
  8.846886 
  8.842995 
  8.839103 
  8.828205 
  8.828984 
  8.839103 
  8.840659 
  8.820421 
  8.835211 
  8.815751 
  8.823535 
  8.821978 
  8.816529 
  8.859341 
  8.825870 
  8.839881 
  8.825870 
  8.838324 
  8.825092 
  8.837546 
  8.841438 
  8.852335 
  8.801740 
  8.793178 
  8.801740 
  8.782280 
  8.776053 
  8.775275 
  8.804075 
  8.809524 
  8.784615 
  8.788507 
  8.802518 
  8.806410 
  8.807967 
  8.810302 
  8.828984 
  8.807189 
  8.800183 
  8.812637 
  8.790064 
  8.812637 
  8.783837 
  8.797848 
  8.793178 
  8.795513 
  8.784615 
  8.816529 
  8.779945 
  8.795513 
  8.798626 
  8.797070 
  8.807189 
  8.792399 
  8.811859 
  8.796291 
  8.794734 
  8.793956 
  8.794734 
  8.800962 
  8.795513 
  8.801740 
  8.803297 
  8.814194 
  8.818086 
  8.796291 
  8.800183 
  8.818864 
  8.801740 
  8.789286 
  8.786172 
  8.799405 
  8.805632 
  8.793956 
  8.790064 
  8.802518 
  8.790842 
  8.797848 
  8.816529 
  8.815751 
  8.807967 
  8.811859 
  8.800183 
  8.806410 
  8.818086 
  8.819643 
  8.807189 
  8.797070 
  8.809524 
  8.814973 
  8.812637 
  8.814973 
  8.816529 
  8.820421 
  8.803297 
  8.814973 
  8.817308 
  8.824313 
  8.815751 
  8.817308 
  8.829762 
  8.814194 
  8.820421 
  8.806410 
  8.814194 
  8.825092 
  8.819643 
  8.811859 
  8.818086 
  8.826648 
  8.837546 
  8.835211 
  8.817308 
  8.807189 
  8.842995 
  8.836767 
  8.823535 
  8