  8.711447 
  8.751923 
  8.764377 
  8.751923 
  8.728571 
  8.740247 
  8.756593 
  8.743361 
  8.754258 
  8.751145 
  8.758150 
  8.760485 
  8.763599 
  8.762042 
  8.757372 
  8.759707 
  8.745696 
  8.734020 
  8.753480 
  8.765156 
  8.759707 
  8.758929 
  8.736355 
  8.724679 
  8.749588 
  8.757372 
  8.758929 
  8.772940 
  8.783059 
  8.772940 
  8.779945 
  8.758150 
  8.769826 
  8.770604 
  8.764377 
  8.772161 
  8.765934 
  8.767491 
  8.772940 
  8.769826 
  8.773718 
  8.764377 
  8.770604 
  8.779167 
  8.778388 
  8.773718 
  8.758929 
  8.767491 
  8.761264 
  8.754258 
  8.756593 
  8.755037 
  8.797070 
  8.773718 
  8.762042 
  8.758150 
  8.784615 
  8.767491 
  8.772161 
  8.782280 
  8.778388 
  8.772940 
  8.772161 
  8.779945 
  8.775275 
  8.764377 
  8.793956 
  8.765156 
  8.797070 
  8.796291 
  8.759707 
  8.755815 
  8.790064 
  8.781502 
  8.781502 
  8.785394 
  8.792399 
  8.786172 
  8.765934 
  8.807189 
  8.787729 
  8.800962 
  8.783837 
  8.773718 
  8.808745 
  8.803297 
  8.783837 
  8.777610 
  8.811081 
  8.812637 
  8.825870 
  8.832097 
  8.809524 
  8.837546 
  8.826648 
  8.801740 
  8.814194 
  8.807967 
  8.804853 
  8.807967 
  8.793956 
  8.815751 
  8.811859 
  8.807967 
  8.794734 
  8.813416 
  8.768269 
  8.798626 
  8.802518 
  8.800183 
  8.789286 
  8.775275 
  8.797848 
  8.811081 
  8.812637 
  8.795513 
  8.790842 
  8.799405 
  8.800962 
  8.796291 
  8.807967 
  8.822756 
  8.800183 
  8.793956 
  8.802518 
  8.793178 
  8.775275 
  8.794734 
  8.798626 
  8.805632 
  8.791621 
  8.780723 
  8.785394 
  8.779945 
  8.792399 
  8.797070 
  8.803297 
  8.812637 
  8.800962 
  8.825092 
  8.796291 
  8.796291 
  8.807967 
  8.784615 
  8.802518 
  8.793956 
  8.779945 
  8.780723 
  8.768269 
  8.792399 
  8.775275 
  8.807189 
  8.777610 
  8.787729 
  8.806410 
  8.803297 
  8.819643 
  8.793956 
  8.801740 
  8.797848 
  8.796291 
  8.792399 
  8.793956 
  8.798626 
  8.791621 
  8.798626 
  8.788507 
  8.796291 
  8.786951 
  8.800962 
  8.777610 
  8.769826 
  8.780723 
  8.783837 
  8.781502 
  8.785394 
  8.785394 
  8.808745 
  8.790842 
  8.786951 
  8.802518 
  8.807189 
  8.784615 
  8.794734 
  8.804853 
  8.785394 
  8.812637 
  8.818086 
  8.807967 
  8.797848 
  8.788507 
  8.769826 
  8.808745 
  8.783837 
  8.779945 
  8.802518 
  8.783837 
  8.803297 
  8.789286 
  8.780723 
  8.774496 
  8.779945 
  8.786172 
  8.794734 
  8.803297 
  8.797070 
  8.809524 
  8.818086 
  8.790064 
  8.778388 
  8.796291 
  8.790842 
  8.797848 
  8.797848 
  8.791621 
  8.818864 
  8.762042 
  8.779167 
  8.771383 
  8.761264 
  8.769048 
  8.764377 
  8.764377 
  8.758150 
  8.783837 
  8.795513 
  8.774496 
  8.769048 
  8.774496 
  8.743361 
  8.759707 
  8.755037 
  8.778388 
  8.741026 
  8.763599 
  8.755815 
  8.770604 
  8.766712 
  8.758929 
  8.747253 
  8.767491 
  8.778388 
  8.765934 
  8.755815 
  8.768269 
  8.779167 
  8.766712 
  8.765934 
  8.773718 
  8.778388 
  8.762821 
  8.773718 
  8.757372 
  8.756593 
  8.744918 
  8.750366 
  8.750366 
  8.762042 
  8.752701 
  8.767491 
  8.773718 
  8.746474 
  8.756593 
  8.758929 
  8.780723 
  8.779167 
  8.775275 
  8.791621 
  8.772161 
  8.769048 
  8.763599 
  8.783837 
  8.759707 
  8.789286 
  8.772161 
  8.767491 
  8.748810 
  8.767491 
  8.792399 
  8.783059 
  8.795513 
  8.762042 
  8.758150 
  8.755037 
  8.768269 
  8.778388 
  8.782280 
  8.772161 
  8.763599 
  8.775275 
  8.789286 
  8.776832 
  8.786951 
  8.783837 
  8.786172 
  8.783837 
  8.790064 
  8.771383 
  8.772940 
  8.781502 
  8.758929 
  8.770604 
  8.807189 
  8.781502 
  8.772161 
  8.774496 
  8.780723 
  8.793956 
  8.779945 
  8.776832 
  8.825870 
  8.776053 
  8.775275 
  8.772940 
  8.775275 
  8.776832 
  8.778388 
  8.765934 
  8.788507 
  8.794734 
  8.794734 
  8.793178 
  8.798626 
  8.782280 
  8.780723 
  8.762042 
  8.761264 
  8.782280 
  8.771383 
  8.807189 
  8.783837 
  8.813416 
  8.803297 
  8.816529 
  8.804075 
  8.786951 
  8.804853 
  8.795513 
  8.777610 
  8.800183 
  8.785394 
  8.795513 
  8.790064 
  8.798626 
  8.790842 
  8.808745 
  8.825870 
  8.813416 
  8.825092 
  8.816529 
  8.797070 
  8.792399 
  8.764377 
  8.797848 
  8.783059 
  8.786172 
  8.786172 
  8.814194 
  8.793956 
  8.800183 
  8.789286 
  8.792399 
  8.792399 
  8.775275 
  8.829762 
  8.816529 
  8.809524 
  8.831319 
  8.810302 
  8.808745 
  8.807189 
  8.811859 
  8.807967 
  8.800183 
  8.784615 
  8.808745 
  8.832097 
  8.812637 
  8.839103 
  8.832097 
  8.832097 
  8.801740 
  8.821978 
  8.818864 
  8.814973 
  8.812637 
  8.812637 
  8.823535 
  8.833654 
  8.825092 
  8.819643 
  8.819643 
  8.831319 
  8.812637 
  8.811859 
  8.796291 
  8.794734 
  8.797848 
  8.811081 
  8.806410 
  8.806410 
  8.823535 
  8.813416 
  8.816529 
  8.783837 
  8.795513 
  8.798626 
  8.814194 
  8.802518 
  8.797070 
  8.808745 
  8.793956 
  8.804075 
  8.811081 
  8.791621 
  8.803297 
  8.804075 
  8.807189 
  8.809524 
  8.804075 
  8.819643 
  8.793178 
  8.800183 
  8.808745 
  8.784615 
  8.787729 
  8.818864 
  8.799405 
  8.817308 
  8.791621 
  8.788507 
  8.809524 
  8.815751 
  8.820421 
  8.783059 
  8.785394 
  8.791621 
  8.786951 
  8.800962 
  8.797070 
  8.797848 
  8.814973 
  8.789286 
  8.799405 
  8.815751 
  8.808745 
  8.809524 
  8.800962 
  8.804075 
  8.797070 
  8.795513 
  8.795513 
  8.783837 
  8.785394 
  8.786172 
  8.800183 
  8.789286 
  8.803297 
  8.811859 
  8.819643 
  8.806410 
  8.796291 
  8.787729 
  8.777610 
  8.800183 
  8.783837 
  8.801740 
  8.777610 
  8.793956 
  8.793956 
  8.800962 
  8.811081 
  8.802518 
  8.831319 
  8.814194 
  8.811859 
  8.800183 
  8.783837 
  8.787729 
  8.778388 
  8.780723 
  8.772940 
  8.782280 
  8.804853 
  8.789286 
  8.784615 
  8.813416 
  8.803297 
  8.789286 
  8.793178 
  8.800962 
  8.799405 
  8.776053 
  8.801740 
  8.774496 
  8.804075 
  8.797848 
  8.807189 
  8.824313 
  8.797848 
  8.804075 
  8.801740 
  8.823535 
  8.821978 
  8.794734 
  8.772940 
  8.795513 
  8.791621 
  8.826648 
  8.824313 
  8.830540 
  8.811859 
  8.805632 
  8.822756 
  8.814194 
  8.795513 
  8.797070 
  8.813416 
  8.830540 
  8.807189 
  8.786172 
  8.784615 
  8.799405 
  8.795513 
  8.791621 
  8.809524 
  8.804075 
  8.788507 
  8.797070 
  8.795513 
  8.797848 
  8.793178 
  8.788507 
  8.791621 
  8.774496 
  8.773718 
  8.788507 
  8.784615 
  8.800183 
  8.792399 
  8.784615 
  8.765156 
  8.786951 
  8.779167 
  8.787729 
  8.794734 
  8.794734 
  8.784615 
  8.778388 
  8.776053 
  8.778388 
  8.782280 
  8.779167 
  8.780723 
  8.762042 
  8.771383 
  8.762042 
  8.776832 
  8.769048 
  8.773718 
  8.772161 
  8.769048 
  8.776053 
  8.765934 
  8.772161 
  8.781502 
  8.769826 
  8.756593 
  8.771383 
  8.761264 
  8.746474 
  8.767491 
  8.772161 
  8.769048 
  8.786951 
  8.775275 
  8.776832 
  8.777610 
  8.782280 
  8.786172 
  8.783059 
  8.765934 
  8.769048 
  8.770604 
  8.774496 
  8.768269 
  8.769826 
  8.769826 
  8.762821 
  8.767491 
  8.772940 
  8.762042 
  8.784615 
  8.773718 
  8.764377 
  8.789286 
  8.773718 
  8.773718 
  8.774496 
  8.786172 
  8.778388 
  8.766712 
  8.781502 
  8.783837 
  8.767491 
  8.770604 
  8.764377 
  8.772940 
  8.783059 
  8.784615 
  8.790064 
  8.793956 
  8.782280 
  8.779945 
  8.772940 
  8.780723 
  8.788507 
  8.790064 
  8.785394 
  8.761264 
  8.779945 
  8.788507 
  8.769048 
  8.779945 
  8.768269 
  8.810302 
  8.803297 
  8.795513 
  8.785394 
  8.794734 
  8.792399 
  8.767491 
  8.787729 
  8.797070 
  8.771383 
  8.776832 
  8.769826 
  8.779945 
  8.784615 
  8.774496 
  8.812637 
  8.793178 
  8.804075 
  8.808745 
  8.786172 
  8.807189 
  8.792399 
  8.783837 
  8.798626 
  8.786172 
  8.780723 
  8.782280 
  8.794734 
  8.814973 
  8.797848 
  8.797070 
  8.790064 
  8.775275 
  8.786951 
  8.823535 
  8.807967 
  8.809524 
  8.811859 
  8.783059 
  8.813416 
  8.811081 
  8.804075 
  8.832097 
  8.812637 
  8.790842 
  8.799405 
  8.797848 
  8.817308 
  8.808745 
  8.813416 
  8.809524 
  8.801740 
  8.805632 
  8.814194 
  8.817308 
  8.813416 
  8.811081 
  8.788507 
  8.802518 
  8.779167 
  8.800962 
  8.818086 
  8.793956 
  8.791621 
  8.819643 
  8.818086 
  8.814194 
  8.824313 
  8.821978 
  8.808745 
  8.790064 
  8.794734 
  8.814194 
  8.794734 
  8.838324 
  8.844551 
  8.817308 
  8.809524 
  8.810302 
  8.824313 
  8.824313 
  8.844551 
  8.827427 
  8.819643 
  8.836767 
  8.821200 
  8.825870 
  8.814973 
  8.846886 
  8.835211 
  8.801740 
  8.822756 
  8.819643 
  8.829762 
  8.824313 
  8.805632 
  8.839881 
  8.820421 
  8.828984 
  8.830540 
  8.832097 
  8.825092 
  8.845330 
  8.826648 
  8.814194 
  8.825870 
  8.818864 
  8.832875 
  8.808745 
  8.799405 
  8.803297 
  8.816529 
  8.807967 
  8.830540 
  8.822756 
  8.814194 
  8.814973 
  8.818864 
  8.815751 
  8.823535 
  8.818864 
  8.825870 
  8.819643 
  8.821200 
  8.809524 
  8.802518 
  8.794734 
  8.810302 
  8.799405 
  8.814194 
  8.790064 
  8.800962 
  8.804853 
  8.813416 
  8.814194 
  8.818086 
  8.815751 
  8.812637 
  8.805632 
  8.799405 
  8.807189 
  8.811081 
  8.821978 
  8.812637 
  8.800183 
  8.818086 
  8.815751 
  8.818864 
  8.811081 
  8.806410 
  8.794734 
  8.804853 
  8.820421 
  8.798626 
  8.814194 
  8.803297 
  8.808745 
  8.800962 
  8.821978 
  8.808745 
  8.812637 
  8.815751 
  8.800962 
  8.825092 
  8.814194 
  8.814973 
  8.808745 
  8.804075 
  8.812637 
  8.790064 
  8.809524 
  8.787729 
  8.807967 
  8.807967 
  8.801740 
  8.808745 
  8.816529 
  8.794734 
  8.800962 
  8.803297 
  8.822756 
  8.807967 
  8.796291 
  8.825092 
  8.821978 
  8.814194 
  8.800183 
  8.816529 
  8.809524 
  8.818086 
  8.815751 
  8.795513 
  8.809524 
  8.799405 
  8.793178 
  8.786951 
  8.808745 
  8.814194 
  8.808745 
  8.804853 
  8.802518 
  8.796291 
  8.789286 
  8.817308 
  8.813416 
  8.817308 
  8.810302 
  8.819643 
  8.804853 
  8.803297 
  8.810302 
  8.821200 
  8.819643 
  8.805632 
  8.814194 
  8.820421 
  8.835211 
  8.828205 
  8.829762 
  8.804075 
  8.824313 
  8.803297 
  8.811859 
  8.816529 
  8.813416 
  8.802518 
  8.819643 
  8.838324 
  8.806410 
  8.807189 
  8.820421 
  8.822756 
  8.826648 
  8.802518 
  8.801740 
  8.793956 
  8.819643 
  8.832875 
  8.815751 
  8.814194 
  8.835211 
  8.790064 
  8.807189 
  8.808745 
  8.794734 
  8.797848 
  8.793178 
  8.808745 
  8.807189 
  8.816529 
  8.796291 
  8.793956 
  8.786951 
  8.790842 
  8.789286 
  8.775275 
  8.802518 
  8.789286 
  8.804853 
  8.795513 
  8.781502 
  8.792399 
  8.787729 
  8.804075 
  8.789286 
  8.791621 
  8.793178 
  8.801740 
  8.793956 
  8.767491 
  8.802518 
  8.796291 
  8.777610 
  8.793178 
  8.795513 
  8.780723 
  8.793956 
  8.804075 
  8.795513 
  8.801740 
  8.773718 
  8.772940 
  8.786172 
  8.803297 
  8.798626 
  8.800962 
  8.807189 
  8.793178 
  8.786172 
  8.786172 
  8.793956 
  8.788507 
  8.782280 
  8.762042 
  8.787729 
  8.772940 
  8.790064 
  8.778388 
  8.786951 
  8.772161 
  8.778388 
  8.765934 
  8.777610 
  8.787729 
  8.793956 
  8.787729 
  8.768269 
  8.791621 
  8.779167 
  8.797848 
  8.800183 
  8.796291 
  8.804075 
  8.790842 
  8.782280 
  8.785394 
  8.791621 
  8.775275 
  8.778388 
  8.774496 
  8.776053 
  8.782280 
  8.790064 
  8.779945 
  8.776832 
  8.784615 
  8.788507 
  8.797848 
  8.792399 
  8.807189 
  8.786172 
  8.772161 
  8.778388 
  8.791621 
  8.799405 
  8.783059 
  8.794734 
  8.776832 
  8.800962 
  8.781502 
  8.787729 
  8.785394 
  8.813416 
  8.786951 
  8.783837 
  8.793178 
  8.790064 
  8.790064 
  8.787729 
  8.786172 
  8.777610 
  8.795513 
  8.804075 
  8.805632 
  8.799405 
  8.795513 
  8.785394 
  8.789286 
  8.804853 
  8.790842 
  8.790064 
  8.779167 
  8.783837 
  8.794734 
  8.791621 
  8.785394 
  8.790064 
  8.791621 
  8.804853 
  8.805632 
  8.796291 
  8.772161 
  8.807189 
  8.770604 
  8.797070 
  8.800962 
  8.788507 
  8.812637 
  8.810302 
  8.800183 
  8.818086 
  8.800183 
  8.804853 
  8.805632 
  8.797848 
  8.815751 
  8.808745 
  8.796291 
  8.819643 
  8.800962 
  8.791621 
  8.806410 
  8.804853 
  8.811081 
  8.787729 
  8.804075 
  8.793956 
  8.828984 
  8.829762 
  8.829762 
  8.808745 
  8.797848 
  8.803297 
  8.804853 
  8.795513 
  8.819643 
  8.821200 
  8.825870 
  8.827427 
  8.832097 
  8.835211 
  8.818086 
  8.810302 
  8.809524 
  8.817308 
  8.826648 
  8.815751 
  8.807189 
  8.818086 
  8.835989 
  8.832875 
  8.818086 
  8.810302 
  8.826648 
  8.839881 
  8.823535 
  8.819643 
  8.825870 
  8.835989 
  8.807967 
  8.826648 
  8.846108 
  8.807189 
  8.822756 
  8.801740 
  8.828984 
  8.807967 
  8.817308 
  8.814194 
  8.821200 
  8.812637 
  8.808745 
  8.811859 
  8.820421 
  8.804075 
  8.807189 
  8.815751 
  8.842995 
  8.823535 
  8.828984 
  8.807189 
  8.818864 
  8.811859 
  8.849222 
  8.804853 
  8.815751 
  8.809524 
  8.797070 
  8.811859 
  8.815751 
  8.828205 
  8.811081 
  8.825870 
  8.831319 
  8.806410 
  8.828205 
  8.823535 
  8.815751 
  8.814194 
  8.811859 
  8.832875 
  8.819643 
  8.817308 
  8.825870 
  8.792399 
  8.804075 
  8.804853 
  8.794734 
  8.810302 
  8.811081 
  8.817308 
  8.819643 
  8.809524 
  8.825092 
  8.821978 
  8.805632 
  8.795513 
  8.814194 
  8.793178 
  8.793178 
  8.804853 
  8.830540 
  8.821978 
  8.816529 
  8.824313 
  8.811081 
  8.821978 
  8.818086 
  8.814194 
  8.824313 
  8.804853 
  8.812637 
  8.798626 
  8.815751 
  8.804853 
  8.799405 
  8.810302 
  8.810302 
  8.797070 
  8.800962 
  8.813416 
  8.836767 
  8.820421 
  8.821200 
  8.813416 
  8.845330 
  8.841438 
  8.835211 
  8.801740 
  8.805632 
  8.788507 
  8.822756 
  8.832097 
  8.828205 
  8.841438 
  8.827427 
  8.817308 
  8.819643 
  8.819643 
  8.852335 
  8.828984 
  8.847665 
  8.828205 
  8.809524 
  8.812637 
  8.810302 
  8.815751 
  8.841438 
  8.827427 
  8.832875 
  8.842995 
  8.844551 
  8.816529 
  8.832097 
  8.832875 
  8.832097 
  8.839103 
  8.827427 
  8.809524 
  8.810302 
  8.820421 
  8.844551 
  8.836767 
  8.816529 
  8.822756 
  8.816529 
  8.807189 
  8.830540 
  8.811081 
  8.809524 
  8.836767 
  8.804075 
  8.798626 
  8.819643 
  8.809524 
  8.813416 
  8.807189 
  8.806410 
  8.831319 
  8.825870 
  8.804853 
  8.839103 
  8.821200 
  8.807189 
  8.798626 
  8.784615 
  8.795513 
  8.783837 
  8.796291 
  8.783837 
  8.784615 
  8.790064 
  8.792399 
  8.795513 
  8.798626 
  8.804853 
  8.790842 
  8.794734 
  8.795513 
  8.801740 
  8.793956 
  8.794734 
  8.796291 
  8.790064 
  8.798626 
  8.799405 
  8.804075 
  8.795513 
  8.793178 
  8.790842 
  8.793956 
  8.803297 
  8.808745 
  8.807189 
  8.788507 
  8.826648 
  8.797848 
  8.807967 
  8.797848 
  8.796291 
  8.803297 
  8.780723 
  8.791621 
  8.801740 
  8.807189 
  8.804853 
  8.788507 
  8.806410 
  8.786172 
  8.800962 
  8.811859 
  8.805632 
  8.794734 
  8.800183 
  8.790842 
  8.793178 
  8.790842 
  8.800183 
  8.797848 
  8.783059 
  8.800183 
  8.795513 
  8.805632 
  8.780723 
  8.793956 
  8.765156 
  8.789286 
  8.790842 
  8.794734 
  8.784615 
  8.797848 
  8.776832 
  8.772161 
  8.789286 
  8.792399 
  8.786951 
  8.795513 
  8.787729 
  8.800962 
  8.794734 
  8.793956 
  8.802518 
  8.820421 
  8.807967 
  8.797848 
  8.776053 
  8.792399 
  8.786172 
  8.794734 
  8.777610 
  8.786172 
  8.788507 
  8.783059 
  8.776832 
  8.782280 
  8.793178 
  8.793956 
  8.786172 
  8.796291 
  8.797848 
  8.802518 
  8.799405 
  8.811859 
  8.800183 
  8.789286 
  8.796291 
  8.810302 
  8.791621 
  8.790064 
  8.789286 
  8.784615 
  8.790842 
  8.804075 
  8.795513 
  8.803297 
  8.809524 
  8.781502 
  8.793956 
  8.800962 
  8.786951 
  8.805632 
  8.797848 
  8.798626 
  8.787729 
  8.792399 
  8.811081 
  8.806410 
  8.800183 
  8.797848 
  8.799405 
  8.799405 
  8.822756 
  8.782280 
  8.783837 
  8.791621 
  8.793956 
  8.805632 
  8.801740 
  8.798626 
  8.798626 
  8.800183 
  8.800962 
  8.798626 
  8.791621 
  8.805632 
  8.798626 
  8.778388 
  8.799405 
  8.791621 
  8.804853 
  8.828205 
  8.819643 
  8.825870 
  8.803297 
  8.803297 
  8.797070 
  8.784615 
  8.800962 
  8.814194 
  8.811859 
  8.801740 
  8.803297 
  8.801740 
  8.787729 
  8.793178 
  8.825870 
  8.807967 
  8.802518 
  8.807189 
  8.846886 
  8.837546 
  8.827427 
  8.829762 
  8.812637 
  8.835211 
  8.846108 
  8.842216 
  8.863233 
  8.840659 
  8.838324 
  8.838324 
  8.836767 
  8.832875 
  8.816529 
  8.813416 
  8.848443 
  8.813416 
  8.821978 
  8.807967 
  8.834432 
  8.837546 
  8.860897 
  8.830540 
  8.836767 
  8.821200 
  8.821978 
  8.814973 
  8.829762 
  8.824313 
  8.819643 
  8.829762 
  8.823535 
  8.834432 
  8.818864 
  8.820421 
  8.823535 
  8.834432 
  8.815751 
  8.818864 
  8.818864 
  8.826648 
  8.836767 
  8.802518 
  8.842995 
  8.828205 
  8.839881 
  8.821978 
  8.816529 
  8.825092 
  8.832097 
  8.832097 
  8.826648 
  8.830540 
  8.827427 
  8.832097 
  8.812637 
  8.822756 
  8.825870 
  8.828984 
  8.835989 
  8.823535 
  8.820421 
  8.821978 
  8.830540 
  8.804075 
  8.816529 
  8.821200 
  8.831319 
  8.834432 
  8.818086 
  8.825092 
  8.834432 
  8.823535 
  8.834432 
  8.809524 
  8.825092 
  8.826648 
  8.820421 
  8.820421 
  8.825870 
  8.811859 
  8.826648 
  8.809524 
  8.809524 
  8.821200 
  8.808745 
  8.798626 
  8.818864 
  8.830540 
  8.841438 
  8.814973 
  8.827427 
  8.826648 
  8.839881 
  8.842216 
  8.820421 
  8.825870 
  8.820421 
  8.808745 
  8.811859 
  8.820421 
  8.808745 
  8.821978 
  8.817308 
  8.828205 
  8.818864 
  8.811859 
  8.831319 
  8.828984 
  8.859341 
  8.821200 
  8.828205 
  8.857784 
  8.839881 
  8.835211 
  8.818086 
  8.821978 
  8.818086 
  8.842216 
  8.832875 
  8.829762 
  8.835211 
  8.825092 
  8.835211 
  8.835211 
  8.821978 
  8.844551 
  8.836767 
  8.852335 
  8.825870 
  8.823535 
  8.839881 
  8.812637 
  8.826648 
  8.844551 
  8.842216 
  8.848443 
  8.839103 
  8.832097 
  8.826648 
  8.846108 
  8.818086 
  8.855449 
  8.831319 
  8.828205 
  8.840659 
  8.823535 
  8.813416 
  8.832875 
  8.839881 
  8.823535 
  8.841438 
  8.797070 
  8.810302 
  8.832875 
  8.818864 
  8.817308 
  8.842216 
  8.838324 
  8.814194 
  8.828205 
  8.812637 
  8.821978 
  8.822756 
  8.830540 
  8.842995 
  8.839103 
  8.838324 
  8.849222 
  8.839881 
  8.823535 
  8.835211 
  8.810302 
  8.802518 
  8.844551 
  8.821978 
  8.860897 
  8.816529 
  8.850778 
  8.834432 
  8.812637 
  8.856227 
  8.829762 
  8.826648 
  8.832875 
  8.820421 
  8.805632 
  8.812637 
  8.807189 
  8.812637 
  8.804853 
  8.800183 
  8.818864 
  8.796291 
  8.798626 
  8.828984 
  8.786951 
  8.800962 
  8.811859 
  8.812637 
  8.804853 
  8.809524 
  8.804853 
  8.794734 
  8.779167 
  8.794734 
  8.804853 
  8.790842 
  8.793956 
  8.799405 
  8.789286 
  8.796291 
  8.815751 
  8.794734 
  8.792399 
  8.804075 
  8.805632 
  8.811859 
  8.812637 
  8.812637 
  8.797848 
  8.806410 
  8.800962 
  8.810302 
  8.818086 
  8.810302 
  8.812637 
  8.800183 
  8.821978 
  8.813416 
  8.825870 
  8.817308 
  8.802518 
  8.822756 
  8.798626 
  8.814973 
  8.799405 
  8.818086 
  8.819643 
  8.793956 
  8.825092 
  8.807189 
  8.812637 
  8.818864 
  8.812637 
  8.822756 
  8.814973 
  8.800962 
  8.794734 
  8.795513 
  8.790064 
  8.802518 
  8.818086 
  8.829762 
  8.821200 
  8.810302 
  8.795513 
  8.820421 
  8.808745 
  8.791621 
  8.796291 
  8.791621 
  8.806410 
  8.786172 
  8.779167 
  8.781502 
  8.804853 
  8.794734 
  8.795513 
  8.788507 
  8.799405 
  8.793178 
  8.793178 
  8.792399 
  8.823535 
  8.799405 
  8.830540 
  8.825870 
  8.807967 
  8.793956 
  8.784615 
  8.798626 
  8.800183 
  8.802518 
  8.795513 
  8.804075 
  8.791621 
  8.772940 
  8.791621 
  8.787729 
  8.801740 
  8.793178 
  8.789286 
  8.799405 
  8.795513 
  8.800183 
  8.796291 
  8.819643 
  8.805632 
  8.797848 
  8.786172 
  8.796291 
  8.791621 
  8.807189 
  8.776832 
  8.797070 
  8.810302 
  8.800183 
  8.807967 
  8.818086 
  8.800962 
  8.800183 
  8.793956 
  8.822756 
  8.807967 
  8.806410 
  8.787729 
  8.809524 
  8.807967 
  8.807967 
  8.802518 
  8.818864 
  8.801740 
  8.817308 
  8.806410 
  8.788507 
  8.805632 
  8.779945 
  8.777610 
  8.812637 
  8.793178 
  8.812637 
  8.798626 
  8.797848 
  8.786172 
  8.809524 
  8.786951 
  8.805632 
  8.797848 
  8.800962 
  8.825092 
  8.809524 
  8.799405 
  8.786951 
  8.816529 
  8.810302 
  8.809524 
  8.844551 
  8.819643 
  8.809524 
  8.813416 
  8.816529 
  8.814973 
  8.825870 
  8.842216 
  8.810302 
  8.813416 
  8.801740 
  8.804853 
  8.788507 
  8.838324 
  8.818086 
  8.827427 
  8.840659 
  8.828984 
  8.839881 
  8.826648 
  8.835211 
  8.828205 
  8.855449 
  8.816529 
  8.840659 
  8.830540 
  8.818864 
  8.821200 
  8.819643 
  8.804853 
  8.812637 
  8.831319 
  8.815751 
  8.839881 
  8.828205 
  8.810302 
  8.821978 
  8.824313 
  8.836767 
  8.814973 
  8.805632 
  8.804853 
  8.841438 
  8.812637 
  8.828205 
  8.832097 
  8.826648 
  8.838324 
  8.820421 
  8.826648 
  8.808745 
  8.831319 
  8.814973 
  8.821200 
  8.814194 
  8.825092 
  8.828205 
  8.824313 
  8.845330 
  8.823535 
  8.850000 
  8.818864 
  8.823535 
  8.839103 
  8.820421 
  8.817308 
  8.819643 
  8.803297 
  8.819643 
  8.817308 
  8.807189 
  8.818864 
  8.823535 
  8.808745 
  8.828984 
  8.821200 
  8.830540 
  8.813416 
  8.818864 
  8.820421 
  8.804075 
  8.813416 
  8.800183 
  8.806410 
  8.792399 
  8.818086 
  8.823535 
  8.793956 
  8.814973 
  8.842216 
  8.844551 
  8.842216 
  8.850778 
  8.830540 
  8.833654 
  8.823535 
  8.803297 
  8.811859 
  8.797848 
  8.805632 
  8.809524 
  8.817308 
  8.816529 
  8.811081 
  8.820421 
  8.825870 
  8.817308 
  8.817308 
  8.824313 
  8.832875 
  8.846108 
  8.809524 
  8.808745 
  8.836767 
  8.818864 
  8.832875 
  8.821200 
  8.809524 
  8.820421 
  8.842216 
  8.846108 
  8.846108 
  8.850000 
  8.841438 
  8.815751 
  8.809524 
  8.807189 
  8.826648 
  8.820421 
  8.826648 
  8.831319 
  8.825870 
  8.821200 
  8.836767 
  8.839881 
  8.844551 
  8.848443 
  8.853114 
  8.853892 
  8.835989 
  8.812637 
  8.816529 
  8.836767 
  8.828205 
  8.840659 
  8.832875 
  8.833654 
  8.832875 
  8.823535 
  8.864011 
  8.850000 
  8.840659 
  8.839881 
  8.810302 
  8.811081 
  8.835211 
  8.819643 
  8.832875 
  8.840659 
  8.825092 
  8.819643 
  8.814973 
  8.800962 
  8.828205 
  8.818864 
  8.821978 
  8.829762 
  8.854670 
  8.831319 
  8.850778 
  8.836767 
  8.833654 
  8.810302 
  8.807967 
  8.825870 
  8.838324 
  8.852335 
  8.832875 
  8.811859 
  8.829762 
  8.833654 
  8.842216 
  8.842216 
  8.831319 
  8.838324 
  8.864011 
  8.818864 
  8.802518 
  8.808745 
  8.795513 
  8.814194 
  8.799405 
  8.782280 
  8.825870 
  8.806410 
  8.809524 
  8.804853 
  8.809524 
  8.814973 
  8.791621 
  8.802518 
  8.807967 
  8.797848 
  8.794734 
  8.767491 
  8.816529 
  8.795513 
  8.783059 
  8.788507 
  8.789286 
  8.802518 
  8.808745 
  8.807189 
  8.809524 
  8.802518 
  8.811081 
  8.802518 
  8.795513 
  8.800183 
  8.813416 
  8.811081 
  8.804075 
  8.800962 
  8.806410 
  8.810302 
  8.814973 
  8.818086 
  8.805632 
  8.818086 
  8.795513 
  8.799405 
  8.799405 
  8.816529 
  8.812637 
  8.801740 
  8.801740 
  8.808745 
  8.808745 
  8.813416 
  8.808745 
  8.806410 
  8.817308 
  8.805632 
  8.797070 
  8.779945 
  8.784615 
  8.791621 
  8.811859 
  8.811081 
  8.846108 
  8.810302 
  8.806410 
  8.803297 
  8.814973 
  8.821200 
  8.797848 
  8.790064 
  8.788507 
  8.784615 
  8.778388 
  8.772161 
  8.787729 
  8.788507 
  8.790064 
  8.781502 
  8.799405 
  8.794734 
  8.792399 
  8.794734 
  8.791621 
  8.804853 
  8.811081 
  8.818086 
  8.817308 
  8.793178 
  8.777610 
  8.775275 
  8.787729 
  8.804075 
  8.804853 
  8.796291 
  8.804075 
  8.781502 
  8.784615 
  8.786951 
  8.797070 
  8.796291 
  8.785394 
  8.803297 
  8.797848 
  8.780723 
  8.801740 
  8.789286 
  8.800962 
  8.800183 
  8.795513 
  8.793178 
  8.795513 
  8.800183 
  8.800962 
  8.793178 
  8.793178 
  8.811081 
  8.794734 
  8.805632 
  8.818864 
  8.807189 
  8.795513 
  8.793178 
  8.800962 
  8.790842 
  8.814194 
  8.803297 
  8.806410 
  8.787729 
  8.786172 
  8.807967 
  8.806410 
  8.815751 
  8.817308 
  8.799405 
  8.792399 
  8.810302 
  8.786172 
  8.792399 
  8.791621 
  8.787729 
  8.799405 
  8.800962 
  8.806410 
  8.785394 
  8.800962 
  8.796291 
  8.814973 
  8.802518 
  8.795513 
  8.803297 
  8.784615 
  8.807189 
  8.791621 
  8.793956 
  8.812637 
  8.809524 
  8.828984 
  8.815751 
  8.824313 
  8.793178 
  8.821200 
  8.811859 
  8.797070 
  8.793956 
  8.800962 
  8.787729 
  8.800962 
  8.805632 
  8.817308 
  8.820421 
  8.811081 
  8.810302 
  8.793178 
  8.812637 
  8.821978 
  8.824313 
  8.825870 
  8.821978 
  8.818086 
  8.818086 
  8.797070 
  8.855449 
  8.831319 
  8.846886 
  8.824313 
  8.827427 
  8.810302 
  8.819643 
  8.818864 
  8.823535 
  8.814973 
  8.823535 
  8.809524 
  8.832875 
  8.830540 
  8.828205 
  8.832875 
  8.866346 
  8.816529 
  8.814973 
  8.820421 
  8.814973 
  8.818086 
  8.823535 
  8.820421 
  8.828984 
  8.818864 
  8.811081 
  8.825870 
  8.820421 
  8.794734 
  8.816529 
  8.807189 
  8.835211 
  8.818864 
  8.805632 
  8.821200 
  8.835211 
  8.800962 
  8.844551 
  8.829762 
  8.822756 
  8.825092 
  8.816529 
  8.809524 
  8.832097 
  8.825870 
  8.817308 
  8.817308 
  8.812637 
  8.796291 
  8.814194 
  8.826648 
  8.828984 
  8.832875 
  8.832875 
  8.821978 
  8.811081 
  8.814973 
  8.817308 
  8.823535 
  8.824313 
  8.813416 
  8.830540 
  8.826648 
  8.815751 
  8.818086 
  8.814194 
  8.806410 
  8.817308 
  8.823535 
  8.821978 
  8.832097 
  8.817308 
  8.807967 
  8.805632 
  8.823535 
  8.808745 
  8.813416 
  8.805632 
  8.818864 
  8.815751 
  8.814194 
  8.810302 
  8.833654 
  8.835211 
  8.833654 
  8.842995 
  8.835211 
  8.831319 
  8.835211 
  8.821978 
  8.814973 
  8.807967 
  8.804853 
  8.800962 
  8.814973 
  8.800183 
  8.811859 
  8.814973 
  8.810302 
  8.811859 
  8.814194 
  8.810302 
  8.840659 
  8.849222 
  8.839881 
  8.824313 
  8.844551 
  8.834432 
  8.836767 
  8.823535 
  8.825092 
  8.807189 
  8.823535 
  8.835211 
  8.832097 
  8.845330 
  8.842995 
  8.828205 
  8.821978 
  8.807967 
  8.837546 
  8.825870 
  8.848443 
  8.835211 
  8.832097 
  8.821978 
  8.815751 
  8.822756 
  8.834432 
  8.839103 
  8.835211 
  8.829762 
  8.836767 
  8.829762 
  8.842995 
  8.832875 
  8.824313 
  8.848443 
  8.829762 
  8.821978 
  8.827427 
  8.837546 
  8.831319 
  8.831319 
  8.842995 
  8.849222 
  8.811081 
  8.814194 
  8.840659 
  8.825870 
  8.815751 
  8.822756 
  8.813416 
  8.820421 
  8.811081 
  8.808745 
  8.813416 
  8.811859 
  8.821200 
  8.823535 
  8.839103 
  8.839103 
  8.843773 
  8.830540 
  8.828984 
  8.803297 
  8.787729 
  8.816529 
  8.817308 
  8.814194 
  8.835989 
  8.825870 
  8.808745 
  8.799405 
  8.811081 
  8.832097 
  8.811859 
  8.795513 
  8.800183 
  8.801740 
  8.778388 
  8.796291 
  8.807189 
  8.821978 
  8.786951 
  8.813416 
  8.786172 
  8.800962 
  8.789286 
  8.800962 
  8.797848 
  8.778388 
  8.790064 
  8.796291 
  8.800962 
  8.779167 
  8.791621 
  8.778388 
  8.783059 
  8.808745 
  8.795513 
  8.814194 
  8.807189 
  8.807189 
  8.789286 
  8.801740 
  8.790842 
  8.806410 
  8.796291 
  8.797848 
  8.793956 
  8.803297 
  8.810302 
  8.807189 
  8.803297 
  8.807189 
  8.799405 
  8.801740 
  8.806410 
  8.787729 
  8.788507 
  8.804075 
  8.786172 
  8.798626 
  8.810302 
  8.810302 
  8.805632 
  8.806410 
  8.814194 
  8.790064 
  8.815751 
  8.800962 
  8.793956 
  8.794734 
  8.776832 
  8.813416 
  8.783837 
  8.833654 
  8.795513 
  8.790842 
  8.816529 
  8.809524 
  8.803297 
  8.807189 
  8.793178 
  8.801740 
  8.791621 
  8.786172 
  8.767491 
  8.803297 
  8.810302 
  8.766712 
  8.771383 
  8.788507 
  8.792399 
  8.799405 
  8.807967 
  8.776832 
  8.801740 
  8.807967 
  8.810302 
  8.809524 
  8.815751 
  8.797848 
  8.793178 
  8.794734 
  8.807967 
  8.792399 
  8.788507 
  8.793956 
  8.776832 
  8.779167 
  8.790842 
  8.774496 
  8.797848 
  8.782280 
  8.800962 
  8.793956 
  8.796291 
  8.803297 
  8.808745 
  8.817308 
  8.803297 
  8.777610 
  8.795513 
  8.780723 
  8.807967 
  8.797848 
  8.786951 
  8.797848 
  8.785394 
  8.797848 
  8.797070 
  8.800183 
  8.814194 
  8.807967 
  8.808745 
  8.802518 
  8.795513 
  8.797070 
  8.812637 
  8.796291 
  8.793956 
  8.808745 
  8.790064 
  8.801740 
  8.803297 
  8.797848 
  8.816529 
  8.794734 
  8.810302 
  8.823535 
  8.800183 
  8.797848 
  8.799405 
  8.819643 
  8.800183 
  8.799405 
  8.782280 
  8.800962 
  8.811081 
  8.792399 
  8.821200 
  8.791621 
  8.803297 
  8.803297 
  8.811859 
  8.805632 
  8.804853 
  8.791621 
  8.804075 
  8.793956 
  8.842995 
  8.804075 
  8.821978 
  8.818864 
  8.835989 
  8.811081 
  8.801740 
  8.790064 
  8.791621 
  8.804853 
  8.807967 
  8.792399 
  8.786951 
  8.811859 
  8.826648 
  8.820421 
  8.844551 
  8.816529 
  8.804853 
  8.789286 
  8.815751 
  8.828984 
  8.832097 
  8.828984 
  8.831319 
  8.854670 
  8.821978 
  8.853114 
  8.840659 
  8.861676 
  8.828205 
  8.852335 
  8.849222 
  8.838324 
  8.835211 
  8.846108 
  8.835989 
  8.838324 
  8.826648 
  8.831319 
  8.810302 
  8.818864 
  8.818086 
  8.823535 
  8.799405 
  8.805632 
  8.816529 
  8.844551 
  8.839881 
  8.832875 
  8.866346 
  8.814194 
  8.832097 
  8.818086 
  8.822756 
  8.830540 
  8.820421 
  8.811859 
  8.806410 
  8.806410 
  8.821978 
  8.827427 
  8.821978 
  8.829762 
  8.818864 
  8.830540 
  8.820421 
  8.816529 
  8.818864 
  8.804853 
  8.812637 
  8.823535 
  8.831319 
  8.804853 
  8.834432 
  8.819643 
  8.833654 
  8.819643 
  8.812637 
  8.837546 
  8.819643 
  8.824313 
  8.815751 
  8.821978 
  8.811859 
  8.828205 
  8.807967 
  8.836767 
  8.824313 
  8.821978 
  8.837546 
  8.844551 
  8.813416 
  8.834432 
  8.823535 
  8.820421 
  8.819643 
  8.816529 
  8.847665 
  8.819643 
  8.821978 
  8.832875 
  8.821978 
  8.815751 
  8.817308 
  8.822756 
  8.827427 
  8.818086 
  8.824313 
  8.832097 
  8.819643 
  8.818086 
  8.807967 
  8.808745 
  8.818864 
  8.812637 
  8.818864 
  8.810302 
  8.821978 
  8.840659 
  8.828205 
  8.819643 
  8.824313 
  8.847665 
  8.842995 
  8.829762 
  8.814973 
  8.820421 
  8.799405 
  8.799405 
  8.814194 
  8.818864 
  8.800183 
  8.816529 
  8.811859 
  8.811859 
  8.808745 
  8.821978 
  8.827427 
  8.832097 
  8.840659 
  8.835989 
  8.828205 
  8.853892 
  8.837546 
  8.835989 
  8.813416 
  8.813416 
  8.818086 
  8.838324 
  8.840659 
  8.826648 
  8.844551 
  8.828205 
  8.821978 
  8.830540 
  8.825870 
  8.830540 
  8.837546 
  8.824313 
  8.818086 
  8.815751 
  8.829762 
  8.814973 
  8.840659 
  8.858562 
  8.856227 
  8.849222 
  8.838324 
  8.828205 
  8.807967 
  8.825870 
  8.825870 
  8.839881 
  8.825870 
  8.808745 
  8.834432 
  8.837546 
  8.827427 
  8.853114 
  8.819643 
  8.801740 
  8.821978 
  8.783059 
  8.808745 
  8.811859 
  8.832097 
  8.811081 
  8.831319 
  8.828205 
  8.793956 
  8.818086 
  8.819643 
  8.820421 
  8.819643 
  8.819643 
  8.814973 
  8.832097 
  8.812637 
  8.787729 
  8.785394 
  8.795513 
  8.813416 
  8.807189 
  8.784615 
  8.786951 
  8.775275 
  8.801740 
  8.793956 
  8.807967 
  8.828984 
  8.788507 
  8.807189 
  8.804075 
  8.800962 
  8.810302 
  8.828205 
  8.802518 
  8.799405 
  8.794734 
  8.807967 
  8.789286 
  8.807967 
  8.807967 
  8.807967 
  8.804853 
  8.793956 
  8.795513 
  8.798626 
  8.784615 
  8.814973 
  8.792399 
  8.804075 
  8.783059 
  8.804075 
  8.791621 
  8.807189 
  8.800183 
  8.806410 
  8.800962 
  8.808745 
  8.793956 
  8.794734 
  8.804853 
  8.786951 
  8.809524 
  8.802518 
  8.800962 
  8.784615 
  8.807189 
  8.797070 
  8.776053 
  8.785394 
  8.788507 
  8.804075 
  8.791621 
  8.782280 
  8.790842 
  8.785394 
  8.790064 
  8.785394 
  8.790842 
  8.786951 
  8.784615 
  8.787729 
  8.804075 
  8.796291 
  8.808745 
  8.800962 
  8.820421 
  8.807967 
  8.808745 
  8.804075 
  8.800183 
  8.803297 
  8.786951 
  8.804853 
  8.800962 
  8.795513 
  8.772161 
  8.771383 
  8.781502 
  8.800962 
  8.783837 
  8.793956 
  8.802518 
  8.798626 
  8.803297 
  8.800183 
  8.799405 
  8.802518 
  8.802518 
  8.780723 
  8.799405 
  8.804075 
  8.787729 
  8.780723 
  8.798626 
  8.781502 
  8.799405 
  8.792399 
  8.794734 
  8.801740 
  8.800183 
  8.825092 
  8.807967 
  8.812637 
  8.794734 
  8.811081 
  8.798626 
  8.794734 
  8.807967 
  8.786172 
  8.803297 
  8.793178 
  8.804853 
  8.825870 
  8.794734 
  8.820421 
  8.808745 
  8.794734 
  8.791621 
  8.798626 
  8.800962 
  8.786951 
  8.800962 
  8.782280 
  8.798626 
  8.812637 
  8.792399 
  8.797070 
  8.806410 
  8.818864 
  8.797848 
  8.804075 
  8.814973 
  8.791621 
  8.811859 
  8.798626 
  8.793178 
  8.826648 
  8.804853 
  8.789286 
  8.818864 
  8.819643 
  8.808745 
  8.799405 
  8.796291 
  8.797848 
  8.801740 
  8.800183 
  8.812637 
  8.818086 
  8.807189 
  8.818864 
  8.814194 
  8.812637 
  8.839103 
  8.821978 
  8.802518 
  8.827427 
  8.805632 
  8.817308 
  8.803297 
  8.817308 
  8.842995 
  8.815751 
  8.819643 
  8.825092 
  8.835211 
  8.818086 
  8.800183 
  8.787729 
  8.817308 
  8.828984 
  8.814194 
  8.835989 
  8.828984 
  8.838324 
  8.836767 
  8.827427 
  8.809524 
  8.828205 
  8.819643 
  8.833654 
  8.833654 
  8.824313 
  8.849222 
  8.841438 
  8.811081 
  8.818864 
  8.838324 
  8.834432 
  8.853892 
  8.843773 
  8.827427 
  8.839103 
  8.833654 
  8.824313 
  8.828984 
  8.847665 
  8.838324 
  8.839103 
  8.847665 
  8.842995 
  8.825870 
  8.850000 
  8.826648 
  8.814194 
  8.828984 
  8.822756 
  8.821200 
  8.827427 
  8.829762 
  8.828205 
  8.832875 
  8.820421 
  8.804075 
  8.851557 
  8.830540 
  8.827427 
  8.825092 
  8.827427 
  8.816529 
  8.816529 
  8.819643 
  8.818864 
  8.810302 
  8.825092 
  8.818864 
  8.814973 
  8.819643 
  8.810302 
  8.832097 
  8.815751 
  8.819643 
  8.825870 
  8.812637 
  8.843773 
  8.809524 
  8.804075 
  8.815751 
  8.816529 
  8.819643 
  8.831319 
  8.801740 
  8.821200 
  8.808745 
  8.835989 
  8.841438 
  8.827427 
  8.840659 
  8.808745 
  8.825870 
  8.814194 
  8.835989 
  8.815751 
  8.823535 
  8.816529 
  8.827427 
  8.837546 
  8.835211 
  8.804853 
  8.829762 
  8.800183 
  8.825092 
  8.832097 
  8.820421 
  8.829762 
  8.810302 
  8.803297 
  8.807189 
  8.815751 
  8.804075 
  8.813416 
  8.827427 
  8.816529 
  8.822756 
  8.831319 
  8.812637 
  8.827427 
  8.818086 
  8.817308 
  8.826648 
  8.817308 
  8.814194 
  8.834432 
  8.832875 
  8.848443 
  8.826648 
  8.822756 
  8.828984 
  8.816529 
  8.830540 
  8.818864 
  8.804075 
  8.817308 
  8.826648 
  8.820421 
  8.814973 
  8.821200 
  8.835211 
  8.808745 
  8.814194 
  8.829762 
  8.816529 
  8.816529 
  8.813416 
  8.835211 
  8.832097 
  8.839103 
  8.836767 
  8.825092 
  8.810302 
  8.800962 
  8.807189 
  8.831319 
  8.852335 
  8.816529 
  8.842216 
  8.845330 
  8.830540 
  8.828984 
  8.834432 
  8.848443 
  8.841438 
  8.839103 
  8.833654 
  8.809524 
  8.828205 
  8.822756 
  8.832875 
  8.860897 
  8.850000 
  8.839103 
  8.842995 
  8.828984 
  8.826648 
  8.827427 
  8.827427 
  8.839103 
  8.840659 
  8.844551 
  8.816529 
  8.847665 
  8.829762 
  8.842216 
  8.818086 
  8.835989 
  8.823535 
  8.823535 
  8.800183 
  8.830540 
  8.793956 
  8.808745 
  8.818864 
  8.813416 
  8.832097 
  8.831319 
  8.822756 
  8.827427 
  8.814973 
  8.828205 
  8.829762 
  8.828984 
  8.847665 
  8.832875 
  8.815751 
  8.795513 
  8.793956 
  8.800962 
  8.790842 
  8.795513 
  8.797848 
  8.812637 
  8.779167 
  8.804075 
  8.797848 
  8.787729 
  8.781502 
  8.772940 
  8.796291 
  8.788507 
  8.803297 
  8.794734 
  8.798626 
  8.797070 
  8.802518 
  8.807189 
  8.812637 
  8.792399 
  8.806410 
  8.801740 
  8.805632 
  8.803297 
  8.814194 
  8.798626 
  8.786172 
  8.790064 
  8.795513 
  8.802518 
  8.809524 
  8.790064 
  8.804853 
  8.819643 
  8.788507 
  8.790842 
  8.800962 
  8.797848 
  8.806410 
  8.809524 
  8.797070 
  8.800183 
  8.794734 
  8.793956 
  8.797070 
  8.802518 
  8.807189 
  8.791621 
  8.799405 
  8.818864 
  8.806410 
  8.783837 
  8.782280 
  8.783837 
  8.783059 
  8.777610 
  8.784615 
  8.781502 
  8.787729 
  8.776832 
  8.782280 
  8.777610 
  8.786951 
  8.779945 
  8.794734 
  8.800183 
  8.799405 
  8.800183 
  8.796291 
  8.819643 
  8.810302 
  8.799405 
  8.794734 
  8.779945 
  8.799405 
  8.781502 
  8.799405 
  8.793178 
  8.800962 
  8.767491 
  8.775275 
  8.779167 
  8.799405 
  8.792399 
  8.789286 
  8.805632 
  8.797070 
  8.788507 
  8.799405 
  8.814194 
  8.796291 
  8.809524 
  8.780723 
  8.785394 
  8.800183 
  8.790064 
  8.783059 
  8.800962 
  8.776053 
  8.790064 
  8.797848 
  8.786951 
  8.801740 
  8.799405 
  8.811081 
  8.809524 
  8.800183 
  8.792399 
  8.807189 
  8.787729 
  8.799405 
  8.814973 
  8.781502 
  8.817308 
  8.784615 
  8.794734 
  8.817308 
  8.769048 
  8.821978 
  8.800183 
  8.783837 
  8.799405 
  8.793178 
  8.807967 
  8.790842 
  8.794734 
  8.792399 
  8.792399 
  8.805632 
  8.797848 
  8.787729 
  8.791621 
  8.790842 
  8.810302 
  8.795513 
  8.818086 
  8.796291 
  8.790064 
  8.814973 
  8.798626 
  8.844551 
  8.803297 
  8.795513 
  8.795513 
  8.812637 
  8.810302 
  8.798626 
  8.792399 
  8.791621 
  8.803297 
  8.808745 
  8.818086 
  8.814194 
  8.813416 
  8.807967 
  8.819643 
  8.810302 
  8.832875 
  8.831319 
  8.800962 
  8.800183 
  8.818086 
  8.826648 
  8.814194 
  8.830540 
  8.834432 
  8.823535 
  8.821200 
  8.814194 
  8.830540 
  8.814194 
  8.812637 
  8.789286 
  8.792399 
  8.821978 
  8.814973 
  8.835989 
  8.828984 
  8.835989 
  8.838324 
  8.807967 
  8.823535 
  8.839881 
  8.829762 
  8.805632 
  8.841438 
  8.847665 
  8.830540 
  8.819643 
  8.839881 
  8.840659 
  8.832875 
  8.844551 
  8.826648 
  8.818086 
  8.840659 
  8.847665 
  8.804075 
  8.842995 
  8.846886 
  8.842216 
  8.843773 
  8.842216 
  8.841438 
  8.839103 
  8.833654 
  8.818864 
  8.837546 
  8.846108 
  8.841438 
  8.854670 
  8.846886 
  8.836767 
  8.846886 
  8.855449 
  8.857784 
  8.850000 
  8.835989 
  8.845330 
  8.814194 
  8.842216 
  8.851557 
  8.842995 
  8.840659 
  8.850000 
  8.838324 
  8.844551 
  8.845330 
  8.828205 
  8.820421 
  8.831319 
  8.819643 
  8.830540 
  8.834432 
  8.835211 
  8.821200 
  8.832875 
  8.808745 
  8.836767 
  8.835989 
  8.825092 
  8.823535 
  8.826648 
  8.819643 
  8.822756 
  8.828984 
  8.818864 
  8.826648 
  8.818864 
  8.827427 
  8.815751 
  8.810302 
  8.827427 
  8.835989 
  8.817308 
  8.825870 
  8.828984 
  8.833654 
  8.826648 
  8.816529 
  8.837546 
  8.817308 
  8.831319 
  8.816529 
  8.832097 
  8.813416 
  8.839103 
  8.821978 
  8.842995 
  8.818864 
  8.832875 
  8.832875 
  8.827427 
  8.832097 
  8.802518 
  8.821978 
  8.832097 
  8.821978 
  8.823535 
  8.825870 
  8.813416 
  8.828984 
  8.815751 
  8.826648 
  8.821978 
  8.827427 
  8.831319 
  8.832875 
  8.829762 
  8.821978 
  8.798626 
  8.801740 
  8.813416 
  8.822756 
  8.812637 
  8.820421 
  8.821200 
  8.821978 
  8.837546 
  8.814194 
  8.818864 
  8.811859 
  8.851557 
  8.826648 
  8.816529 
  8.830540 
  8.845330 
  8.836767 
  8.835989 
  8.828984 
  8.821978 
  8.817308 
  8.830540 
  8.812637 
  8.821978 
  8.812637 
  8.842216 
  8.817308 
  8.812637 
  8.812637 
  8.828984 
  8.815751 
  8.814194 
  8.803297 
  8.811859 
  8.820421 
  8.835211 
  8.822756 
  8.833654 
  8.823535 
  8.814973 
  8.867903 
  8.833654 
  8.826648 
  8.826648 
  8.826648 
  8.825870 
  8.839103 
  8.844551 
  8.845330 
  8.846108 
  8.830540 
  8.833654 
  8.836767 
  8.850778 
  8.841438 
  8.825870 
  8.842216 
  8.839103 
  8.823535 
  8.834432 
  8.804853 
  8.848443 
  8.850778 
  8.835211 
  8.829762 
  8.828984 
  8.846108 
  8.821200 
  8.853114 
  8.818864 
  8.832097 
  8.835989 
  8.825870 
  8.852335 
  8.828205 
  8.819643 
  8.827427 
  8.846108 
  8.828984 
  8.838324 
  8.814973 
  8.835989 
  8.801740 
  8.825092 
  8.840659 
  8.839103 
  8.820421 
  8.837546 
  8.821978 
  8.835211 
  8.830540 
  8.822756 
  8.848443 
  8.843773 
  8.828205 
  8.851557 
  8.854670 
  8.819643 
  8.827427 
  8.815751 
  8.827427 
  8.833654 
  8.801740 
  8.863233 
  8.815751 
  8.815751 
  8.821978 
  8.815751 
  8.830540 
  8.815751 
  8.808745 
  8.813416 
  8.786172 
  8.803297 
  8.792399 
  8.806410 
  8.824313 
  8.797848 
  8.804075 
  8.796291 
  8.778388 
  8.803297 
  8.816529 
  8.828984 
  8.811859 
  8.807189 
  8.810302 
  8.806410 
  8.803297 
  8.785394 
  8.818086 
  8.802518 
  8.800962 
  8.814194 
  8.809524 
  8.814194 
  8.817308 
  8.825870 
  8.826648 
  8.805632 
  8.804853 
  8.810302 
  8.784615 
  8.791621 
  8.804075 
  8.796291 
  8.791621 
  8.799405 
  8.807189 
  8.800962 
  8.811081 
  8.805632 
  8.803297 
  8.803297 
  8.807189 
  8.777610 
  8.793956 
  8.778388 
  8.801740 
  8.787729 
  8.831319 
  8.786172 
  8.784615 
  8.827427 
  8.800962 
  8.806410 
  8.786172 
  8.785394 
  8.804853 
  8.789286 
  8.780723 
  8.778388 
  8.794734 
  8.793178 
  8.781502 
  8.782280 
  8.793956 
  8.777610 
  8.804075 
  8.802518 
  8.782280 
  8.818864 
  8.796291 
  8.811859 
  8.814973 
  8.787729 
  8.776053 
  8.804075 
  8.794734 
  8.793178 
  8.786951 
  8.793956 
  8.790064 
  8.766712 
  8.776832 
  8.784615 
  8.790842 
  8.797848 
  8.790842 
  8.795513 
  8.797070 
  8.796291 
  8.790842 
  8.808745 
  8.793178 
  8.794734 
  8.793956 
  8.794734 
  8.791621 
  8.796291 
  8.779945 
  8.783059 
  8.803297 
  8.793178 
  8.810302 
  8.797848 
  8.800183 
  8.804075 
  8.822756 
  8.804075 
  8.805632 
  8.791621 
  8.807189 
  8.800962 
  8.783837 
  8.791621 
  8.788507 
  8.793178 
  8.796291 
  8.783837 
  8.794734 
  8.772940 
  8.792399 
  8.806410 
  8.790842 
  8.797848 
  8.804853 
  8.800183 
  8.786172 
  8.793956 
  8.802518 
  8.797848 
  8.802518 
  8.807967 
  8.778388 
  8.776053 
  8.784615 
  8.779945 
  8.797070 
  8.799405 
  8.800962 
  8.803297 
  8.804853 
  8.799405 
  8.811859 
  8.806410 
  8.783059 
  8.790064 
  8.814973 
  8.800962 
  8.794734 
  8.797848 
  8.770604 
  8.808745 
  8.777610 
  8.814973 
  8.804075 
  8.801740 
  8.817308 
  8.832875 
  8.807967 
  8.834432 
  8.826648 
  8.809524 
  8.791621 
  8.823535 
  8.818086 
  8.807967 
  8.814194 
  8.821200 
  8.819643 
  8.807967 
  8.818086 
  8.821200 
  8.831319 
  8.805632 
  8.823535 
  8.793956 
  8.821978 
  8.787729 
  8.789286 
  8.824313 
  8.818864 
  8.830540 
  8.801740 
  8.805632 
  8.825870 
  8.821978 
  8.811081 
  8.819643 
  8.817308 
  8.818086 
  8.790842 
  8.816529 
  8.803297 
  8.825870 
  8.808745 
  8.827427 
  8.825092 
  8.790842 
  8.817308 
  8.826648 
  8.816529 
  8.817308 
  8.819643 
  8.826648 
  8.817308 
  8.848443 
  8.820421 
  8.818864 
  8.814194 
  8.833654 
  8.818086 
  8.850000 
  8.816529 
  8.824313 
  8.835211 
  8.846108 
  8.825092 
  8.831319 
  8.836767 
  8.844551 
  8.834432 
  8.833654 
  8.853892 
  8.825870 
  8.829762 
  8.839881 
  8.842216 
  8.835211 
  8.834432 
  8.826648 
  8.857005 
  8.859341 
  8.852335 
  8.835211 
  8.846886 
  8.827427 
  8.836767 
  8.832097 
  8.837546 
  8.832097 
  8.837546 
  8.828984 
  8.832875 
  8.835989 
  8.848443 
  8.850000 
  8.851557 
  8.832097 
  8.842995 
  8.850000 
  8.832875 
  8.828984 
  8.848443 
  8.844551 
  8.823535 
  8.846886 
  8.853114 
  8.838324 
  8.835211 
  8.840659 
  8.841438 
  8.825092 
  8.822756 
  8.824313 
  8.829762 
  8.829762 
  8.834432 
  8.830540 
  8.828205 
  8.813416 
  8.821200 
  8.832875 
  8.822756 
  8.828984 
  8.838324 
  8.818086 
  8.821200 
  8.824313 
  8.839103 
  8.807189 
  8.818086 
  8.819643 
  8.822756 
  8.817308 
  8.812637 
  8.811859 
  8.828205 
  8.827427 
  8.816529 
  8.825870 
  8.818864 
  8.827427 
  8.820421 
  8.817308 
  8.834432 
  8.829762 
  8.825870 
  8.819643 
  8.827427 
  8.820421 
  8.834432 
  8.813416 
  8.853892 
  8.834432 
  8.821200 
  8.830540 
  8.818864 
  8.814194 
  8.802518 
  8.815751 
  8.823535 
  8.815751 
  8.827427 
  8.827427 
  8.814973 
  8.820421 
  8.833654 
  8.818864 
  8.829762 
  8.810302 
  8.833654 
  8.842995 
  8.814973 
  8.824313 
  8.823535 
  8.807967 
  8.806410 
  8.814194 
  8.808745 
  8.813416 
  8.819643 
  8.825870 
  8.819643 
  8.832097 
  8.825870 
  8.812637 
  8.822756 
  8.833654 
  8.816529 
  8.838324 
  8.832875 
  8.825870 
  8.825092 
  8.821978 
  8.822756 
  8.814973 
  8.835211 
  8.835211 
  8.823535 
  8.814194 
  8.846108 
  8.811081 
  8.818864 
  8.835989 
  8.801740 
  8.820421 
  8.812637 
  8.812637 
  8.821200 
  8.830540 
  8.844551 
  8.838324 
  8.825870 
  8.842995 
  8.818086 
  8.885806 
  8.860897 
  8.839103 
  8.849222 
  8.824313 
  8.809524 
  8.831319 
  8.846108 
  8.833654 
  8.842995 
  8.833654 
  8.839881 
  8.835989 
  8.841438 
  8.847665 
  8.847665 
  8.846886 
  8.850778 
  8.825092 
  8.836767 
  8.823535 
  8.850778 
  8.862454 
  8.857784 
  8.846108 
  8.835211 
  8.829762 
  8.823535 
  8.835989 
  8.846108 
  8.821978 
  8.834432 
  8.850000 
  8.831319 
  8.829762 
  8.823535 
  8.833654 
  8.835989 
  8.825870 
  8.828205 
  8.834432 
  8.823535 
  8.818086 
  8.839103 
  8.839881 
  8.827427 
  8.825870 
  8.839881 
  8.818086 
  8.832097 
  8.828205 
  8.823535 
  8.824313 
  8.839103 
  8.831319 
  8.850000 
  8.846108 
  8.839103 
  8.830540 
  8.833654 
  8.829762 
  8.826648 
  8.811081 
  8.804853 
  8.798626 
  8.798626 
  8.811859 
  8.796291 
  8.784615 
  8.791621 
  8.783059 
  8.807189 
  8.789286 
  8.793956 
  8.790064 
  8.760485 
  8.802518 
  8.814194 
  8.798626 
  8.793956 
  8.795513 
  8.794734 
  8.814194 
  8.812637 
  8.784615 
  8.809524 
  8.801740 
  8.792399 
  8.805632 
  8.804075 
  8.815751 
  8.816529 
  8.821200 
  8.823535 
  8.794734 
  8.797848 
  8.804075 
  8.782280 
  8.794734 
  8.806410 
  8.800962 
  8.796291 
  8.802518 
  8.798626 
  8.802518 
  8.809524 
  8.801740 
  8.799405 
  8.803297 
  8.816529 
  8.786951 
  8.797848 
  8.790064 
  8.795513 
  8.796291 
  8.810302 
  8.793956 
  8.800183 
  8.800962 
  8.803297 
  8.797848 
  8.791621 
  8.787729 
  8.808745 
  8.791621 
  8.787729 
  8.769048 
  8.779167 
  8.790064 
  8.787729 
  8.770604 
  8.789286 
  8.776053 
  8.785394 
  8.807189 
  8.786172 
  8.798626 
  8.801740 
  8.806410 
  8.812637 
  8.799405 
  8.782280 
  8.800962 
  8.797070 
  8.769048 
  8.788507 
  8.793956 
  8.790064 
  8.786951 
  8.793178 
  8.771383 
  8.790064 
  8.786172 
  8.786951 
  8.805632 
  8.790842 
  8.789286 
  8.800962 
  8.801740 
  8.805632 
  8.786172 
  8.790842 
  8.800183 
  8.788507 
  8.806410 
  8.800183 
  8.776832 
  8.796291 
  8.795513 
  8.786172 
  8.797070 
  8.800183 
  8.790842 
  8.810302 
  8.793956 
  8.801740 
  8.802518 
  8.804853 
  8.807189 
  8.790064 
  8.794734 
  8.788507 
  8.800183 
  8.788507 
  8.789286 
  8.800183 
  8.790064 
  8.800962 
  8.807189 
  8.781502 
  8.783059 
  8.790064 
  8.797848 
  8.786951 
  8.804075 
  8.802518 
  8.804075 
  8.816529 
  8.814194 
  8.785394 
  8.790842 
  8.803297 
  8.783059 
  8.792399 
  8.807189 
  8.797848 
  8.795513 
  8.816529 
  8.787729 
  8.825092 
  8.808745 
  8.780723 
  8.795513 
  8.817308 
  8.814973 
  8.800962 
  8.799405 
  8.791621 
  8.803297 
  8.774496 
  8.800962 
  8.804853 
  8.819643 
  8.806410 
  8.825870 
  8.817308 
  8.815751 
  8.825870 
  8.811859 
  8.793956 
  8.825092 
  8.812637 
  8.812637 
  8.814973 
  8.814973 
  8.818086 
  8.811859 
  8.818086 
  8.814194 
  8.815751 
  8.808745 
  8.815751 
  8.811081 
  8.829762 
  8.809524 
  8.806410 
  8.802518 
  8.818086 
  8.824313 
  8.812637 
  8.822756 
  8.826648 
  8.797070 
  8.807967 
  8.821978 
  8.818864 
  8.830540 
  8.806410 
  8.820421 
  8.799405 
  8.802518 
  8.814194 
  8.815751 
  8.836767 
  8.803297 
  8.811859 
  8.829762 
  8.825092 
  8.828984 
  8.821978 
  8.831319 
  8.829762 
  8.842995 
  8.821200 
  8.832097 
  8.827427 
  8.842995 
  8.818086 
  8.843773 
  8.842995 
  8.852335 
  8.829762 
  8.836767 
  8.831319 
  8.854670 
  8.838324 
  8.841438 
  8.821200 
  8.841438 
  8.830540 
  8.839103 
  8.832875 
  8.829762 
  8.821978 
  8.838324 
  8.845330 
  8.842216 
  8.844551 
  8.846108 
  8.850000 
  8.855449 
  8.846108 
  8.847665 
  8.867903 
  8.829762 
  8.841438 
  8.842995 
  8.840659 
  8.827427 
  8.827427 
  8.813416 
  8.839103 
  8.842216 
  8.844551 
  8.850778 
  8.836767 
  8.840659 
  8.842216 
  8.833654 
  8.820421 
  8.836767 
  8.832097 
  8.834432 
  8.851557 
  8.855449 
  8.850000 
  8.827427 
  8.839103 
  8.835989 
  8.825092 
  8.822756 
  8.821978 
  8.817308 
  8.846108 
  8.824313 
  8.827427 
  8.837546 
  8.832875 
  8.810302 
  8.829762 
  8.818086 
  8.818086 
  8.821978 
  8.841438 
