  8.813416 
  8.830540 
  8.820421 
  8.820421 
  8.818086 
  8.821200 
  8.790842 
  8.778388 
  8.821978 
  8.823535 
  8.827427 
  8.768269 
  8.789286 
  8.793178 
  8.783059 
  8.799405 
  8.797848 
  8.786951 
  8.793956 
  8.782280 
  8.800962 
  8.794734 
  8.808745 
  8.799405 
  8.791621 
  8.778388 
  8.796291 
  8.770604 
  8.796291 
  8.815751 
  8.815751 
  8.788507 
  8.800962 
  8.797070 
  8.778388 
  8.780723 
  8.775275 
  8.791621 
  8.771383 
  8.791621 
  8.793178 
  8.794734 
  8.765156 
  8.757372 
  8.791621 
  8.792399 
  8.790842 
  8.789286 
  8.795513 
  8.796291 
  8.779167 
  8.786172 
  8.783837 
  8.782280 
  8.776832 
  8.806410 
  8.807189 
  8.779167 
  8.803297 
  8.801740 
  8.816529 
  8.809524 
  8.779945 
  8.789286 
  8.789286 
  8.779167 
  8.769048 
  8.769048 
  8.776053 
  8.764377 
  8.792399 
  8.750366 
  8.786172 
  8.796291 
  8.772161 
  8.772940 
  8.823535 
  8.782280 
  8.799405 
  8.806410 
  8.807967 
  8.811859 
  8.782280 
  8.773718 
  8.793956 
  8.808745 
  8.806410 
  8.769826 
  8.788507 
  8.783837 
  8.795513 
  8.786172 
  8.793178 
  8.779167 
  8.796291 
  8.800183 
  8.798626 
  8.793178 
  8.812637 
  8.822756 
  8.797848 
  8.790064 
  8.803297 
  8.799405 
  8.791621 
  8.804853 
  8.779167 
  8.812637 
  8.799405 
  8.821978 
  8.786951 
  8.798626 
  8.808745 
  8.793956 
  8.807189 
  8.808745 
  8.817308 
  8.802518 
  8.792399 
  8.786172 
  8.790064 
  8.784615 
  8.793178 
  8.800183 
  8.812637 
  8.825870 
  8.809524 
  8.804075 
  8.806410 
  8.825092 
  8.806410 
  8.821978 
  8.811081 
  8.816529 
  8.797070 
  8.821978 
  8.804853 
  8.801740 
  8.815751 
  8.803297 
  8.820421 
  8.800962 
  8.793956 
  8.808745 
  8.807189 
  8.807967 
  8.811859 
  8.817308 
  8.820421 
  8.801740 
  8.825870 
  8.821978 
  8.816529 
  8.807189 
  8.827427 
  8.837546 
  8.825870 
  8.793178 
  8.816529 
  8.806410 
  8.827427 
  8.829762 
  8.850000 
  8.828205 
  8.850000 
  8.812637 
  8.821978 
  8.820421 
  8.829762 
  8.824313 
  8.810302 
  8.838324 
  8.839103 
  8.842995 
  8.798626 
  8.815751 
  8.835211 
  8.800962 
  8.809524 
  8.792399 
  8.793178 
  8.806410 
  8.807189 
  8.801740 
  8.797070 
  8.790842 
  8.800183 
  8.809524 
  8.806410 
  8.820421 
  8.784615 
  8.798626 
  8.810302 
  8.800183 
  8.772940 
  8.808745 
  8.812637 
  8.800183 
  8.804853 
  8.811859 
  8.793178 
  8.815751 
  8.808745 
  8.782280 
  8.806410 
  8.789286 
  8.790842 
  8.807967 
  8.783059 
  8.800962 
  8.787729 
  8.781502 
  8.774496 
  8.804075 
  8.818864 
  8.805632 
  8.805632 
  8.823535 
  8.793178 
  8.807967 
  8.783059 
  8.793178 
  8.799405 
  8.752701 
  8.797848 
  8.774496 
  8.789286 
  8.795513 
  8.788507 
  8.796291 
  8.777610 
  8.799405 
  8.784615 
  8.792399 
  8.761264 
  8.774496 
  8.786172 
  8.812637 
  8.786172 
  8.814194 
  8.782280 
  8.776832 
  8.762821 
  8.779945 
  8.797070 
  8.801740 
  8.791621 
  8.800962 
  8.798626 
  8.809524 
  8.778388 
  8.778388 
  8.775275 
  8.779945 
  8.778388 
  8.765934 
  8.769048 
  8.779167 
  8.779945 
  8.785394 
  8.780723 
  8.779945 
  8.798626 
  8.775275 
  8.778388 
  8.793956 
  8.779945 
  8.786951 
  8.792399 
  8.796291 
  8.783837 
  8.787729 
  8.778388 
  8.776832 
  8.779945 
  8.790842 
  8.797848 
  8.802518 
  8.793956 
  8.800183 
  8.787729 
  8.783059 
  8.799405 
  8.797070 
  8.805632 
  8.785394 
  8.796291 
  8.769048 
  8.774496 
  8.764377 
  8.789286 
  8.791621 
  8.803297 
  8.801740 
  8.797070 
  8.801740 
  8.779167 
  8.782280 
  8.819643 
  8.795513 
  8.791621 
  8.785394 
  8.793178 
  8.805632 
  8.813416 
  8.807967 
  8.815751 
  8.783837 
  8.785394 
  8.769826 
  8.755815 
  8.814194 
  8.816529 
  8.805632 
  8.802518 
  8.793956 
  8.776832 
  8.790064 
  8.793178 
  8.790064 
  8.793178 
  8.777610 
  8.804075 
  8.802518 
  8.804853 
  8.790064 
  8.787729 
  8.783837 
  8.804853 
  8.792399 
  8.772940 
  8.786951 
  8.790842 
  8.792399 
  8.789286 
  8.788507 
  8.785394 
  8.786951 
  8.788507 
  8.793956 
  8.805632 
  8.