  8.211722 
  8.211722 
  8.194597 
  8.187592 
  8.171245 
  8.198489 
  8.203159 
  8.201603 
  8.213278 
  8.204716 
  8.218727 
  8.204716 
  8.219505 
  8.181364 
  8.188370 
  8.170467 
  8.203938 
  8.182143 
  8.197711 
  8.210943 
  8.197711 
  8.197711 
  8.201603 
  8.208608 
  8.214057 
  8.210165 
  8.208608 
  8.217949 
  8.203938 
  8.217170 
  8.197711 
  8.232738 
  8.228068 
  8.217949 
  8.219505 
  8.196932 
  8.195375 
  8.193040 
  8.201603 
  8.208608 
  8.223397 
  8.207051 
  8.221841 
  8.210943 
  8.196154 
  8.175137 
  8.181364 
  8.210165 
  8.227289 
  8.216392 
  8.222619 
  8.217170 
  8.189927 
  8.196154 
  8.193040 
  8.196932 
  8.212500 
  8.221062 
  8.207830 
  8.178251 
  8.187592 
  8.213278 
  8.220284 
  8.207830 
  8.197711 
  8.200046 
  8.188370 
  8.204716 
  8.228068 
  8.205495 
  8.200046 
  8.187592 
  8.215614 
  8.217949 
  8.213278 
  8.211722 
  8.189148 
  8.204716 
  8.211722 
  8.194597 
  8.196932 
  8.204716 
  8.200046 
  8.204716 
  8.172802 
  8.206273 
  8.191484 
  8.198489 
  8.162683 
  8.175137 
  8.191484 
  8.167353 
  8.182143 
  8.194597 
  8.174359 
  8.178251 
  8.174359 
  8.183700 
  8.203938 
  8.204716 
  8.180586 
  8.181364 
  8.207830 
  8.202381 
  8.207051 
  8.193819 
  8.176694 
  8.172024 
  8.221841 
  8.207051 
  8.197711 
  8.186813 
  8.204716 
  8.157234 
  8.180586 
  8.205495 
  8.195375 
  8.189927 
  8.196932 
  8.207830 
  8.206273 
  8.182921 
  8.193040 
  8.211722 
  8.214057 
  8.210165 
  8.190705 
  8.181364 
  8.174359 
  8.192262 
  8.207051 
  8.234295 
  8.214835 
  8.225733 
  8.199267 
  8.182921 
  8.200824 
  8.170467 
  8.211722 
  8.219505 
  8.214057 
  8.188370 
  8.196932 
  8.173581 
  8.182921 
  8.183700 
  8.207051 
  8.188370 
  8.226511 
  8.214057 
  8.191484 
  8.189148 
  8.228068 
  8.222619 
  8.229625 
  8.220284 
  8.212500 
  8.200824 
  8.196154 
  8.173581 
  8.194597 
  8.197711 
  8.224176 
  8.214057 
  8.196154 
  8.200046 
  8.189148 
  8.215614 
  8.200046 
  8.207830 
  8.202381 
  8.191484 
  8.217170 
  8.206273 
  8.189148 
  8.178251 
  8.182921 
  8.222619 
  8.189927 
  8.182143 
  8.217170 
  8.203938 
  8.237408 
  8.228068 
  8.195375 
  8.190705 
  8.182143 
  8.212500 
  8.214835 
  8.233516 
  8.212500 
  8.211722 
  8.179808 
  8.180586 
  8.179029 
  8.227289 
  8.214835 
  8.238187 
  8.221062 
  8.224954 
  8.187592 
  8.186035 
  8.176694 
  8.178251 
  8.169689 
  8.200824 
  8.212500 
  8.242857 
  8.233516 
  8.215614 
  8.188370 
  8.210165 
  8.181364 
  8.181364 
  8.197711 
  8.197711 
  8.236630 
  8.230403 
  8.225733 
  8.256868 
  8.211722 
  8.204716 
  8.193040 
  8.196932 
  8.183700 
  8.204716 
  8.206273 
  8.225733 
  8.228068 
  8.232738 
  8.223397 
  8.212500 
  8.199267 
  8.191484 
  8.185256 
  8.213278 
  8.202381 
  8.193819 
  8.210165 
  8.212500 
  8.214057 
  8.196932 
  8.214835 
  8.189927 
  8.174359 
  8.192262 
  8.214057 
  8.226511 
  8.206273 
  8.206273 
  8.217949 
  8.192262 
  8.172802 
  8.179808 
  8.194597 
  8.210943 
  8.202381 
  8.214057 
  8.211722 
  8.213278 
  8.210943 
  8.203938 
  8.181364 
  8.191484 
  8.200824 
  8.211722 
  8.218727 
  8.211722 
  8.204716 
  8.204716 
  8.206273 
  8.198489 
  8.211722 
  8.192262 
  8.203938 
  8.204716 
  8.208608 
  8.197711 
  8.196932 
  8.193040 
  8.202381 
  8.201603 
  8.196154 
  8.187592 
  8.207830 
  8.211722 
  8.200046 
  8.204716 
  8.196932 
  8.189148 
  8.194597 
  8.165018 
  8.172802 
  8.176694 
  8.188370 
  8.185256 
  8.200046 
  8.175916 
  8.185256 
  8.162683 
  8.166575 
  8.171245 
  8.179029 
  8.170467 
  8.200046 
  8.189148 
  8.176694 
  8.192262 
  8.173581 
  8.165018 
  8.167353 
  8.182143 
  8.189148 
  8.197711 
  8.186813 
  8.175137 
  8.186035 
  8.172802 
  8.172024 
  8.185256 
  8.196154 
  8.201603 
  8.219505 
  8.188370 
  8.196932 
  8.198489 
  8.180586 
  8.179029 
  8.193040 
  8.186035 
  8.199267 
  8.217949 
  8.215614 
  8.193819 
  8.186813 
  8.193040 
  8.169689 
  8.174359 
  8.179808 
  8.189148 
  8.199267 
  8.