  8.691209 
  8.681868 
  8.681090 
  8.673306 
  8.690430 
  8.688874 
  8.703663 
  8.682647 
  8.745696 
  8.717674 
  8.688874 
  8.688874 
  8.673306 
  8.671749 
  8.669414 
  8.672527 
  8.680311 
  8.672527 
  8.670192 
  8.679533 
  8.684203 
  8.680311 
  8.672527 
  8.673306 
  8.708333 
  8.701328 
  8.688874 
  8.675641 
  8.667857 
  8.686538 
  8.649954 
  8.655403 
  8.668636 
  8.669414 
  8.677976 
  8.686538 
  8.674863 
  8.683425 
  8.684982 
  8.684982 
  8.665522 
  8.727793 
  8.645284 
  8.686538 
  8.665522 
  8.657738 
  8.661630 
  8.655403 
  8.679533 
  8.645284 
  8.658516 
  8.663965 
  8.630495 
  8.669414 
  8.666300 
  8.688095 
  8.659295 
  8.666300 
  8.670971 
  8.650733 
  8.653068 
  8.674863 
  8.669414 
  8.651511 
  8.679533 
  8.667857 
  8.666300 
  8.658516 
  8.678755 
  8.677976 
  8.654625 
  8.660852 
  8.678755 
  8.652289 
  8.684203 
  8.671749 
  8.681868 
  8.665522 
  8.674863 
  8.668636 
  8.677198 
  8.669414 
  8.679533 
  8.695101 
  8.681090 
  8.684982 
  8.670192 
  8.682647 
  8.691209 
  8.681090 
  8.677198 
  8.660073 
  8.695101 
  8.639835 
  8.669414 
  8.668636 
  8.675641 
  8.679533 
  8.645284 
  8.675641 
  8.678755 
  8.675641 
  8.677198 
  8.675641 
  8.678755 
  8.643727 
  8.653068 
  8.663187 
  8.676419 
  8.674084 
  8.654625 
  8.674863 
  8.650733 
  8.634386 
  8.655403 
  8.649954 
  8.659295 
  8.656960 
  8.661630 
  8.645284 
  8.685760 
  8.671749 
  8.676419 
  8.659295 
  8.659295 
  8.670192 
  8.678755 
  8.673306 
  8.667857 
  8.657738 
  8.646062 
  8.656960 
  8.677198 
  8.651511 
  8.651511 
  8.644505 
  8.646841 
  8.659295 
  8.652289 
  8.665522 
  8.633608 
  8.663965 
  8.637500 
  8.612592 
  8.675641 
  8.653068 
  8.644505 
  8.674863 
  8.657738 
  8.658516 
  8.674084 
  8.660852 
  8.674084 
  8.678755 
  8.693544 
  8.659295 
  8.667857 
  8.670971 
  8.683425 
  8.688874 
  8.663965 
  8.691209 
  8.665522 
  8.681868 
  8.679533 
  8.662408 
  8.681868 
  8.687317 
  8.662408 
  8.649954 
  8.678755 
  8.667079 
  8.679533 
  8.679533 
  8.671749 
  8.685760 
  8.663965 
  8.684982 
  8.673306 
  8.672527 
  8.686538 
  8.667857 
  8.691987 
  8.663187 
  8.673306 
  8.678755 
  8.667857 
  8.672527 
  8.662408 
  8.661630 
  8.669414 
  8.683425 
  8.683425 
  8.677976 
  8.670192 
  8.676419 
  8.677976 
  8.677976 
  8.687317 
  8.662408 
  8.672527 
  8.674863 
  8.659295 
  8.698214 
  8.684982 
  8.681868 
  8.667857 
  8.681090 
  8.689652 
  8.684203 
  8.696658 
  8.697436 
  8.679533 
  8.669414 
  8.677976 
  8.683425 
  8.679533 
  8.678755 
  8.685760 
  8.686538 
  8.682647 
  8.698214 
  8.688095 
  8.692766 
  8.683425 
  8.673306 
  8.690430 
  8.690430 
  8.686538 
  8.674084 
  8.685760 
  8.683425 
  8.681868 
  8.672527 
  8.690430 
  8.676419 
  8.682647 
  8.674863 
  8.686538 
  8.675641 
  8.677976 
  8.673306 
  8.665522 
  8.673306 
  8.669414 
  8.677198 
  8.677976 
  8.677976 
  8.666300 
  8.680311 
  8.681868 
  8.689652 
  8.667079 
  8.670971 
  8.668636 
  8.666300 
  8.676419 
  8.660073 
  8.682647 
  8.683425 
  8.666300 
  8.666300 
  8.669414 
  8.674084 
  8.660073 
  8.717674 
  8.698993 
  8.679533 
  8.697436 
  8.653846 
  8.676419 
  8.686538 
  8.667857 
  8.684203 
  8.688095 
  8.670971 
  8.670971 
  8.667857 
  8.681090 
  8.692766 
  8.663965 
  8.669414 
  8.674863 
  8.688874 
  8.683425 
  8.681868 
  8.700549 
  8.684203 
  8.676419 
  8.690430 
  8.685760 
  8.681090 
  8.678755 
  8.656181 
  8.669414 
  8.675641 
  8.668636 
  8.650733 
  8.653846 
  8.682647 
  8.666300 
  8.658516 
  8.661630 
  8.688874 
  8.656181 
  8.658516 
  8.681868 
  8.679533 
  8.687317 
  8.724679 
  8.667857 
  8.674084 
  8.677198 
  8.655403 
  8.659295 
  8.663965 
  8.668636 
  8.671749 
  8.683425 
  8.654625 
  8.674084 
  8.666300 
  8.674084 
  8.677198 
  8.666300 
  8.677976 
  8.677976 
  8.658516 
  8.650733 
  8.668636 
  8.642170 
  8.660073 
  8.653846 
  8.674084 
  8.674863 
  8.653846 
  8.681868 
  8.672527 
  8.663187 
  8.660852 
  8.688095 
  8.673306 
  8.652289 
  8.666300 
  8.690430 
  8.682647 
  8.674863 
  8.687317 
  8.691209 
  8.677976 
  8.676419 
  8.670971 
  8.687317 
  8.674863 
  8.678755 
  8.681090 
  8.686538 
  8.691209 
  8.670971 
  8.676419 
  8.670192 
  8.670971 
  8.691209 
  8.661630 
  8.670192 
  8.695879 
  8.671749 
  8.687317 
  8.676419 
  8.667079 
  8.675641 
  8.675641 
  8.674084 
  8.667079 
  8.671749 
  8.686538 
  8.674863 
  8.665522 
  8.657738 
  8.667857 
  8.655403 
  8.645284 
  8.670971 
  8.665522 
  8.668636 
  8.665522 
  8.652289 
  8.656181 
  8.691987 
  8.667857 
  8.676419 
  8.674863 
  8.681868 
  8.673306 
  8.681090 
  8.673306 
  8.687317 
  8.666300 
  8.656181 
  8.672527 
  8.669414 
  8.659295 
  8.673306 
  8.642170 
  8.667079 
  8.663965 
  8.647619 
  8.656181 
  8.640614 
  8.673306 
  8.619597 
  8.670971 
  8.672527 
  8.677198 
  8.690430 
  8.688095 
  8.670971 
  8.668636 
  8.680311 
  8.681868 
  8.696658 
  8.690430 
  8.671749 
  8.691987 
  8.667079 
  8.676419 
  8.677198 
  8.674863 
  8.678755 
  8.656960 
  8.670971 
  8.658516 
  8.680311 
  8.676419 
  8.683425 
  8.686538 
  8.684982 
  8.667079 
  8.691209 
  8.678755 
  8.654625 
  8.660073 
  8.691209 
  8.669414 
  8.710668 
  8.686538 
  8.671749 
  8.671749 
  8.672527 
  8.674863 
  8.686538 
  8.699771 
  8.682647 
  8.685760 
  8.671749 
  8.676419 
  8.683425 
  8.674863 
  8.685760 
  8.678755 
  8.688095 
  8.677198 
  8.689652 
  8.679533 
  8.688874 
  8.693544 
  8.666300 
  8.681090 
  8.683425 
  8.679533 
  8.674084 
  8.656181 
  8.667857 
  8.669414 
  8.659295 
  8.675641 
  8.660073 
  8.673306 
  8.657738 
  8.677976 
  8.659295 
  8.644505 
  8.630495 
  8.652289 
  8.651511 
  8.635943 
  8.649176 
  8.666300 
  8.667857 
  8.665522 
  8.665522 
  8.641392 
  8.639057 
  8.633608 
  8.660852 
  8.653068 
  8.644505 
  8.650733 
  8.636722 
  8.641392 
  8.631273 
  8.649176 
  8.633608 
  8.626603 
  8.631273 
  8.632830 
  8.621154 
  8.625824 
  8.666300 
  8.635165 
  8.637500 
  8.624267 
  8.632830 
  8.627381 
  8.629716 
  8.632051 
  8.627381 
  8.632051 
  8.654625 
  8.643727 
  8.641392 
  8.631273 
  8.631273 
  8.643727 
  8.646841 
  8.634386 
  8.653068 
  8.643727 
  8.654625 
  8.654625 
  8.654625 
  8.654625 
  8.660073 
  8.677976 
  8.660852 
  8.656181 
  8.651511 
  8.658516 
  8.653846 
  8.646841 
  8.644505 
  8.639835 
  8.667079 
  8.648397 
  8.646062 
  8.652289 
  8.648397 
  8.636722 
  8.639835 
  8.639835 
  8.653846 
  8.646841 
  8.636722 
  8.635165 
  8.635943 
  8.656181 
  8.652289 
  8.650733 
  8.656960 
  8.650733 
  8.643727 
  8.642949 
  8.649954 
  8.618819 
  8.635165 
  8.635165 
  8.632830 
  8.629716 
  8.654625 
  8.642170 
  8.645284 
  8.667079 
  8.656181 
  8.648397 
  8.641392 
  8.635943 
  8.653846 
  8.643727 
  8.660073 
  8.645284 
  8.656960 
  8.660073 
  8.644505 
  8.649954 
  8.643727 
  8.653846 
  8.666300 
  8.656181 
  8.639057 
  8.658516 
  8.646062 
  8.649176 
  8.662408 
  8.650733 
  8.655403 
  8.663187 
  8.660073 
  8.656181 
  8.661630 
  8.663187 
  8.682647 
  8.670971 
  8.656960 
  8.650733 
  8.673306 
  8.647619 
  8.663187 
  8.657738 
  8.656181 
  8.660852 
  8.674863 
  8.668636 
  8.672527 
  8.653068 
  8.698214 
  8.670192 
  8.653846 
  8.660852 
  8.681090 
  8.656181 
  8.695101 
  8.683425 
  8.670192 
  8.672527 
  8.707555 
  8.635165 
  8.673306 
  8.681090 
  8.671749 
  8.690430 
  8.658516 
  8.674084 
  8.699771 
  8.693544 
  8.677198 
  8.681090 
  8.677976 
  8.670971 
  8.671749 
  8.672527 
  8.673306 
  8.686538 
  8.705220 
  8.691209 
  8.677198 
  8.653068 
  8.664744 
  8.684982 
  8.652289 
  8.653846 
  8.649954 
  8.663965 
  8.656960 
  8.690430 
  8.689652 
  8.681090 
  8.663187 
  8.657738 
  8.645284 
  8.662408 
  8.682647 
  8.668636 
  8.680311 
  8.680311 
  8.680311 
  8.677198 
  8.693544 
  8.675641 
  8.673306 
  8.668636 
  8.656181 
  8.690430 
  8.646841 
  8.654625 
  8.661630 
  8.684203 
  8.673306 
  8.667857 
  8.676419 
  8.674863 
  8.682647 
  8.681868 
  8.671749 
  8.669414 
  8.663965 
  8.665522 
  8.643727 
  8.682647 
  8.673306 
  8.665522 
  8.677976 
  8.685760 
  8.695101 
  8.680311 
  8.680311 
  8.684982 
  8.672527 
  8.671749 
  8.666300 
  8.662408 
  8.689652 
  8.683425 
  8.674863 
  8.686538 
  8.679533 
  8.674863 
  8.672527 
  8.694322 
  8.691209 
  8.684203 
  8.700549 
  8.678755 
  8.664744 
  8.664744 
  8.656960 
  8.665522 
  8.668636 
  8.676419 
  8.678755 
  8.694322 
  8.675641 
  8.675641 
  8.658516 
  8.663965 
  8.657738 
  8.671749 
  8.649176 
  8.650733 
  8.656960 
  8.644505 
  8.649176 
  8.665522 
  8.684982 
  8.663965 
  8.652289 
  8.662408 
  8.664744 
  8.646062 
  8.667857 
  8.641392 
  8.658516 
  8.635943 
  8.656960 
  8.663187 
  8.664744 
  8.649176 
  8.665522 
  8.669414 
  8.662408 
  8.649176 
  8.647619 
  8.656181 
  8.642170 
  8.649176 
  8.657738 
  8.658516 
  8.680311 
  8.678755 
  8.660852 
  8.667857 
  8.660073 
  8.649176 
  8.653846 
  8.646841 
  8.651511 
  8.640614 
  8.644505 
  8.663965 
  8.663965 
  8.639835 
  8.662408 
  8.648397 
  8.660852 
  8.630495 
  8.657738 
  8.646841 
  8.639057 
  8.655403 
  8.669414 
  8.647619 
  8.646841 
  8.645284 
  8.656181 
  8.649176 
  8.662408 
  8.646062 
  8.665522 
  8.642949 
  8.634386 
  8.635165 
  8.631273 
  8.632051 
  8.610256 
  8.628159 
  8.639835 
  8.648397 
  8.628159 
  8.661630 
  8.628159 
  8.626603 
  8.632830 
  8.636722 
  8.615705 
  8.628159 
  8.646841 
  8.637500 
  8.631273 
  8.627381 
  8.634386 
  8.641392 
  8.622711 
  8.650733 
  8.649176 
  8.643727 
  8.643727 
  8.646062 
  8.642170 
  8.637500 
  8.645284 
  8.635165 
  8.638278 
  8.645284 
  8.646062 
  8.633608 
  8.648397 
  8.625824 
  8.656181 
  8.650733 
  8.654625 
  8.644505 
  8.643727 
  8.614148 
  8.622711 
  8.636722 
  8.671749 
  8.645284 
  8.653846 
  8.652289 
  8.645284 
  8.648397 
  8.657738 
  8.652289 
  8.646841 
  8.667079 
  8.629716 
  8.650733 
  8.664744 
  8.667857 
  8.662408 
  8.650733 
  8.670192 
  8.664744 
  8.663187 
  8.663965 
  8.679533 
  8.687317 
  8.671749 
  8.667079 
  8.682647 
  8.651511 
  8.663187 
  8.674863 
  8.664744 
  8.652289 
  8.674863 
  8.672527 
  8.678755 
  8.676419 
  8.658516 
  8.670971 
  8.686538 
  8.647619 
  8.675641 
  8.682647 
  8.669414 
  8.665522 
  8.669414 
  8.666300 
  8.667079 
  8.658516 
  8.665522 
  8.668636 
  8.663187 
  8.671749 
  8.664744 
  8.657738 
  8.662408 
  8.674863 
  8.659295 
  8.681868 
  8.661630 
  8.665522 
  8.656181 
  8.694322 
  8.663965 
  8.681868 
  8.648397 
  8.667857 
  8.670192 
  8.670192 
  8.673306 
  8.669414 
  8.671749 
  8.688095 
  8.657738 
  8.667079 
  8.648397 
  8.662408 
  8.663965 
  8.663965 
  8.665522 
  8.667079 
  8.673306 
  8.677976 
  8.670192 
  8.674863 
  8.661630 
  8.682647 
  8.677198 
  8.678755 
  8.681090 
  8.665522 
  8.698214 
  8.688095 
  8.675641 
  8.661630 
  8.677198 
  8.690430 
  8.682647 
  8.691209 
  8.670971 
  8.693544 
  8.671749 
  8.685760 
  8.671749 
  8.659295 
  8.666300 
  8.672527 
  8.690430 
  8.686538 
  8.677976 
  8.669414 
  8.690430 
  8.678755 
  8.677198 
  8.676419 
  8.697436 
  8.676419 
  8.670971 
  8.684203 
  8.691209 
  8.689652 
  8.698993 
  8.689652 
  8.688874 
  8.687317 
  8.665522 
  8.692766 
  8.695101 
  8.674863 
  8.682647 
  8.681868 
  8.663187 
  8.684982 
  8.681090 
  8.677976 
  8.682647 
  8.707555 
  8.674084 
  8.695101 
  8.683425 
  8.667857 
  8.683425 
  8.674863 
  8.665522 
  8.692766 
  8.689652 
  8.681868 
  8.662408 
  8.672527 
  8.671749 
  8.678755 
  8.686538 
  8.677198 
  8.667857 
  8.667079 
  8.667857 
  8.665522 
  8.672527 
  8.658516 
  8.660852 
  8.664744 
  8.680311 
  8.680311 
  8.657738 
  8.670971 
  8.675641 
  8.662408 
  8.649954 
  8.645284 
  8.666300 
  8.648397 
  8.682647 
  8.674863 
  8.663187 
  8.653068 
  8.656181 
  8.668636 
  8.678755 
  8.669414 
  8.669414 
  8.668636 
  8.664744 
  8.668636 
  8.678755 
  8.674863 
  8.667079 
  8.658516 
  8.670192 
  8.665522 
  8.656960 
  8.675641 
  8.674863 
  8.653068 
  8.658516 
  8.660073 
  8.639835 
  8.661630 
  8.654625 
  8.673306 
  8.670192 
  8.658516 
  8.660852 
  8.647619 
  8.642170 
  8.668636 
  8.638278 
  8.677976 
  8.652289 
  8.659295 
  8.650733 
  8.685760 
  8.686538 
  8.667857 
  8.671749 
  8.643727 
  8.649176 
  8.650733 
  8.626603 
  8.635943 
  8.607143 
  8.637500 
  8.637500 
  8.625824 
  8.618819 
  8.623489 
  8.631273 
  8.641392 
  8.624267 
  8.614927 
  8.639835 
  8.631273 
  8.623489 
  8.646841 
  8.630495 
  8.643727 
  8.641392 
  8.642170 
  8.627381 
  8.621932 
  8.632830 
  8.628159 
  8.633608 
  8.644505 
  8.656181 
  8.642949 
  8.660852 
  8.648397 
  8.632051 
  8.636722 
  8.634386 
  8.618819 
  8.646841 
  8.646062 
  8.642170 
  8.663187 
  8.670971 
  8.653068 
  8.638278 
  8.651511 
  8.637500 
  8.654625 
  8.646841 
  8.646062 
  8.649954 
  8.653846 
  8.639057 
  8.649176 
  8.673306 
  8.646062 
  8.671749 
  8.637500 
  8.649176 
  8.668636 
  8.657738 
  8.660852 
  8.660073 
  8.652289 
  8.656181 
  8.669414 
  8.665522 
  8.675641 
  8.663965 
  8.667857 
  8.653068 
  8.670192 
  8.683425 
  8.685760 
  8.679533 
  8.653846 
  8.662408 
  8.677198 
  8.661630 
  8.676419 
  8.677198 
  8.675641 
  8.684203 
  8.677198 
  8.674863 
  8.671749 
  8.674084 
  8.679533 
  8.672527 
  8.678755 
  8.653068 
  8.685760 
  8.684982 
  8.670971 
  8.663965 
  8.661630 
  8.675641 
  8.669414 
  8.666300 
  8.665522 
  8.660073 
  8.668636 
  8.672527 
  8.684203 
  8.645284 
  8.681090 
  8.651511 
  8.662408 
  8.680311 
  8.656960 
  8.667857 
  8.665522 
  8.686538 
  8.680311 
  8.682647 
  8.660073 
  8.663965 
  8.674084 
  8.665522 
  8.667857 
  8.669414 
  8.684203 
  8.674084 
  8.677198 
  8.670192 
  8.640614 
  8.661630 
  8.658516 
  8.653846 
  8.677976 
  8.674863 
  8.671749 
  8.682647 
  8.667079 
  8.665522 
  8.663965 
  8.686538 
  8.670192 
  8.669414 
  8.690430 
  8.685760 
  8.691987 
  8.680311 
  8.698993 
  8.675641 
  8.688095 
  8.672527 
  8.670192 
  8.677976 
  8.673306 
  8.722344 
  8.682647 
  8.674863 
  8.670192 
  8.691987 
  8.686538 
  8.670192 
  8.658516 
  8.674084 
  8.669414 
  8.703663 
  8.689652 
  8.678755 
  8.669414 
  8.685760 
  8.698214 
  8.712225 
  8.695101 
  8.696658 
  8.688874 
  8.683425 
  8.676419 
  8.691209 
  8.702885 
  8.715339 
  8.691209 
  8.711447 
  8.663965 
  8.688095 
  8.697436 
  8.681090 
  8.699771 
  8.703663 
  8.690430 
  8.686538 
  8.688095 
  8.681868 
  8.702885 
  8.712225 
  8.715339 
  8.696658 
  8.682647 
  8.672527 
  8.684982 
  8.673306 
  8.685760 
  8.684982 
  8.692766 
  8.688095 
  8.674863 
  8.682647 
  8.656960 
  8.692766 
  8.682647 
  8.677198 
  8.676419 
  8.665522 
  8.674863 
  8.676419 
  8.668636 
  8.682647 
  8.667079 
  8.658516 
  8.660852 
  8.671749 
  8.676419 
  8.686538 
  8.691209 
  8.670971 
  8.663965 
  8.664744 
  8.678755 
  8.676419 
  8.669414 
  8.687317 
  8.674084 
  8.663187 
  8.667857 
  8.684203 
  8.683425 
  8.663965 
  8.684203 
  8.676419 
  8.684203 
  8.676419 
  8.709112 
  8.695879 
  8.681090 
  8.692766 
  8.671749 
  8.674084 
  8.652289 
  8.656181 
  8.666300 
  8.680311 
  8.656181 
  8.660852 
  8.659295 
  8.665522 
  8.656960 
  8.660073 
  8.679533 
  8.663187 
  8.660073 
  8.637500 
  8.642949 
  8.645284 
  8.664744 
  8.638278 
  8.666300 
  8.660852 
  8.651511 
  8.656960 
  8.677198 
  8.671749 
  8.667857 
  8.663965 
  8.665522 
  8.647619 
  8.642170 
  8.635943 
  8.628159 
  8.633608 
  8.643727 
  8.638278 
  8.628159 
  8.655403 
  8.619597 
  8.625824 
  8.610256 
  8.635943 
  8.636722 
  8.642170 
  8.636722 
  8.632830 
  8.632051 
  8.621932 
  8.634386 
  8.658516 
  8.618819 
  8.624267 
  8.628938 
  8.629716 
  8.650733 
  8.646841 
  8.667079 
  8.653068 
  8.634386 
  8.639057 
  8.635165 
  8.640614 
  8.644505 
  8.644505 
  8.646841 
  8.657738 
  8.653846 
  8.651511 
  8.633608 
  8.654625 
  8.645284 
  8.627381 
  8.650733 
  8.654625 
  8.650733 
  8.656181 
  8.644505 
  8.639835 
  8.631273 
  8.638278 
  8.652289 
  8.663187 
  8.651511 
  8.623489 
  8.643727 
  8.659295 
  8.656181 
  8.668636 
  8.663965 
  8.664744 
  8.650733 
  8.670192 
  8.677976 
  8.655403 
  8.658516 
  8.665522 
  8.678755 
  8.694322 
  8.687317 
  8.657738 
  8.693544 
  8.677198 
  8.657738 
  8.652289 
  8.671749 
  8.677976 
  8.673306 
  8.669414 
  8.671749 
  8.671749 
  8.668636 
  8.660852 
  8.689652 
  8.674084 
  8.672527 
  8.671749 
  8.658516 
  8.669414 
  8.672527 
  8.669414 
  8.674084 
  8.671749 
  8.690430 
  8.662408 
  8.674863 
  8.674863 
  8.671749 
  8.658516 
  8.692766 
  8.657738 
  8.663965 
  8.653068 
  8.662408 
  8.669414 
  8.674084 
  8.667857 
  8.670971 
  8.664744 
  8.686538 
  8.681868 
  8.672527 
  8.661630 
  8.667857 
  8.679533 
  8.655403 
  8.689652 
  8.681868 
  8.663187 
  8.670971 
  8.662408 
  8.669414 
  8.660852 
  8.681868 
  8.663965 
  8.661630 
  8.658516 
  8.647619 
  8.677198 
  8.691209 
  8.663965 
  8.693544 
  8.667079 
  8.656181 
  8.679533 
  8.670971 
  8.678755 
  8.684203 
  8.677976 
  8.688874 
  8.695879 
  8.686538 
  8.691209 
  8.705998 
  8.671749 
  8.687317 
  8.680311 
  8.712225 
  8.689652 
  8.700549 
  8.690430 
  8.674863 
  8.698993 
  8.690430 
  8.690430 
  8.667857 
  8.656181 
  8.686538 
  8.663965 
  8.664744 
  8.696658 
  8.664744 
  8.675641 
  8.695101 
  8.679533 
  8.675641 
  8.679533 
  8.690430 
  8.670192 
  8.683425 
  8.688874 
  8.682647 
  8.694322 
  8.686538 
  8.714560 
  8.656960 
  8.667857 
  8.669414 
  8.674084 
  8.679533 
  8.682647 
  8.690430 
  8.691987 
  8.686538 
  8.695101 
  8.713782 
  8.675641 
  8.669414 
  8.681090 
  8.672527 
  8.669414 
  8.684982 
  8.680311 
  8.680311 
  8.702106 
  8.693544 
  8.691209 
  8.703663 
  8.677198 
  8.684203 
  8.703663 
  8.670192 
  8.688095 
  8.688095 
  8.688095 
  8.672527 
  8.697436 
  8.687317 
  8.697436 
  8.702885 
  8.688874 
  8.718452 
  8.704441 
  8.723901 
  8.694322 
  8.676419 
  8.667857 
  8.688095 
  8.677198 
  8.689652 
  8.686538 
  8.674084 
  8.692766 
  8.684203 
  8.681090 
  8.677976 
  8.702106 
  8.681090 
  8.678755 
  8.663965 
  8.673306 
  8.668636 
  8.679533 
  8.686538 
  8.681868 
  8.681090 
  8.667079 
  8.678755 
  8.666300 
  8.671749 
  8.677198 
  8.670192 
  8.663187 
  8.663187 
  8.657738 
  8.681090 
  8.676419 
  8.691209 
  8.673306 
  8.691987 
  8.659295 
  8.661630 
  8.685760 
  8.668636 
  8.651511 
  8.650733 
  8.664744 
  8.657738 
  8.674863 
  8.707555 
  8.695879 
  8.670192 
  8.657738 
  8.681868 
  8.658516 
  8.654625 
  8.646841 
  8.662408 
  8.663187 
  8.667079 
  8.649176 
  8.659295 
  8.649176 
  8.654625 
  8.669414 
  8.649176 
  8.650733 
  8.659295 
  8.647619 
  8.643727 
  8.665522 
  8.652289 
  8.633608 
  8.631273 
  8.628159 
  8.628159 
  8.607921 
  8.631273 
  8.635165 
  8.628938 
  8.624267 
  8.618819 
  8.625046 
  8.619597 
  8.634386 
  8.633608 
  8.646062 
  8.642949 
  8.636722 
  8.644505 
  8.632830 
  8.616484 
  8.615705 
  8.623489 
  8.630495 
  8.636722 
  8.642170 
  8.649954 
  8.647619 
  8.650733 
  8.642170 
  8.625046 
  8.618819 
  8.633608 
  8.641392 
  8.625046 
  8.633608 
  8.628938 
  8.627381 
  8.651511 
  8.654625 
  8.639835 
  8.645284 
  8.634386 
  8.635943 
  8.641392 
  8.646062 
  8.646841 
  8.669414 
  8.639057 
  8.642170 
  8.646062 
  8.646841 
  8.660852 
  8.658516 
  8.649954 
  8.667857 
  8.649176 
  8.650733 
  8.650733 
  8.709890 
  8.661630 
  8.666300 
  8.646841 
  8.663965 
  8.654625 
  8.674084 
  8.670192 
  8.656181 
  8.672527 
  8.667857 
  8.651511 
  8.663187 
  8.661630 
  8.674863 
  8.665522 
  8.681868 
  8.665522 
  8.660073 
  8.663187 
  8.647619 
  8.668636 
  8.666300 
  8.668636 
  8.685760 
  8.667857 
  8.659295 
  8.661630 
  8.681868 
  8.675641 
  8.664744 
  8.667857 
  8.652289 
  8.662408 
  8.663187 
  8.650733 
  8.658516 
  8.663965 
  8.688095 
  8.675641 
  8.680311 
  8.671749 
  8.662408 
  8.656960 
  8.671749 
  8.670192 
  8.689652 
  8.661630 
  8.664744 
  8.679533 
  8.660852 
  8.646841 
  8.652289 
  8.661630 
  8.654625 
  8.666300 
  8.653846 
  8.667857 
  8.668636 
  8.645284 
  8.649176 
  8.659295 
  8.678755 
  8.673306 
  8.677976 
  8.683425 
  8.679533 
  8.662408 
  8.687317 
  8.669414 
  8.674863 
  8.676419 
  8.670192 
  8.693544 
  8.694322 
  8.676419 
  8.669414 
  8.676419 
  8.672527 
  8.688095 
  8.661630 
  8.671749 
  8.678755 
  8.689652 
  8.671749 
  8.688874 
  8.697436 
  8.666300 
  8.705220 
  8.689652 
  8.689652 
  8.676419 
  8.701328 
  8.700549 
  8.702885 
  8.691209 
  8.700549 
  8.686538 
  8.678755 
  8.694322 
  8.698993 
  8.700549 
  8.699771 
  8.681868 
  8.705998 
  8.716117 
  8.673306 
  8.686538 
  8.708333 
  8.699771 
  8.710668 
  8.697436 
  8.695879 
  8.693544 
  8.691987 
  8.686538 
  8.656181 
  8.667857 
  8.677198 
  8.696658 
  8.698214 
  8.679533 
  8.677976 
  8.705220 
  8.674863 
  8.674084 
  8.660073 
  8.673306 
  8.667857 
  8.689652 
  8.686538 
  8.680311 
  8.673306 
  8.710668 
  8.695879 
  8.695879 
  8.683425 
  8.681090 
  8.678755 
  8.674084 
  8.685760 
  8.690430 
  8.674084 
  8.680311 
  8.668636 
  8.704441 
  8.694322 
  8.681868 
  8.681090 
  8.700549 
  8.696658 
  8.693544 
  8.677976 
  8.678755 
  8.657738 
  8.675641 
  8.685760 
  8.679533 
  8.701328 
  8.682647 
  8.690430 
  8.698993 
  8.695101 
  8.689652 
  8.684982 
  8.667857 
  8.692766 
  8.677198 
  8.682647 
  8.683425 
  8.680311 
  8.699771 
  8.691987 
  8.689652 
  8.684982 
  8.694322 
  8.700549 
  8.704441 
  8.737912 
  8.705220 
  8.703663 
  8.668636 
  8.667079 
  8.694322 
  8.674863 
  8.709112 
  8.675641 
  8.696658 
  8.695101 
  8.671749 
  8.670192 
  8.687317 
  8.711447 
  8.684982 
  8.693544 
  8.681868 
  8.677976 
  8.656181 
  8.658516 
  8.648397 
  8.662408 
  8.675641 
  8.680311 
  8.674084 
  8.681090 
  8.660073 
  8.680311 
  8.667079 
  8.666300 
  8.672527 
  8.660073 
  8.679533 
  8.670192 
  8.664744 
  8.685760 
  8.667857 
  8.667079 
  8.672527 
  8.674084 
  8.670192 
  8.673306 
  8.667857 
  8.652289 
  8.667079 
  8.681090 
  8.691209 
  8.683425 
  8.696658 
  8.681090 
  8.658516 
  8.648397 
  8.656181 
  8.663187 
  8.661630 
  8.667079 
  8.660852 
  8.658516 
  8.681868 
  8.659295 
  8.653068 
  8.690430 
  8.674863 
  8.650733 
  8.665522 
  8.663965 
  8.646062 
  8.656960 
  8.653068 
  8.650733 
  8.635943 
  8.635943 
  8.648397 
  8.644505 
  8.616484 
  8.633608 
  8.645284 
  8.635943 
  8.644505 
  8.636722 
  8.625824 
  8.663187 
  8.656960 
  8.647619 
  8.660073 
  8.659295 
  8.659295 
  8.638278 
  8.637500 
  8.651511 
  8.640614 
  8.646841 
  8.638278 
  8.673306 
  8.652289 
  8.660073 
  8.642949 
  8.642949 
  8.647619 
  8.637500 
  8.632830 
  8.658516 
  8.639057 
  8.649176 
  8.640614 
  8.644505 
  8.650733 
  8.660852 
  8.656181 
  8.640614 
  8.657738 
  8.644505 
  8.659295 
  8.661630 
  8.670971 
  8.677198 
  8.658516 
  8.650733 
  8.664744 
  8.666300 
  8.664744 
  8.681868 
  8.674863 
  8.672527 
  8.665522 
  8.670971 
  8.681090 
  8.706777 
  8.681090 
  8.682647 
  8.663965 
  8.677976 
  8.664744 
  8.680311 
  8.696658 
  8.661630 
  8.677198 
  8.681868 
  8.676419 
  8.670192 
  8.696658 
  8.673306 
  8.664744 
  8.674863 
  8.684982 
  8.671749 
  8.677198 
  8.680311 
  8.684982 
  8.671749 
  8.666300 
  8.667079 
  8.668636 
  8.685760 
  8.664744 
  8.685760 
  8.692766 
  8.667079 
  8.647619 
  8.661630 
  8.654625 
  8.672527 
  8.657738 
  8.642949 
  8.660073 
  8.652289 
  8.685760 
  8.680311 
  8.649954 
  8.674084 
  8.665522 
  8.671749 
  8.670192 
  8.649954 
  8.662408 
  8.671749 
  8.668636 
  8.684982 
  8.671749 
  8.670971 
  8.660073 
  8.652289 
  8.663965 
  8.662408 
  8.656960 
  8.649176 
  8.666300 
  8.660852 
  8.685760 
  8.674863 
  8.669414 
  8.680311 
  8.680311 
  8.691209 
  8.669414 
  8.664744 
  8.690430 
  8.696658 
  8.671749 
  8.669414 
  8.683425 
  8.676419 
  8.688095 
  8.669414 
  8.667857 
  8.673306 
  8.717674 
  8.699771 
  8.694322 
  8.696658 
  8.696658 
  8.701328 
  8.696658 
  8.674084 
  8.681090 
  8.670192 
  8.700549 
  8.685760 
  8.688095 
  8.661630 
  8.658516 
  8.653846 
  8.694322 
  8.681090 
  8.687317 
  8.673306 
  8.678755 
  8.691209 
  8.685760 
  8.703663 
  8.689652 
  8.680311 
  8.695879 
  8.680311 
  8.694322 
  8.699771 
  8.721566 
  8.706777 
  8.685760 
  8.670192 
  8.673306 
  8.670971 
  8.686538 
  8.675641 
  8.684982 
  8.683425 
  8.669414 
  8.716896 
  8.688874 
  8.690430 
  8.692766 
  8.689652 
  8.699771 
  8.699771 
  8.677198 
  8.674084 
  8.694322 
  8.688095 
  8.689652 
  8.692766 
  8.691987 
  8.709890 
  8.685760 
  8.681868 
  8.696658 
  8.702106 
  8.695101 
  8.713782 
  8.710668 
  8.679533 
  8.686538 
  8.691209 
  8.684203 
  8.695879 
  8.695101 
  8.754258 
  8.707555 
  8.705220 
  8.693544 
  8.688874 
  8.689652 
  8.691209 
  8.688874 
  8.684982 
  8.695879 
  8.699771 
  8.676419 
  8.667079 
  8.688095 
  8.683425 
  8.695101 
  8.685760 
  8.686538 
  8.681868 
  8.661630 
  8.688874 
  8.674863 
  8.672527 
  8.670971 
  8.679533 
  8.670192 
  8.687317 
  8.663187 
  8.676419 
  8.684203 
  8.675641 
  8.669414 
  8.664744 
  8.672527 
  8.679533 
  8.688874 
  8.686538 
  8.679533 
  8.656181 
  8.677198 
  8.670971 
  8.674084 
  8.662408 
  8.668636 
  8.680311 
  8.678755 
  8.674084 
  8.680311 
  8.687317 
  8.681090 
  8.670192 
  8.673306 
  8.662408 
  8.648397 
  8.668636 
  8.659295 
  8.642170 
  8.656181 
  8.688095 
  8.688874 
  8.651511 
  8.664744 
  8.663965 
  8.669414 
  8.663187 
  8.663187 
  8.655403 
  8.646841 
  8.661630 
  8.672527 
  8.677976 
  8.647619 
  8.663965 
  8.636722 
  8.691209 
  8.663965 
  8.676419 
  8.628938 
  8.639057 
  8.646841 
  8.648397 
  8.624267 
  8.638278 
  8.651511 
  8.634386 
  8.654625 
  8.646062 
  8.646062 
  8.645284 
  8.652289 
  8.641392 
  8.644505 
  8.635943 
  8.641392 
  8.647619 
  8.625824 
  8.616484 
  8.652289 
  8.645284 
  8.643727 
  8.650733 
  8.650733 
  8.669414 
  8.647619 
  8.648397 
  8.639057 
  8.641392 
  8.647619 
  8.631273 
  8.649954 
  8.635943 
  8.641392 
  8.640614 
  8.649176 
  8.660073 
  8.647619 
  8.655403 
  8.639835 
  8.647619 
  8.643727 
  8.649176 
  8.656181 
  8.645284 
  8.648397 
  8.634386 
  8.645284 
  8.667079 
  8.666300 
  8.649954 
  8.653068 
  8.657738 
  8.663965 
  8.692766 
  8.674863 
  8.654625 
  8.650733 
  8.671749 
  8.671749 
  8.660852 
  8.686538 
  8.668636 
  8.670192 
  8.670971 
  8.674084 
  8.679533 
  8.729350 
  8.659295 
  8.660852 
  8.660073 
  8.672527 
  8.666300 
  8.684982 
  8.674084 
  8.684203 
  8.674084 
  8.654625 
  8.672527 
  8.671749 
  8.688874 
  8.652289 
  8.672527 
  8.674084 
  8.653068 
  8.664744 
  8.663965 
  8.691987 
  8.662408 
  8.674863 
  8.672527 
  8.669414 
  8.672527 
  8.660073 
  8.676419 
  8.686538 
  8.664744 
  8.667079 
  8.659295 
  8.656960 
  8.681090 
  8.669414 
  8.663965 
  8.663965 
  8.683425 
  8.688095 
  8.681090 
  8.673306 
  8.649176 
  8.668636 
  8.675641 
  8.687317 
  8.688874 
  8.657738 
  8.671749 
  8.664744 
  8.665522 
  8.653846 
  8.670971 
  8.662408 
  8.657738 
  8.658516 
  8.666300 
  8.656181 
  8.670192 
  8.661630 
  8.658516 
  8.670192 
  8.645284 
  8.651511 
  8.672527 
  8.683425 
  8.679533 
  8.684982 
  8.664744 
  8.691987 
  8.691987 
  8.689652 
  8.662408 
  8.663965 
  8.702106 
  8.677976 
  8.677976 
  8.681090 
  8.695101 
  8.680311 
  8.691987 
  8.694322 
  8.684982 
  8.695101 
  8.680311 
  8.669414 
  8.682647 
  8.684982 
  8.689652 
  8.660073 
  8.666300 
  8.671749 
  8.658516 
  8.702885 
  8.674084 
  8.677976 
  8.691987 
  8.676419 
  8.677198 
  8.667079 
  8.679533 
  8.684982 
  8.679533 
  8.673306 
  8.675641 
  8.684203 
  8.691987 
  8.698993 
  8.688874 
  8.684982 
  8.667079 
  8.663965 
  8.676419 
  8.674084 
  8.682647 
  8.676419 
  8.681090 
  8.699771 
  8.702106 
  8.691987 
  8.705998 
  8.696658 
  8.670192 
  8.685760 
  8.673306 
  8.663965 
  8.679533 
  8.688874 
  8.699771 
  8.682647 
  8.695101 
  8.692766 
  8.688095 
  8.682647 
  8.688095 
  8.683425 
  8.696658 
  8.661630 
  8.693544 
  8.691209 
  8.693544 
  8.695879 
  8.678755 
  8.698214 
  8.709890 
  8.693544 
  8.744139 
  8.713004 
  8.707555 
  8.689652 
  8.667079 
  8.691209 
  8.677976 
  8.707555 
  8.684982 
  8.684203 
  8.697436 
  8.674863 
  8.667079 
  8.687317 
  8.714560 
  8.688095 
  8.691987 
  8.679533 
  8.688095 
  8.677198 
  8.662408 
  8.670192 
  8.666300 
  8.663187 
  8.676419 
  8.663187 
  8.686538 
  8.670971 
  8.677976 
  8.674084 
  8.684203 
  8.675641 
  8.660073 
  8.681090 
  8.670192 
  8.674084 
  8.685760 
  8.677198 
  8.674084 
  8.697436 
  8.660073 
  8.706777 
  8.673306 
  8.698993 
  8.660073 
  8.673306 
  8.663965 
  8.674863 
  8.674084 
  8.673306 
  8.670192 
  8.669414 
  8.665522 
  8.678755 
  8.673306 
  8.667857 
  8.678755 
  8.665522 
  8.667079 
  8.674084 
  8.663965 
  8.656181 
  8.679533 
  8.672527 
  8.677198 
  8.658516 
  8.674863 
  8.678755 
  8.653846 
  8.667857 
  8.659295 
  8.656960 
  8.665522 
  8.653068 
  8.647619 
  8.677198 
  8.662408 
  8.690430 
  8.656181 
  8.674084 
  8.668636 
  8.641392 
  8.656181 
  8.702885 
  8.663965 
  8.674863 
  8.681090 
  8.626603 
  8.661630 
  8.643727 
  8.633608 
  8.653846 
  8.666300 
  8.656181 
  8.657738 
  8.620375 
  8.625824 
  8.639835 
  8.630495 
  8.655403 
  8.646841 
  8.632051 
  8.647619 
  8.638278 
  8.607143 
  8.645284 
  8.649176 
  8.646062 
  8.639057 
  8.628938 
  8.643727 
  8.647619 
  8.645284 
  8.637500 
  8.638278 
  8.637500 
  8.637500 
  8.628159 
  8.634386 
  8.640614 
  8.640614 
  8.672527 
  8.652289 
  8.645284 
  8.651511 
  8.650733 
  8.638278 
  8.662408 
  8.650733 
  8.660073 
  8.645284 
  8.653846 
  8.641392 
  8.647619 
  8.640614 
  8.654625 
  8.650733 
  8.647619 
  8.630495 
  8.648397 
  8.649954 
  8.640614 
  8.641392 
  8.644505 
  8.642949 
  8.635943 
  8.664744 
  8.656181 
  8.657738 
  8.653068 
  8.664744 
  8.663965 
  8.699771 
  8.685760 
  8.678755 
  8.645284 
  8.654625 
  8.660073 
  8.652289 
  8.684203 
  8.651511 
  8.684982 
  8.678755 
  8.668636 
  8.684982 
  8.727793 
  8.684203 
  8.678755 
  8.681868 
  8.675641 
  8.681868 
  8.663965 
  8.668636 
  8.687317 
  8.656181 
  8.671749 
  8.679533 
  8.676419 
  8.677976 
  8.675641 
  8.669414 
  8.690430 
  8.650733 
  8.689652 
  8.668636 
  8.667857 
  8.674084 
  8.679533 
  8.684203 
  8.655403 
  8.675641 
  8.663965 
  8.677976 
  8.701328 
  8.691209 
  8.674863 
  8.670192 
  8.662408 
  8.669414 
  8.653846 
  8.677198 
  8.661630 
  8.684982 
  8.674084 
  8.685760 
  8.663187 
  8.661630 
  8.670971 
  8.670192 
  8.689652 
  8.686538 
  8.669414 
  8.677198 
  8.668636 
  8.653068 
  8.660073 
  8.665522 
  8.661630 
  8.674863 
  8.659295 
  8.670971 
  8.668636 
  8.656181 
  8.665522 
  8.670192 
  8.666300 
  8.672527 
  8.676419 
  8.662408 
  8.681868 
  8.684982 
  8.685760 
  8.672527 
  8.703663 
  8.668636 
  8.668636 
  8.679533 
  8.668636 
  8.680311 
  8.685760 
  8.673306 
  8.677976 
  8.677198 
  8.654625 
  8.684982 
  8.714560 
  8.670971 
  8.684203 
  8.661630 
  8.699771 
  8.698993 
  8.690430 
  8.680311 
  8.681868 
  8.702885 
  8.686538 
  8.703663 
  8.702885 
  8.713782 
  8.691987 
  8.697436 
  8.692766 
  8.677198 
  8.678755 
  8.688095 
  8.684203 
  8.675641 
  8.668636 
  8.692766 
  8.681868 
  8.683425 
  8.690430 
  8.675641 
  8.676419 
  8.670192 
  8.684203 
  8.681090 
  8.684982 
  8.691209 
  8.688874 
  8.681090 
  8.688095 
  8.691209 
  8.689652 
  8.683425 
  8.688874 
  8.695101 
  8.678755 
  8.695101 
  8.676419 
  8.683425 
  8.674863 
  8.686538 
  8.670971 
  8.683425 
  8.679533 
  8.678755 
  8.674084 
  8.691209 
  8.703663 
  8.679533 
  8.695879 
  8.682647 
  8.683425 
  8.663187 
  8.696658 
  8.692766 
  8.687317 
  8.674084 
  8.694322 
  8.684203 
  8.686538 
  8.686538 
  8.697436 
  8.694322 
  8.684203 
  8.672527 
  8.684982 
  8.688874 
  8.688095 
  8.695879 
  8.684203 
  8.697436 
  8.688095 
  8.681090 
  8.690430 
  8.711447 
  8.744918 
  8.737134 
  8.682647 
  8.688874 
  8.679533 
  8.681868 
  8.681868 
  8.680311 
  8.697436 
  8.689652 
  8.683425 
  8.681090 
  8.677198 
  8.704441 
  8.691987 
  8.680311 
  8.666300 
  8.700549 
  8.661630 
  8.671749 
  8.673306 
  8.669414 
  8.665522 
  8.658516 
  8.668636 
  8.669414 
  8.667079 
  8.664744 
  8.679533 
  8.688095 
  8.677976 
  8.680311 
  8.682647 
  8.689652 
  8.668636 
  8.674084 
  8.673306 
  8.668636 
  8.678755 
  8.667079 
  8.684203 
  8.677976 
  8.655403 
  8.660852 
  8.670971 
  8.674084 
  8.655403 
  8.699771 
  8.682647 
  8.697436 
  8.663187 
  8.656181 
  8.648397 
  8.660073 
  8.667079 
  8.674863 
  8.660073 
  8.665522 
  8.668636 
  8.672527 
  8.652289 
  8.647619 
  8.670971 
  8.666300 
  8.671749 
  8.663187 
  8.660852 
  8.658516 
  8.666300 
  8.660073 
  8.664744 
  8.659295 
  8.670192 
  8.657738 
  8.662408 
  8.674084 
  8.700549 
  8.676419 
  8.635943 
  8.674084 
  8.667857 
  8.661630 
  8.653068 
  8.684203 
  8.666300 
  8.677198 
  8.656960 
  8.637500 
  8.676419 
  8.684203 
  8.641392 
  8.632051 
  8.640614 
  8.658516 
  8.656960 
  8.668636 
  8.661630 
  8.653846 
  8.660073 
  8.637500 
  8.642949 
  8.632830 
  8.636722 
  8.639835 
  8.650733 
  8.648397 
  8.659295 
  8.628938 
  8.640614 
  8.656181 
  8.639835 
  8.639835 
  8.637500 
  8.641392 
  8.638278 
  8.645284 
  8.646062 
  8.650733 
  8.655403 
  8.657738 
  8.641392 
  8.648397 
  8.642949 
  8.656960 
  8.658516 
  8.649954 
  8.641392 
  8.659295 
  8.658516 
  8.657738 
  8.658516 
  8.662408 
  8.673306 
  8.656181 
  8.663965 
  8.654625 
  8.656181 
  8.644505 
  8.656181 
  8.654625 
  8.667079 
  8.644505 
  8.661630 
  8.664744 
  8.681090 
  8.670971 
  8.659295 
  8.655403 
  8.654625 
  8.640614 
  8.656960 
  8.660852 
  8.670971 
  8.662408 
  8.669414 
  8.667079 
  8.679533 
  8.666300 
  8.663965 
  8.667079 
  8.658516 
  8.660073 
  8.688874 
  8.670971 
  8.680311 
  8.673306 
  8.667079 
  8.702885 
  8.713004 
  8.686538 
  8.688874 
  8.694322 
  8.679533 
  8.678755 
  8.688874 
  8.695101 
  8.699771 
  8.672527 
  8.671749 
  8.665522 
  8.662408 
  8.679533 
  8.688095 
  8.677976 
  8.701328 
  8.686538 
  8.673306 
  8.680311 
  8.677198 
  8.695879 
  8.674863 
  8.688095 
  8.680311 
  8.676419 
  8.677198 
  8.669414 
  8.691987 
  8.669414 
  8.676419 
  8.677198 
  8.678755 
  8.677976 
  8.681090 
  8.670971 
  8.663965 
  8.666300 
  8.675641 
  8.696658 
  8.682647 
  8.673306 
  8.675641 
  8.660852 
  8.660073 
  8.691209 
  8.683425 
  8.667079 
  8.683425 
  8.671749 
  8.678755 
  8.679533 
  8.667857 
  8.665522 
  8.664744 
  8.664744 
  8.667857 
  8.671749 
  8.658516 
  8.684203 
  8.649954 
  8.681090 
  8.667857 
  8.698993 
  8.672527 
  8.674863 
  8.674863 
  8.678755 
  8.674863 
  8.691987 
  8.673306 
  8.684203 
  8.679533 
  8.695101 
  8.681090 
  8.695879 
  8.681868 
  8.679533 
  8.677976 
  8.677198 
  8.678755 
  8.684203 
  8.684203 
  8.680311 
  8.679533 
  8.688874 
  8.677198 
  8.680311 
  8.702885 
  8.653068 
  8.669414 
  8.670192 
  8.687317 
  8.695879 
  8.688095 
  8.660073 
  8.677198 
  8.677976 
  8.678755 
  8.690430 
  8.706777 
  8.709890 
  8.673306 
  8.683425 
  8.687317 
  8.656960 
  8.663965 
  8.662408 
  8.688095 
  8.712225 
  8.701328 
  8.716117 
  8.721566 
  8.694322 
  8.713782 
  8.681090 
  8.699771 
  8.686538 
  8.689652 
  8.691987 
  8.698993 
  8.696658 
  8.691987 
  8.691209 
  8.696658 
  8.702106 
  8.705220 
  8.679533 
  8.686538 
  8.694322 
  8.684982 
  8.695101 
  8.688874 
  8.686538 
  8.699771 
  8.691209 
  8.691987 
  8.698214 
  8.691209 
  8.692766 
  8.675641 
  8.704441 
  8.674084 
  8.691987 
  8.674084 
  8.681090 
  8.673306 
  8.677976 
  8.685760 
  8.688874 
  8.691987 
  8.687317 
  8.681090 
  8.655403 
  8.662408 
  8.674863 
  8.683425 
  8.702885 
  8.706777 
  8.690430 
  8.693544 
  8.670192 
  8.673306 
  8.695879 
  8.697436 
  8.698214 
  8.682647 
  8.698993 
  8.671749 
  8.682647 
  8.679533 
  8.677976 
  8.687317 
  8.680311 
  8.677976 
  8.684982 
  8.687317 
  8.686538 
  8.692766 
  8.681090 
  8.690430 
  8.676419 
  8.689652 
  8.703663 
  8.700549 
  8.676419 
  8.691987 
  8.674084 
  8.680311 
  8.677976 
  8.693544 
  8.706777 
  8.696658 
  8.695101 
  8.669414 
  8.681868 
  8.694322 
  8.702106 
  8.698214 
  8.694322 
  8.688874 
  8.678755 
  8.694322 
  8.684203 
  8.689652 
  8.726236 
  8.752701 
  8.760485 
  8.692766 
  8.680311 
  8.684203 
  8.714560 
  8.687317 
  8.696658 
  8.682647 
  8.684203 
  8.693544 
  8.679533 
  8.660852 
  8.714560 
  8.677976 
  8.687317 
  8.678755 
  8.701328 
  8.667857 
  8.670192 
  8.677976 
  8.667857 
  8.681090 
  8.677976 
  8.675641 
  8.681090 
  8.652289 
  8.671749 
  8.667857 
  8.671749 
  8.667857 
  8.676419 
  8.692766 
  8.677198 
  8.677198 
  8.674863 
  8.677198 
  8.653846 
  8.665522 
  8.692766 
  8.661630 
  8.659295 
  8.652289 
  8.660073 
  8.665522 
  8.686538 
  8.667857 
  8.672527 
  8.663965 
  8.691987 
  8.654625 
  8.665522 
  8.673306 
  8.666300 
  8.673306 
  8.659295 
  8.656960 
  8.663965 
  8.690430 
  8.676419 
  8.719231 
  8.655403 
  8.656181 
  8.639835 
  8.670971 
  8.679533 
  8.693544 
  8.660852 
  8.686538 
  8.660073 
  8.668636 
  8.674084 
  8.661630 
  8.673306 
  8.684982 
  8.677198 
  8.663187 
  8.677198 
  8.674863 
  8.674863 
  8.668636 
  8.693544 
  8.667079 
  8.676419 
  8.670971 
  8.671749 
  8.659295 
  8.658516 
  8.668636 
  8.661630 
  8.656181 
  8.648397 
  8.670192 
  8.682647 
  8.673306 
  8.663187 
  8.662408 
  8.670192 
  8.678755 
  8.705220 
  8.671749 
  8.668636 
  8.669414 
  8.681090 
  8.689652 
  8.688874 
  8.681868 
  8.682647 
  8.670192 
  8.672527 
  8.688095 
  8.699771 
  8.762821 
  8.681090 
  8.687317 
  8.693544 
  8.691987 
  8.673306 
  8.683425 
  8.674084 
  8.671749 
  8.670192 
  8.686538 
  8.685760 
  8.699771 
  8.680311 
  8.661630 
  8.684203 
  8.662408 
  8.679533 
  8.683425 
  8.669414 
  8.684203 
  8.688095 
  8.686538 
  8.665522 
  8.684982 
  8.677198 
  8.680311 
  8.683425 
  8.674863 
  8.670971 
  8.678755 
  8.668636 
  8.654625 
  8.665522 
  8.684203 
  8.664744 
  8.674863 
  8.667079 
  8.696658 
  8.681090 
  8.675641 
  8.679533 
  8.678755 
  8.677976 
  8.674863 
  8.679533 
  8.672527 
  8.687317 
  8.681090 
  8.661630 
  8.669414 
  8.676419 
  8.674084 
  8.675641 
  8.668636 
  8.684203 
  8.653846 
  8.654625 
  8.688095 
  8.678755 
  8.673306 
  8.672527 
  8.670971 
  8.683425 
  8.675641 
  8.687317 
  8.688095 
  8.681868 
  8.706777 
  8.691209 
  8.676419 
  8.677976 
  8.678755 
  8.690430 
  8.689652 
  8.685760 
  8.665522 
  8.663187 
  8.663187 
