  6.858883 
  6.872115 
  6.893910 
  6.900137 
  6.907921 
  6.914927 
  6.910256 
  6.886126 
  6.907143 
  6.905586 
  6.910256 
  6.903251 
  6.922711 
  6.945284 
  6.950733 
  6.924267 
  6.923489 
  6.933608 
  6.907143 
  6.913370 
  6.914927 
  6.944505 
  6.942949 
  6.922711 
  6.937500 
  6.913370 
  6.925046 
  6.899359 
  6.931273 
  6.915705 
  6.918819 
  6.935943 
  6.901694 
  6.915705 
  6.924267 
  6.907143 
  6.932830 
  6.939057 
  6.945284 
  6.935943 
  6.933608 
  6.936722 
  6.944505 
  6.938278 
  6.952289 
  6.949176 
  6.921932 
  6.911813 
  6.905586 
  6.920375 
  6.956960 
  6.956960 
  6.963965 
  6.953846 
  6.938278 
  6.929716 
  6.944505 
  6.944505 
  6.974863 
  6.951511 
  6.948397 
  6.923489 
  6.973306 
  6.972527 
  6.951511 
  6.983425 
  6.944505 
  6.961630 
  6.943727 
  6.981090 
  6.972527 
  6.991209 
  6.970192 
  6.967079 
  6.956181 
  6.948397 
  6.945284 
  6.954625 
  6.979533 
  6.988095 
  6.997436 
  6.967857 
  6.953068 
  6.970971 
  6.938278 
  6.942949 
  6.953068 
  6.944505 
  6.948397 
  6.947619 
  6.952289 
  6.935943 
  6.958516 
  6.941392 
  6.920375 
  6.931273 
  6.939057 
  6.958516 
  6.945284 
  6.972527 
  6.970971 
  6.961630 
  6.956181 
  6.938278 
  6.923489 
  6.937500 
  6.936722 
  6.923489 
  6.972527 
  6.969414 
  6.955403 
  6.956960 
  6.970971 
  6.955403 
  6.939057 
  6.911813 
  6.949176 
  6.929716 
  6.919597 
  6.920375 
  6.913370 
  6.917262 
  6.932830 
  6.935943 
  6.932051 
  6.944505 
  6.953846 
  6.925046 
  6.908700 
  6.919597 
  6.911035 
  6.897024 
  6.922711 
  6.925046 
  6.923489 
  6.939835 
  6.927381 
  6.938278 
  6.946062 
  6.918040 
  6.921154 
  6.896245 
  6.908700 
  6.910256 
  6.902473 
  6.927381 
  6.960852 
  6.946841 
  6.939835 
  6.936722 
  6.950733 
  6.939835 
  6.937500 
  6.925046 
  6.900137 
  6.910256 
  6.911813 
  6.887683 
  6.928938 
  6.929716 
  6.915705 
  6.915705 
  6.928159 
  6.891575 
  6.890797 
  6.893132 
  6.911035 
  6.899359 
  6.929716 
  6.926603 
  6.901694 
  6.907921 
  6.890018 
  6.907921 
  6.912592 
  6.917262 
  6.891575 
  6.900916 
  6.896245 
  6.886905 
  6.903251 
  6.891575 
  6.889240 
  6.901694 
  6.913370 
  6.905586 
  6.900916 
  6.857326 
  6.831639 
  6.850321 
  6.865888 
  6.879121 
  6.917262 
  6.908700 
  6.902473 
  6.907921 
  6.887683 
  6.870559 
  6.844872 
  6.853434 
  6.853434 
  6.858883 
  6.888462 
  6.912592 
  6.929716 
  6.918819 
  6.921154 
  6.922711 
  6.900137 
  6.910256 
  6.871337 
  6.879121 
  6.880678 
  6.876786 
  6.868223 
  6.876007 
  6.897802 
  6.904808 
  6.924267 
  6.924267 
  6.918819 
  6.915705 
  6.925824 
  6.907143 
  6.893132 
  6.868223 
  6.867445 
  6.873672 
  6.876007 
  6.866667 
  6.872115 
  6.880678 
  6.886905 
  6.911035 
  6.917262 
  6.923489 
  6.942949 
  6.918819 
  6.938278 
  6.918819 
  6.930495 
  6.893910 
  6.904029 
  6.911813 
  6.911813 
  6.903251 
  6.939057 
  6.936722 
  6.927381 
  6.938278 
  6.961630 
  6.922711 
  6.922711 
  6.940614 
  6.944505 
  6.939057 
  6.914148 
  6.922711 
  6.922711 
  6.907921 
  6.912592 
  6.903251 
  6.942170 
  6.939057 
  6.921154 
  6.913370 
  6.932830 
  6.922711 
  6.956960 
  6.920375 
  6.919597 
  6.946841 
  6.959295 
  6.942949 
  6.945284 
  6.941392 
  6.932830 
  6.960852 
  6.945284 
  6.945284 
  6.949176 
  6.945284 
  6.943727 
  6.928159 
  6.945284 
  6.944505 
  6.960852 
  6.918040 
  6.956181 
  6.941392 
  6.963187 
  6.942170 
  6.943727 
  6.970971 
  6.950733 
  6.951511 
  6.963187 
  6.953846 
  6.961630 
  6.963965 
  6.955403 
  6.963965 
  6.935943 
  6.932830 
  6.943727 
  6.950733 
  6.980311 
  6.974084 
  6.961630 
  6.986538 
  6.983425 
  6.992766 
  6.977976 
  6.983425 
  6.973306 
  6.969414 
  6.953068 
  6.945284 
  6.965522 
  6.984203 
  7.002885 
  6.970192 
  6.979533 
  6.958516 
  6.957738 
  6.958516 
  6.956181 
  6.940614 
  6.967857 
  6.980311 
  6.981868 
  6.942949 
  6.946062 
  6.965522 
  6.951511 
  6.993544 
  6.985760 
  6.983425 
  7.000549 
  6.970971 
  6.953068 
  6.960852 
  6.934386 
  6.941392 
  6.946841 
  6.968636 
  6.995101 
  6.981868 
  6.925824 
  6.903251 
  6.961630 
  6.942949 
  6.956181 
  6.976419 
  6.981868 
  6.979533 
  6.994322 
  6.967079 
  6.947619 
  6.982647 
  6.982647 
  6.981868 
  6.984982 
  6.952289 
  6.981090 
  6.957738 
  6.949954 
  6.978755 
  6.977976 
  6.969414 
  6.967857 
  6.974863 
  6.981090 
  6.980311 
  6.981090 
  6.904029 
  6.928938 
  6.910256 
  6.973306 
  6.978755 
  6.956181 
  6.946841 
  6.973306 
  6.981090 
  6.991987 
  7.003663 
  6.984203 
  6.964744 
  6.991209 
  6.959295 
  6.963187 
  6.968636 
  6.959295 
  6.964744 
  6.988874 
  7.000549 
  6.996658 
  6.969414 
  6.946841 
  6.944505 
  6.956960 
  6.971749 
  6.973306 
  6.975641 
  7.003663 
  6.998214 
  6.998993 
  6.964744 
  6.970971 
  6.967857 
  6.963965 
  6.975641 
  7.002106 
  6.998214 
  6.983425 
  6.982647 
  6.980311 
  6.985760 
  7.013782 
  6.962408 
  6.985760 
  6.952289 
  6.960852 
  6.962408 
  6.950733 
  6.951511 
  6.960073 
  6.960073 
  6.985760 
  6.965522 
  6.952289 
  6.948397 
  6.988095 
  6.950733 
  6.957738 
  6.956181 
  6.979533 
  6.960073 
  6.962408 
  6.956960 
  6.946062 
  6.927381 
  6.943727 
  6.934386 
  6.953068 
  6.964744 
  6.957738 
  6.945284 
  6.952289 
  6.974084 
  6.946841 
  6.957738 
  6.977198 
  6.947619 
  6.949954 
  6.982647 
  6.946841 
  6.939057 
  6.954625 
  6.949176 
  6.924267 
  6.937500 
  6.930495 
  6.909478 
  6.932051 
  6.946062 
  6.956181 
  6.931273 
  6.951511 
  6.943727 
  6.957738 
  6.951511 
  6.926603 
  6.953846 
  6.949954 
  6.953068 
  6.935943 
  6.941392 
  6.942170 
  6.930495 
  6.934386 
  6.951511 
  6.931273 
  6.949954 
  6.955403 
  6.954625 
  6.930495 
  6.923489 
  6.949954 
  6.957738 
  6.931273 
  6.913370 
  6.907921 
  6.927381 
  6.923489 
  6.921932 
  6.915705 
  6.908700 
  6.925824 
  6.920375 
  6.918040 
  6.916484 
  6.920375 
  6.925824 
  6.915705 
  6.915705 
  6.900916 
  6.883013 
  6.921154 
  6.925824 
  6.921932 
  6.917262 
  6.910256 
  6.918819 
  6.935165 
  6.928159 
  6.926603 
  6.912592 
  6.909478 
  6.911813 
  6.936722 
  6.950733 
  6.949954 
  6.918819 
  6.915705 
  6.922711 
  6.907143 
  6.903251 
  6.901694 
  6.910256 
  6.920375 
  6.935165 
  6.907921 
  6.928938 
  6.925824 
  6.927381 
  6.915705 
  6.926603 
  6.905586 
  6.902473 
  6.921932 
  6.896245 
  6.931273 
  6.910256 
  6.880678 
  6.891575 
  6.908700 
  6.878342 
  6.893132 
  6.877564 
  6.868223 
  6.888462 
  6.897024 
  6.911035 
  6.911035 
  6.913370 
  6.880678 
  6.881456 
  6.861218 
  6.875229 
  6.857326 
  6.899359 
  6.881456 
  6.892353 
  6.911035 
  6.925046 
  6.904029 
  6.905586 
  6.875229 
  6.872894 
  6.884570 
  6.910256 
  6.877564 
  6.905586 
  6.924267 
  6.911813 
  6.900916 
  6.908700 
  6.889240 
  6.886905 
  6.896245 
  6.854991 
  6.873672 
  6.884570 
  6.891575 
  6.892353 
  6.911035 
  6.918040 
  6.897802 
  6.907921 
  6.914927 
  6.888462 
  6.906364 
  6.877564 
  6.874451 
  6.884570 
  6.899359 
  6.897802 
  6.895467 
  6.914148 
  6.924267 
  6.951511 
  6.925046 
  6.921154 
  6.939057 
  6.916484 
  6.928159 
  6.929716 
  6.913370 
  6.917262 
  6.929716 
  6.942170 
  6.940614 
  6.935943 
  6.930495 
  6.935165 
  6.951511 
  6.942170 
  6.944505 
  6.944505 
  6.946841 
  6.953846 
  6.925046 
  6.922711 
  6.930495 
  6.945284 
  6.914927 
  6.918040 
  6.945284 
  6.921932 
  6.922711 
  6.936722 
  6.939057 
  6.925824 
  6.949176 
  6.946841 
  6.922711 
  6.935165 
  6.977198 
  6.946062 
  6.949176 
  6.979533 
  6.924267 
  6.954625 
  6.943727 
  6.950733 
  6.964744 
  6.947619 
  6.948397 
  6.964744 
  6.948397 
  6.960852 
  6.942949 
  6.958516 
  6.957738 
  6.961630 
  6.963187 
  6.951511 
  6.970971 
  6.966300 
  6.976419 
  6.945284 
  6.960073 
  6.965522 
  6.967857 
  6.960852 
  6.960852 
  6.987317 
  6.991209 
  6.973306 
  6.938278 
  6.947619 
  6.987317 
  6.999771 
  7.009890 
  6.952289 
  6.982647 
  6.970971 
  6.937500 
  6.952289 
  6.964744 
  7.004441 
  6.995879 
  6.992766 
  6.963187 
  6.971749 
  6.949176 
  6.960073 
  6.970192 
  6.974863 
  6.974084 
  6.977976 
  6.998214 
  6.998214 
  7.002106 
  6.987317 
  6.974084 
  6.953846 
  6.947619 
  6.946062 
  6.939057 
  6.957738 
  6.967079 
  6.959295 
  6.989652 
  6.993544 
  6.986538 
  6.998214 
  6.988095 
  6.967857 
  6.977198 
  6.984203 
  6.961630 
  6.927381 
  6.956960 
  6.953846 
  6.948397 
  6.930495 
  6.946062 
  6.949954 
  6.950733 
  6.948397 
  6.967857 
  6.956181 
  6.958516 
  6.970192 
  6.979533 
  6.961630 
  6.964744 
  6.974863 
  6.961630 
  6.953068 
  6.955403 
  6.945284 
  6.947619 
  6.952289 
  6.947619 
  6.981090 
  6.968636 
  6.955403 
  6.980311 
  6.963187 
  6.963187 
  6.956181 
  6.935165 
  6.959295 
  6.932830 
  6.928938 
  6.922711 
  6.920375 
  6.912592 
  6.927381 
  6.915705 
  6.930495 
  6.932830 
  6.942949 
  6.923489 
  6.927381 
  6.928159 
  6.932830 
  6.948397 
  6.934386 
  6.925824 
  6.905586 
  6.918819 
  6.898581 
  6.906364 
  6.908700 
  6.909478 
  6.939057 
  6.927381 
  6.911035 
  6.912592 
  6.928159 
  6.925046 
  6.926603 
  6.917262 
  6.946062 
  6.939835 
  6.919597 
  6.904808 
  6.924267 
  6.905586 
  6.895467 
  6.901694 
  6.900137 
  6.886126 
  6.922711 
  6.914148 
  6.910256 
  6.924267 
  6.928159 
  6.942949 
  6.931273 
  6.942949 
  6.935165 
  6.917262 
  6.927381 
  6.884570 
  6.921932 
  6.910256 
  6.895467 
  6.900137 
  6.913370 
  6.922711 
  6.936722 
  6.935943 
  6.922711 
  6.932051 
  6.889240 
  6.858883 
  6.862775 
  6.866667 
  6.887683 
  6.913370 
  6.925824 
  6.913370 
  6.891575 
  6.886126 
  6.876786 
  6.874451 
  6.896245 
  6.921154 
  6.887683 
  6.868223 
  6.879121 
  6.871337 
  6.882234 
  6.872115 
  6.877564 
  6.879899 
  6.874451 
  6.861218 
  6.871337 
  6.867445 
  6.868223 
  6.869780 
  6.885348 
  6.899359 
  6.900137 
  6.914927 
  6.914927 
  6.899359 
  6.882234 
  6.886126 
  6.861996 
  6.872115 
  6.860440 
  6.881456 
  6.887683 
  6.890797 
  6.897802 
  6.902473 
  6.928938 
  6.924267 
  6.914148 
  6.903251 
  6.893132 
  6.874451 
  6.870559 
  6.883791 
  6.848764 
  6.865888 
  6.883013 
  6.881456 
  6.914148 
  6.907143 
  6.922711 
  6.922711 
  6.935165 
  6.927381 
  6.911813 
  6.914927 
  6.911035 
  6.915705 
  6.874451 
  6.865110 
  6.891575 
  6.858104 
  6.865110 
  6.880678 
  6.887683 
  6.912592 
  6.925046 
  6.914927 
  6.937500 
  6.941392 
  6.939057 
  6.911813 
  6.911035 
  6.896245 
  6.888462 
  6.872115 
  6.876786 
  6.864332 
  6.873672 
  6.870559 
  6.888462 
  6.903251 
  6.911035 
  6.941392 
  6.943727 
  6.937500 
  6.929716 
  6.965522 
  6.972527 
  6.956960 
  6.945284 
  6.936722 
  6.949954 
  6.950733 
  6.934386 
  6.926603 
  6.907921 
  6.928159 
  6.891575 
  6.913370 
  6.932051 
  6.926603 
  6.921154 
  6.918040 
  6.933608 
  6.960073 
  6.962408 
  6.952289 
  6.949954 
  6.968636 
  6.961630 
  6.945284 
  6.924267 
  6.914927 
  6.904029 
  6.921154 
  6.917262 
  6.925824 
  6.947619 
  6.967079 
  6.985760 
  6.990430 
  6.994322 
  6.967079 
  6.961630 
  6.957738 
  6.927381 
  6.925824 
  6.908700 
  6.921154 
  6.918040 
  6.918040 
  6.933608 
  6.945284 
  6.953068 
  6.973306 
  6.986538 
  7.002885 
  6.998214 
  6.991987 
  6.959295 
  6.963187 
  6.949176 
  6.947619 
  6.923489 
  6.940614 
  6.925046 
  6.913370 
  6.931273 
  6.968636 
  6.977198 
  7.024679 
  7.008333 
  7.004441 
  6.984203 
  6.991987 
  6.970192 
  6.951511 
  6.934386 
  6.929716 
  6.946841 
  6.964744 
  6.966300 
  7.012225 
  7.030907 
  7.020788 
  6.976419 
  6.984203 
  6.942949 
  6.920375 
  6.921154 
  6.949176 
  6.984203 
  7.011447 
  7.018452 
  6.973306 
  6.957738 
  6.932830 
  6.963187 
  7.014560 
  7.037134 
  6.962408 
  6.952289 
  7.002106 
  7.013004 
  6.959295 
  6.928938 
  6.933608 
  6.949954 
  6.986538 
  7.013004 
  7.016896 
  7.016896 
  7.016896 
  6.991987 
  6.970971 
  6.932830 
  6.939835 
  6.953846 
  6.970192 
  6.995879 
  7.027793 
  7.034799 
  7.042582 
  7.013782 
  6.998214 
  6.992766 
  6.977198 
  6.969414 
  6.940614 
  6.930495 
  6.926603 
  6.958516 
  6.964744 
  6.988095 
  6.996658 
  7.003663 
  7.013782 
  7.000549 
  6.993544 
  6.976419 
  6.974863 
  6.946062 
  6.923489 
  6.939057 
  6.933608 
  6.948397 
  6.942949 
  6.960073 
  6.971749 
  6.984982 
  6.979533 
  6.991987 
  6.998993 
  6.988095 
  6.967079 
  6.984982 
  6.976419 
  6.958516 
  6.951511 
  6.929716 
  6.945284 
  6.932830 
  6.946841 
  6.940614 
  6.953068 
  6.960852 
  6.947619 
  6.962408 
  6.977976 
  6.967857 
  6.965522 
  6.970971 
  6.992766 
  6.984203 
  6.958516 
  6.942170 
  6.955403 
  6.942170 
  6.928159 
  6.935165 
  6.951511 
  6.930495 
  6.947619 
  6.942949 
  6.957738 
  6.963187 
  6.957738 
  6.974084 
  6.987317 
  6.965522 
  6.954625 
  6.942949 
  6.960852 
  6.953068 
  6.946841 
  6.935943 
  6.935165 
  6.922711 
  6.891575 
  6.908700 
  6.914148 
  6.913370 
  6.918040 
  6.921932 
  6.918819 
  6.928159 
  6.941392 
  6.938278 
  6.933608 
  6.947619 
  6.925046 
  6.931273 
  6.918819 
  6.922711 
  6.921154 
  6.911813 
  6.911035 
  6.913370 
  6.921154 
  6.918819 
  6.949176 
  6.930495 
  6.924267 
  6.926603 
  6.923489 
  6.914927 
  6.918819 
  6.921932 
  6.951511 
  6.940614 
  6.938278 
  6.929716 
  6.943727 
  6.908700 
  6.912592 
  6.911813 
  6.903251 
  6.907921 
  6.903251 
  6.907143 
  6.903251 
  6.911035 
  6.900916 
  6.919597 
  6.936722 
  6.934386 
  6.946062 
  6.932830 
  6.939835 
  6.901694 
  6.904029 
  6.904808 
  6.893132 
  6.886905 
  6.875229 
  6.895467 
  6.910256 
  6.920375 
  6.928938 
  6.935943 
  6.905586 
  6.914148 
  6.875229 
  6.864332 
  6.854212 
  6.885348 
  6.882234 
  6.903251 
  6.927381 
  6.940614 
  6.924267 
  6.928159 
  6.932830 
  6.907921 
  6.886126 
  6.881456 
  6.897024 
  6.890797 
  6.915705 
  6.914148 
  6.878342 
  6.889240 
  6.902473 
  6.840980 
  6.861996 
  6.866667 
  6.912592 
  6.914148 
  6.905586 
  6.917262 
  6.907921 
  6.879121 
  6.840201 
  6.829304 
  6.812179 
  6.847985 
  6.854991 
  6.879899 
  6.904029 
  6.907921 
  6.915705 
  6.900916 
  6.919597 
  6.894689 
  6.882234 
  6.869780 
  6.888462 
  6.851877 
  6.864332 
  6.855769 
  6.858883 
  6.865110 
  6.876786 
  6.911813 
  6.911035 
  6.912592 
  6.923489 
  6.929716 
  6.920375 
  6.907143 
  6.900916 
  6.879121 
  6.867445 
  6.885348 
  6.871337 
  6.852656 
  6.840201 
  6.863553 
  6.869780 
  6.912592 
  6.908700 
  6.926603 
  6.935165 
  6.953068 
  6.950733 
  6.944505 
  6.951511 
  6.946062 
  6.928159 
  6.891575 
  6.875229 
  6.869780 
  6.866667 
  6.851099 
  6.856548 
  6.865110 
  6.889240 
  6.906364 
  6.899359 
  6.927381 
  6.932830 
  6.943727 
  6.952289 
  6.940614 
  6.945284 
  6.932051 
  6.924267 
  6.908700 
  6.886905 
  6.890018 
  6.891575 
  6.876007 
  6.875229 
  6.862775 
  6.900916 
  6.897024 
  6.886126 
  6.909478 
  6.937500 
  6.947619 
  6.955403 
  6.963187 
  6.968636 
  6.978755 
  6.961630 
  6.953846 
  6.956181 
  6.939835 
  6.907921 
  6.903251 
  6.904808 
  6.911813 
  6.899359 
  6.896245 
  6.932830 
  6.920375 
  6.935943 
  6.931273 
  6.963965 
  6.953846 
  6.956181 
  6.970971 
  6.961630 
  6.930495 
  6.935165 
  6.896245 
  6.918819 
  6.933608 
  6.922711 
  6.947619 
  6.939835 
  6.951511 
  6.950733 
  6.968636 
  6.974084 
  6.984203 
  6.977976 
  6.969414 
  6.960852 
  6.959295 
  6.963187 
  6.939057 
  6.929716 
  6.928159 
  6.924267 
  6.932830 
  6.927381 
  6.946062 
  6.965522 
  6.974084 
  6.976419 
  6.974863 
  7.011447 
  6.970971 
  6.988095 
  6.947619 
  6.980311 
  6.922711 
  6.912592 
  6.897802 
  6.932051 
  6.974084 
  6.967857 
  6.984203 
  6.981090 
  7.004441 
  7.027793 
  7.020009 
  7.012225 
  6.999771 
  6.960852 
  6.935165 
  6.929716 
  6.946062 
  6.955403 
  6.987317 
  7.006777 
  7.008333 
  6.995101 
  7.016117 
  6.974084 
  6.961630 
  6.952289 
  6.949954 
  6.977976 
  6.986538 
  7.000549 
  7.001328 
  6.981868 
  6.981090 
  6.991987 
  6.983425 
  6.959295 
  6.970971 
  6.963965 
  6.987317 
  7.012225 
  6.994322 
  6.998993 
  6.965522 
  6.981090 
  6.945284 
  6.961630 
  6.960073 
  6.971749 
  6.992766 
  6.989652 
  7.005998 
  7.023123 
  7.027793 
  7.008333 
  6.998214 
  6.954625 
  6.969414 
  6.962408 
  6.950733 
  6.956960 
  6.942949 
  6.953846 
  6.984203 
  6.987317 
  7.001328 
  7.008333 
  7.006777 
  7.004441 
  6.966300 
  6.994322 
  6.970192 
  6.947619 
  6.949954 
  6.960073 
  6.939835 
  6.943727 
  6.942949 
  6.956181 
  6.975641 
  6.966300 
  6.961630 
  6.962408 
  6.981868 
  6.985760 
  6.984982 
  6.958516 
  6.981868 
  6.981868 
  6.966300 
  6.967079 
  6.956181 
  6.960852 
  6.960852 
  6.941392 
  6.970192 
  6.960073 
  6.957738 
  6.950733 
  6.950733 
  6.939057 
  6.956181 
  6.974863 
  6.967079 
  6.955403 
  6.945284 
  6.966300 
  6.956181 
  6.949176 
  6.939835 
  6.948397 
  6.985760 
  6.974084 
  6.961630 
  6.929716 
  6.964744 
  6.953068 
  6.953846 
  6.955403 
  6.961630 
  6.944505 
  6.957738 
  6.944505 
  6.952289 
  6.937500 
  6.941392 
  6.964744 
  6.923489 
  6.934386 
  6.935943 
  6.935943 
  6.930495 
  6.935165 
  6.923489 
  6.909478 
  6.932051 
  6.928938 
  6.932830 
  6.934386 
  6.919597 
  6.922711 
  6.929716 
  6.923489 
  6.923489 
  6.914148 
  6.924267 
  6.924267 
  6.945284 
  6.918819 
  6.916484 
  6.934386 
  6.942170 
  6.940614 
  6.928159 
  6.951511 
  6.913370 
  6.940614 
  6.914927 
  6.909478 
  6.937500 
  6.937500 
  6.921932 
  6.929716 
  6.912592 
  6.918819 
  6.929716 
  6.926603 
  6.913370 
  6.907143 
  6.899359 
  6.911035 
  6.912592 
  6.913370 
  6.922711 
  6.926603 
  6.920375 
  6.913370 
  6.931273 
  6.936722 
  6.951511 
  6.944505 
  6.921154 
  6.920375 
  6.905586 
  6.898581 
  6.895467 
  6.890018 
  6.901694 
  6.884570 
  6.886126 
  6.929716 
  6.919597 
  6.915705 
  6.912592 
  6.888462 
  6.898581 
  6.886126 
  6.878342 
  6.854212 
  6.869780 
  6.882234 
  6.875229 
  6.901694 
  6.934386 
  6.914148 
  6.919597 
  6.900916 
  6.869002 
  6.872894 
  6.871337 
  6.885348 
  6.885348 
  6.930495 
  6.858883 
  6.883791 
  6.890797 
  6.896245 
  6.897024 
  6.875229 
  6.888462 
  6.872894 
  6.878342 
  6.906364 
  6.888462 
  6.873672 
  6.890797 
  6.872115 
  6.863553 
  6.857326 
  6.862775 
  6.852656 
  6.890797 
  6.884570 
  6.874451 
  6.891575 
  6.900137 
  6.886905 
  6.890018 
  6.904029 
  6.913370 
  6.916484 
  6.899359 
  6.889240 
  6.897802 
  6.882234 
  6.868223 
  6.869002 
  6.881456 
  6.895467 
  6.897024 
  6.897024 
  6.921154 
  6.929716 
  6.919597 
  6.927381 
  6.907143 
  6.906364 
  6.894689 
  6.883791 
  6.890018 
  6.868223 
  6.857326 
  6.867445 
  6.893132 
  6.904808 
  6.919597 
  6.942170 
  6.930495 
  6.952289 
  6.937500 
  6.946841 
  6.943727 
  6.957738 
  6.913370 
  6.890018 
  6.883013 
  6.865888 
  6.873672 
  6.872894 
  6.876007 
  6.888462 
  6.893910 
  6.921932 
  6.930495 
  6.929716 
  6.925046 
  6.940614 
  6.946841 
  6.942949 
  6.918040 
  6.908700 
  6.897802 
  6.890797 
  6.880678 
  6.880678 
  6.882234 
  6.870559 
  6.889240 
  6.924267 
  6.894689 
  6.937500 
  6.954625 
  6.964744 
  6.954625 
  6.969414 
  6.958516 
  6.969414 
  6.949954 
  6.937500 
  6.927381 
  6.909478 
  6.902473 
  6.907143 
  6.907921 
  6.920375 
  6.914148 
  6.944505 
  6.949176 
  6.953846 
  6.963187 
  6.949954 
  6.986538 
  6.987317 
  6.966300 
  6.937500 
  6.932051 
  6.931273 
  6.920375 
  6.935165 
  6.914927 
  6.900916 
  6.919597 
  6.931273 
  6.942949 
  6.961630 
  6.981090 
  6.992766 
  6.981090 
  6.970192 
  6.988095 
  6.965522 
  6.965522 
  6.942170 
  6.932830 
  6.914148 
  6.928159 
  6.932051 
  6.918040 
  6.929716 
  6.933608 
  6.963965 
  6.978755 
  6.997436 
  7.005220 
  6.993544 
  6.973306 
  6.988874 
  6.986538 
  6.969414 
  6.934386 
  6.927381 
  6.932830 
  6.907921 
  6.932830 
  6.983425 
  7.002106 
  7.018452 
  7.020009 
  6.993544 
  7.000549 
  6.963187 
  6.962408 
  6.951511 
  6.942949 
  6.943727 
  6.978755 
  6.976419 
  6.998214 
  7.023123 
  7.023123 
  6.989652 
  6.952289 
  6.948397 
  6.949954 
  6.968636 
  7.003663 
  7.002885 
  6.987317 
  6.960852 
  6.941392 
  7.017674 
  6.974863 
  6.946062 
  6.942170 
  6.939057 
  6.991209 
  7.007555 
  6.998214 
  7.016117 
  7.013004 
  6.998214 
  6.971749 
  6.976419 
  6.984203 
  6.956960 
  6.946062 
  6.947619 
  6.972527 
  6.992766 
  7.016896 
  7.012225 
  6.997436 
  6.987317 
  6.994322 
  6.988095 
  6.953068 
  6.967857 
  6.961630 
  6.943727 
  6.936722 
  6.949176 
  6.956181 
  6.959295 
  6.974084 
  6.985760 
  7.009112 
  6.998993 
  7.008333 
  7.000549 
  6.993544 
  6.981868 
  6.971749 
  6.935165 
  6.923489 
  6.934386 
  6.942949 
  6.916484 
  6.932051 
  6.959295 
  6.960073 
  6.983425 
  6.977976 
  7.001328 
  6.998214 
  6.989652 
  6.995101 
  6.995101 
  6.974863 
  6.973306 
  6.947619 
  6.922711 
  6.932830 
  6.923489 
  6.929716 
  6.909478 
  6.912592 
  6.921932 
  6.930495 
  6.925824 
  6.961630 
  6.960073 
  6.981868 
  6.994322 
  6.987317 
  6.990430 
  6.981090 
  7.002885 
  6.980311 
  6.966300 
  6.966300 
  6.944505 
  6.935165 
  6.914927 
  6.911035 
  6.887683 
  6.910256 
  6.949954 
  6.929716 
  6.962408 
  6.965522 
  6.973306 
  6.957738 
  6.960852 
  6.963187 
  6.936722 
  6.923489 
  6.925046 
  6.909478 
  6.891575 
  6.899359 
  6.896245 
  6.906364 
  6.905586 
  6.918040 
  6.923489 
  6.935165 
  6.954625 
  6.977976 
  6.960073 
  6.952289 
  6.972527 
  6.942170 
  6.945284 
  6.916484 
  6.907143 
  6.888462 
  6.888462 
  6.872894 
  6.887683 
  6.911813 
  6.912592 
  6.928159 
  6.935943 
  6.939057 
  6.957738 
  6.970971 
  6.939835 
  6.939057 
  6.923489 
  6.895467 
  6.904808 
  6.882234 
  6.865110 
  6.883791 
  6.889240 
  6.914927 
  6.915705 
  6.934386 
  6.962408 
  6.961630 
  6.955403 
  6.939057 
  6.921932 
  6.912592 
  6.872115 
  6.864332 
  6.857326 
  6.880678 
  6.886126 
  6.893910 
  6.922711 
  6.928159 
  6.920375 
  6.927381 
  6.893132 
  6.874451 
  6.849542 
  6.854212 
  6.858883 
  6.893132 
  6.922711 
  6.914927 
  6.911035 
  6.911035 
  6.877564 
  6.880678 
  6.907143 
  6.879899 
  6.892353 
  6.894689 
  6.873672 
  6.867445 
  6.855769 
  6.872894 
  6.872894 
  6.871337 
  6.884570 
  6.873672 
  6.886905 
  6.897024 
  6.890797 
  6.902473 
  6.904029 
  6.903251 
  6.886905 
  6.874451 
  6.891575 
  6.879121 
  6.879121 
  6.897024 
  6.879899 
  6.923489 
  6.904029 
  6.900916 
  6.904029 
  6.924267 
  6.925824 
  6.903251 
  6.895467 
  6.879121 
  6.867445 
  6.887683 
  6.876786 
  6.874451 
  6.870559 
  6.893910 
  6.909478 
  6.902473 
  6.924267 
  6.931273 
  6.931273 
  6.920375 
  6.913370 
  6.918819 
  6.931273 
  6.910256 
  6.916484 
  6.873672 
  6.858883 
  6.888462 
  6.872115 
  6.878342 
  6.886905 
  6.905586 
  6.927381 
  6.934386 
  6.930495 
  6.932830 
  6.938278 
  6.948397 
  6.928938 
  6.922711 
  6.904808 
  6.888462 
  6.895467 
  6.877564 
  6.868223 
  6.904029 
  6.884570 
  6.883791 
  6.886905 
  6.921932 
  6.930495 
  6.913370 
  6.958516 
  6.957738 
  6.955403 
  6.952289 
  6.953068 
  6.969414 
  6.946062 
  6.956960 
  6.928159 
  6.921154 
  6.918819 
  6.898581 
  6.899359 
  6.908700 
  6.922711 
  6.921154 
  6.937500 
  6.959295 
  6.954625 
  6.974863 
  6.970192 
  6.962408 
  6.961630 
  6.943727 
  6.939835 
  6.925046 
  6.921932 
  6.918040 
  6.918819 
  6.921154 
  6.906364 
  6.936722 
  6.948397 
  6.960073 
  6.969414 
  6.978755 
  6.977976 
  6.983425 
  6.974084 
  6.988874 
  6.953846 
  6.956960 
  6.935165 
  6.946062 
  6.937500 
  6.927381 
  6.910256 
  6.933608 
  6.935943 
  6.953068 
  6.961630 
  6.965522 
  7.002106 
  6.987317 
  6.976419 
  6.995101 
  6.989652 
  6.963965 
  6.951511 
  6.939057 
  6.953068 
  6.926603 
  6.925046 
  6.932830 
  6.972527 
  7.007555 
  6.988874 
  6.993544 
  7.005998 
  6.993544 
  7.005220 
  6.981090 
  6.970971 
  6.945284 
  6.942170 
  6.944505 
  6.932830 
  6.973306 
  6.975641 
  7.005220 
  7.009890 
  7.001328 
  6.974863 
  6.977976 
  6.940614 
  6.925046 
  6.939057 
  6.949176 
  6.972527 
  7.005220 
  6.985760 
  7.009112 
  6.984982 
  6.988874 
  6.976419 
  6.991987 
  6.992766 
  6.967857 
  6.975641 
  6.988874 
  6.980311 
  6.977198 
  6.984982 
  6.975641 
  6.982647 
  6.989652 
  6.969414 
  6.943727 
  6.953846 
  6.953068 
  6.962408 
  6.997436 
  6.981868 
  6.990430 
  6.992766 
  7.012225 
  6.978755 
  6.970192 
  6.947619 
  6.956181 
  6.960073 
  6.963965 
  6.988095 
  7.005220 
  7.014560 
  6.993544 
  6.981868 
  6.998993 
  6.990430 
  7.013004 
  6.974863 
  6.949954 
  6.939835 
  6.957738 
  6.963187 
  6.950733 
  6.954625 
  6.980311 
  6.973306 
  6.954625 
  6.972527 
  7.000549 
  6.992766 
  6.965522 
  6.981868 
  6.988095 
  6.974084 
  6.957738 
  6.959295 
  6.960073 
  6.954625 
  6.950733 
  6.945284 
  6.935943 
  6.948397 
  6.952289 
  6.944505 
  6.980311 
  6.978755 
  6.988095 
  6.996658 
  7.000549 
  6.992766 
  6.991209 
  6.964744 
  6.960852 
  6.982647 
  6.974084 
  6.951511 
  6.938278 
  6.946841 
  6.933608 
  6.932051 
  6.932051 
  6.929716 
  6.933608 
  6.960073 
  6.929716 
  6.951511 
  6.949954 
  6.945284 
  6.967857 
  6.980311 
  6.977198 
  6.974863 
  6.951511 
  6.970971 
  6.963965 
  6.951511 
  6.948397 
  6.956181 
  6.949954 
  6.928938 
  6.932051 
  6.947619 
  6.934386 
  6.932830 
  6.932051 
  6.960852 
  6.978755 
  6.945284 
  6.960073 
  6.950733 
  6.958516 
  6.939057 
  6.922711 
  6.932051 
  6.918819 
  6.934386 
  6.907921 
  6.907143 
  6.909478 
  6.907921 
  6.928938 
  6.935943 
  6.923489 
  6.932830 
  6.938278 
  6.944505 
  6.945284 
  6.949176 
  6.932051 
  6.958516 
  6.933608 
  6.940614 
  6.910256 
  6.917262 
  6.907143 
  6.907143 
  6.909478 
  6.936722 
  6.926603 
  6.936722 
  6.937500 
  6.942170 
  6.949176 
  6.933608 
  6.928938 
  6.910256 
  6.913370 
  6.893132 
  6.904808 
  6.893132 
  6.895467 
  6.908700 
  6.935943 
  6.925824 
  6.942170 
  6.952289 
  6.953846 
  6.953068 
  6.951511 
  6.923489 
  6.937500 
  6.900916 
  6.896245 
  6.887683 
  6.890018 
  6.893910 
  6.910256 
  6.923489 
  6.942949 
  6.925824 
  6.953068 
  6.913370 
  6.902473 
  6.876786 
  6.864332 
  6.882234 
  6.886126 
  6.900916 
  6.910256 
  6.928159 
  6.932830 
  6.953846 
  6.934386 
  6.902473 
  6.897024 
  6.865110 
  6.890797 
  6.907921 
  6.921154 
  6.931273 
  6.887683 
  6.857326 
  6.904808 
  6.850321 
  6.875229 
  6.870559 
  6.887683 
  6.892353 
  6.917262 
  6.935943 
  6.905586 
  6.902473 
  6.879121 
  6.830082 
  6.823855 
  6.848764 
  6.856548 
  6.841758 
  6.892353 
  6.922711 
  6.905586 
  6.902473 
  6.920375 
  6.897024 
  6.884570 
  6.882234 
  6.885348 
  6.873672 
  6.854212 
  6.869780 
  6.872894 
  6.880678 
  6.881456 
  6.881456 
  6.920375 
  6.919597 
  6.897024 
  6.909478 
  6.919597 
  6.938278 
  6.913370 
  6.913370 
  6.893910 
  6.879121 
  6.886905 
  6.878342 
  6.876007 
  6.860440 
  6.872115 
  6.886126 
  6.897802 
  6.894689 
  6.909478 
  6.944505 
  6.929716 
  6.939835 
  6.918819 
  6.931273 
  6.928159 
  6.944505 
  6.897802 
  6.865888 
  6.889240 
  6.865110 
  6.876786 
  6.877564 
  6.874451 
  6.894689 
  6.904808 
  6.903251 
  6.926603 
  6.931273 
  6.932830 
  6.932051 
  6.945284 
  6.926603 
  6.915705 
  6.913370 
  6.902473 
  6.884570 
  6.900137 
  6.899359 
  6.888462 
  6.886126 
  6.878342 
  6.909478 
  6.913370 
  6.897802 
  6.913370 
  6.938278 
  6.949176 
  6.932051 
  6.949954 
  6.957738 
  6.956181 
  6.974863 
  6.945284 
  6.956960 
  6.947619 
  6.938278 
  6.917262 
  6.924267 
  6.918040 
  6.920375 
  6.915705 
  6.903251 
  6.909478 
  6.933608 
  6.949954 
  6.928159 
  6.969414 
  6.956181 
  6.957738 
  6.946841 
  6.932051 
  6.935165 
  6.939057 
  6.909478 
  6.914148 
  6.937500 
  6.934386 
  6.935165 
  6.945284 
  6.949176 
  6.950733 
  6.956960 
  6.971749 
  6.963187 
  6.978755 
  6.965522 
  6.956960 
  6.956960 
  6.956181 
  6.948397 
  6.929716 
  6.936722 
  6.913370 
  6.916484 
  6.932051 
  6.951511 
  6.963187 
  6.965522 
  6.960852 
  6.984982 
  7.002106 
  7.000549 
  6.985760 
  6.967857 
  6.967079 
  6.929716 
  6.929716 
  6.942949 
  6.970971 
  6.962408 
  6.956960 
  6.948397 
  6.970192 
  7.010668 
  7.015339 
  7.004441 
  6.972527 
  6.978755 
  6.982647 
  6.963187 
  6.960852 
  6.959295 
  6.968636 
  6.958516 
  6.976419 
  6.989652 
  6.978755 
  6.984982 
  6.976419 
  6.969414 
  6.967079 
  6.992766 
  6.984982 
  6.937500 
  6.947619 
  6.968636 
  6.976419 
  7.027793 
  7.012225 
  6.983425 
  6.925046 
  6.942949 
  7.040247 
  6.970971 
  6.962408 
  6.974084 
  6.998214 
  6.997436 
  6.954625 
  6.967079 
  6.951511 
  6.964744 
  6.995101 
  6.981090 
  7.006777 
  6.990430 
  6.996658 
  6.972527 
  6.966300 
  6.962408 
  6.968636 
  6.967079 
  6.974863 
  6.995101 
  7.005998 
  6.998214 
  6.982647 
  6.976419 
  6.987317 
  6.994322 
  7.005998 
  6.977198 
  6.956181 
  6.953068 
  6.965522 
  6.972527 
  6.971749 
  6.977198 
  6.990430 
  6.981868 
  6.967079 
  6.975641 
  6.967857 
  6.967857 
  6.953846 
  6.957738 
  6.953846 
  6.959295 
  6.960073 
  6.981868 
  6.981868 
  6.967857 
  6.970192 
  6.954625 
  6.957738 
  6.963187 
  6.966300 
  6.958516 
  6.967857 
  6.972527 
  6.979533 
  6.955403 
  6.974084 
  6.964744 
  6.970192 
  6.954625 
  6.957738 
  6.975641 
  6.959295 
  6.989652 
  6.951511 
  6.969414 
  6.974084 
  6.950733 
  6.946062 
  6.967079 
  6.960073 
  6.961630 
  6.946841 
  6.935943 
  6.961630 
  6.956960 
  6.950733 
  6.960852 
  6.945284 
  6.946062 
  6.943727 
  6.939835 
  6.960852 
  6.961630 
  6.968636 
  6.973306 
  6.960073 
  6.956960 
  6.946062 
  6.962408 
  6.940614 
  6.947619 
  6.926603 
  6.942949 
  6.932051 
  6.919597 
  6.947619 
  6.936722 
  6.922711 
  6.924267 
  6.922711 
  6.935165 
  6.927381 
  6.952289 
  6.929716 
  6.925824 
  6.914148 
  6.922711 
  6.937500 
  6.936722 
  6.920375 
  6.924267 
  6.925824 
  6.931273 
  6.925046 
  6.940614 
  6.929716 
  6.965522 
  6.939057 
  6.942949 
  6.928159 
  6.928159 
  6.918819 
  6.927381 
  6.921932 
  6.947619 
  6.938278 
  6.941392 
  6.937500 
  6.932830 
  6.948397 
  6.932830 
  6.939835 
  6.913370 
  6.920375 
  6.909478 
  6.924267 
  6.908700 
  6.899359 
  6.928159 
  6.939057 
  6.911035 
  6.943727 
  6.949176 
  6.946841 
  6.963187 
  6.927381 
  6.939835 
  6.936722 
  6.914148 
  6.907921 
  6.900137 
  6.895467 
  6.896245 
  6.900916 
  6.925046 
  6.930495 
  6.918040 
  6.928938 
  6.928159 
  6.917262 
  6.919597 
  6.908700 
  6.911813 
  6.885348 
  6.897802 
  6.883013 
  6.890018 
  6.905586 
  6.939835 
  6.935165 
  6.943727 
  6.961630 
  6.921154 
  6.921932 
  6.914927 
  6.902473 
  6.886126 
  6.917262 
  6.904029 
  6.900916 
  6.922711 
  6.904808 
  6.923489 
  6.928938 
  6.910256 
  6.893910 
  6.866667 
  6.891575 
  6.914148 
  6.912592 
  6.883013 
  6.906364 
  6.872894 
  6.893132 
  6.886126 
  6.897802 
  6.881456 
  6.872894 
  6.872115 
  6.872894 
  6.869780 
  6.873672 
  6.885348 
  6.896245 
  6.884570 
  6.889240 
  6.899359 
  6.901694 
  6.893910 
  6.886126 
  6.890797 
  6.867445 
  6.861996 
  6.893132 
  6.885348 
  6.900137 
  6.899359 
  6.897802 
  6.879899 
  6.878342 
  6.883791 
  6.865888 
  6.895467 
  6.878342 
  6.865110 
  6.877564 
  6.893132 
  6.872115 
  6.885348 
  6.897802 
  6.917262 
  6.932830 
  6.910256 
  6.926603 
  6.934386 
  6.911035 
  6.894689 
  6.882234 
  6.898581 
  6.897024 
  6.897802 
  6.870559 
  6.894689 
  6.907921 
  6.906364 
  6.900916 
  6.903251 
  6.911813 
  6.921154 
  6.914148 
  6.928159 
  6.906364 
  6.894689 
  6.897024 
  6.900137 
  6.902473 
  6.885348 
  6.905586 
  6.889240 
  6.911035 
  6.898581 
  6.914927 
  6.924267 
  6.927381 
  6.921932 
  6.908700 
  6.904808 
  6.914148 
  6.913370 
  6.894689 
  6.907921 
  6.905586 
  6.907143 
  6.894689 
  6.900916 
  6.914148 
  6.912592 
  6.908700 
  6.925824 
  6.916484 
  6.898581 
  6.925824 
  6.904808 
  6.905586 
  6.915705 
  6.914927 
  6.922711 
  6.907143 
  6.907143 
  6.914927 
  6.911813 
  6.918819 
  6.925046 
  6.928159 
  6.925824 
  6.932051 
  6.938278 
  6.953068 
  6.953846 
  6.949176 
  6.943727 
  6.952289 
  6.960073 
  6.936722 
  6.929716 
  6.945284 
  6.923489 
  6.942949 
  6.932051 
  6.932051 
  6.928159 
  6.934386 
  6.929716 
  6.921932 
  6.930495 
  6.914148 
  6.942949 
  6.942170 
  6.935943 
  6.948397 
  6.945284 
  6.947619 
  6.940614 
  6.949954 
  6.946062 
  6.934386 
  6.950733 
  6.945284 
  6.940614 
  6.932830 
  6.931273 
  6.962408 
  6.956181 
  6.955403 
  6.945284 
  6.942949 
  6.963187 
  6.963965 
  6.941392 
  6.946062 
  6.949176 
  6.953068 
  6.938278 
  6.943727 
  6.970971 
  6.956181 
  6.949176 
  6.943727 
  6.957738 
  6.960073 
  6.954625 
  6.964744 
  7.002106 
  6.960073 
  6.956960 
  6.955403 
  6.981090 
  7.016896 
  6.984982 
  6.970971 
  6.967079 
  6.961630 
  6.983425 
  6.974084 
  6.977198 
  6.953068 
  6.976419 
  6.969414 
  6.959295 
  6.979533 
  6.990430 
  6.992766 
  6.981868 
  6.977976 
  6.964744 
  6.947619 
  6.942949 
  6.953846 
  6.956181 
  6.957738 
  6.991987 
  6.984982 
  6.967079 
  6.988874 
  6.981868 
  6.971749 
  6.981090 
  6.999771 
  6.992766 
  6.984982 
  6.981090 
  6.988874 
  6.972527 
  6.970971 
  6.984982 
  6.995879 
  6.981868 
  6.974084 
  6.968636 
  6.891575 
  6.944505 
  6.972527 
  6.980311 
  6.971749 
  6.963187 
  6.955403 
  6.986538 
  6.981868 
  6.991209 
  6.978755 
  6.986538 
  6.979533 
  6.967857 
  6.982647 
  6.974084 
  6.944505 
  6.951511 
  6.946062 
  6.952289 
  6.970192 
  7.000549 
  7.001328 
  6.998993 
  7.007555 
  6.986538 
  6.982647 
  6.974863 
  6.968636 
  6.976419 
  6.966300 
  6.986538 
  6.991987 
  6.981868 
  6.973306 
  6.966300 
  6.994322 
  6.981868 
  7.006777 
  7.000549 
  6.966300 
  6.967857 
  6.986538 
  6.995101 
  6.974863 
  6.984203 
  6.974084 
  6.969414 
  6.949176 
  6.954625 
  6.954625 
  6.955403 
  6.949176 
  6.954625 
  6.953846 
  6.962408 
  6.962408 
  6.974084 
  6.980311 
  6.991987 
  6.979533 
  6.967079 
  6.972527 
  6.954625 
  6.960073 
  6.952289 
  6.942170 
  6.943727 
  6.963965 
  6.962408 
  6.960073 
  6.959295 
  6.949176 
  6.956960 
  6.953846 
  6.946841 
  6.949954 
  6.973306 
  6.985760 
  6.970971 
  6.962408 
  6.977198 
  6.944505 
  6.960073 
  6.964744 
  6.946841 
  6.943727 
  6.947619 
  6.940614 
  6.934386 
  6.933608 
  6.929716 
  6.956960 
  6.952289 
  6.951511 
  6.950733 
  6.971749 
  6.960073 
  6.975641 
  6.994322 
  6.962408 
  6.968636 
  6.953846 
  6.968636 
  6.949954 
  6.920375 
  6.922711 
  6.956181 
  6.943727 
  6.921154 
  6.922711 
  6.937500 
  6.931273 
  6.928938 
  6.927381 
  6.921932 
  6.918819 
  6.942170 
  6.941392 
  6.929716 
  6.924267 
  6.935165 
  6.928159 
  6.935943 
  6.925046 
  6.915705 
  6.918040 
  6.914148 
  6.928938 
  6.930495 
  6.930495 
  6.934386 
  6.941392 
  6.941392 
  6.917262 
  6.946841 
  6.918040 
  6.918819 
  6.926603 
  6.928938 
  6.935943 
  6.935943 
  6.938278 
  6.934386 
  6.935165 
  6.918819 
  6.927381 
  6.924267 
  6.918040 
  6.925046 
  6.922711 
  6.905586 
  6.914148 
  6.927381 
  6.924267 
  6.911035 
  6.928159 
  6.923489 
  6.937500 
  6.958516 
  6.941392 
  6.930495 
  6.949176 
  6.914927 
  6.927381 
  6.913370 
  6.899359 
  6.907143 
  6.921932 
  6.904029 
  6.910256 
  6.904808 
  6.912592 
  6.904029 
  6.894689 
  6.891575 
  6.903251 
  6.920375 
  6.914148 
  6.895467 
  6.900916 
  6.904808 
  6.917262 
  6.920375 
  6.931273 
  6.925824 
  6.942949 
  6.902473 
  6.913370 
  6.916484 
  6.900916 
  6.910256 
  6.911035 
  6.894689 
  6.890018 
  6.905586 
  6.923489 
  6.886126 
  6.917262 
  6.904808 
  6.919597 
  6.883791 
  6.904029 
  6.907143 
  6.886905 
  6.899359 
  6.915705 
  6.896245 
  6.901694 
  6.897024 
  6.904029 
  6.883013 
  6.876786 
  6.877564 
  6.875229 
  6.886126 
  6.875229 
  6.869780 
  6.872894 
  6.897024 
  6.900137 
  6.886126 
  6.885348 
  6.876007 
  6.891575 
  6.868223 
  6.869002 
  6.873672 
  6.883791 
  6.867445 
  6.894689 
  6.894689 
  6.906364 
  6.921932 
  6.904029 
  6.907143 
  6.877564 
  6.867445 
  6.886126 
  6.884570 
  6.878342 
  6.896245 
  6.873672 
  6.886126 
  6.876786 
  6.882234 
  6.891575 
  6.899359 
  6.893910 
  6.884570 
  6.904029 
  6.904029 
  6.901694 
  6.899359 
  6.911035 
  6.921154 
  6.928159 
  6.906364 
  6.915705 
  6.925824 
  6.906364 
  6.890797 
  6.886126 
  6.905586 
  6.904029 
  6.897024 
  6.883013 
  6.915705 
  6.922711 
  6.919597 
  6.916484 
  6.908700 
  6.914927 
  6.910256 
  6.905586 
  6.921154 
  6.897802 
  6.883013 
  6.886905 
  6.893910 
  6.886126 
  6.886905 
  6.914927 
  6.899359 
  6.928159 
  6.904808 
  6.926603 
  6.946841 
  6.941392 
  6.920375 
  6.904029 
  6.907143 
  6.893132 
  6.894689 
  6.884570 
  6.891575 
  6.879899 
  6.898581 
  6.888462 
  6.890797 
  6.912592 
  6.908700 
  6.922711 
  6.930495 
  6.917262 
  6.918040 
  6.925046 
  6.913370 
  6.907143 
  6.919597 
  6.920375 
  6.905586 
  6.904808 
  6.893910 
  6.917262 
  6.911813 
  6.904029 
  6.918040 
  6.931273 
  6.935943 
  6.939835 
  6.938278 
  6.952289 
  6.956960 
  6.966300 
  6.955403 
  6.955403 
  6.957738 
  6.936722 
  6.924267 
  6.928159 
  6.916484 
  6.935943 
  6.924267 
  6.904029 
  6.911813 
  6.907143 
  6.914927 
  6.918040 
  6.912592 
  6.905586 
  6.953846 
  6.935943 
  6.947619 
  6.935943 
  6.946841 
  6.947619 
  6.926603 
  6.928159 
  6.927381 
  6.936722 
  6.930495 
  6.925824 
  6.946841 
  6.935165 
  6.935943 
  6.960852 
  6.956960 
  6.955403 
  6.943727 
  6.960073 
  6.958516 
  6.964744 
  6.938278 
  6.935943 
  6.948397 
  6.923489 
  6.929716 
  6.945284 
  6.960073 
  6.963187 
  6.942170 
  6.953846 
  6.978755 
  6.980311 
  6.967079 
  6.973306 
  6.981090 
  6.970192 
  6.942949 
  6.956181 
  6.957738 
  7.005998 
  6.967857 
  6.975641 
  6.945284 
  6.961630 
  6.985760 
  6.985760 
  6.964744 
  6.969414 
  6.970971 
  6.983425 
  6.963965 
  6.972527 
  6.975641 
  6.974084 
  6.974863 
  6.965522 
  6.946062 
  6.956960 
  6.942949 
  6.956181 
  6.966300 
  6.966300 
  6.997436 
  6.998214 
  6.968636 
  6.969414 
  6.968636 
  6.963965 
  6.983425 
  7.007555 
  6.999771 
  6.988095 
  6.971749 
  6.974084 
  6.986538 
  6.988095 
  6.978755 
  6.970971 
  6.963965 
  6.994322 
  6.988874 
  6.984982 
  7.009890 
  6.995879 
  6.958516 
  6.947619 
  6.941392 
  6.933608 
  6.955403 
  6.982647 
  6.992766 
  6.998214 
  7.027015 
  6.998214 
  6.994322 
  6.965522 
  6.981868 
  6.959295 
  6.956181 
  6.960852 
  6.981090 
  6.989652 
  6.977976 
  6.969414 
  6.985760 
  6.983425 
  7.029350 
  6.988095 
  6.968636 
  6.965522 
  6.974863 
  6.980311 
  6.954625 
  6.967857 
  6.967857 
  6.968636 
  6.962408 
  6.960073 
  6.967857 
  6.988874 
  6.959295 
  6.967079 
  6.997436 
  6.972527 
  6.989652 
  6.956960 
  6.974084 
  6.986538 
  6.968636 
  6.952289 
  6.950733 
  6.948397 
  6.967079 
  6.952289 
  6.935165 
  6.954625 
  6.974084 
  6.974863 
  6.963965 
  6.987317 
  6.977198 
  6.974084 
  6.969414 
  6.966300 
  6.969414 
  6.982647 
  7.004441 
  6.965522 
  6.956181 
  6.963187 
  6.933608 
  6.942949 
  6.939057 
  6.917262 
  6.922711 
  6.932830 
  6.938278 
  6.950733 
  6.949954 
  6.949954 
  6.983425 
  6.970192 
  6.972527 
  6.960852 
  6.981090 
  6.970971 
  6.953846 
  6.970971 
  6.941392 
  6.956960 
  6.942170 
  6.938278 
  6.940614 
  6.915705 
  6.920375 
  6.947619 
  6.956181 
  6.926603 
  6.953068 
  6.943727 
  6.953846 
  6.934386 
  6.945284 
  6.929716 
  6.939057 
  6.950733 
  6.936722 
  6.928938 
  6.913370 
  6.918819 
  6.906364 
  6.925824 
  6.925046 
  6.918040 
  6.923489 
  6.927381 
  6.939057 
  6.947619 
  6.943727 
  6.968636 
  6.964744 
  6.960073 
  6.931273 
  6.949176 
  6.920375 
  6.913370 
  6.920375 
  6.914148 
  6.924267 
  6.916484 
  6.922711 
  6.932830 
  6.932830 
  6.929716 
  6.944505 
  6.928159 
  6.937500 
  6.935165 
  6.930495 
  6.923489 
  6.918040 
  6.928159 
  6.934386 
  6.906364 
  6.922711 
  6.918819 
  6.922711 
  6.949176 
  6.935165 
  6.931273 
  6.952289 
  6.921932 
  6.928159 
  6.929716 
  6.920375 
  6.921154 
  6.929716 
  6.914927 
  6.935943 
  6.911035 
  6.930495 
  6.908700 
  6.898581 
  6.898581 
  6.903251 
  6.921154 
  6.917262 
  6.905586 
  6.911035 
  6.914927 
  6.929716 
  6.954625 
  6.939835 
  6.939057 
  6.952289 
  6.915705 
  6.930495 
  6.914148 
  6.922711 
  6.909478 
  6.921154 
  6.898581 
  6.915705 
  6.900916 
  6.922711 
  6.924267 
  6.951511 
  6.929716 
  6.940614 
  6.920375 
  6.936722 
  6.918040 
  6.869002 
  6.897802 
  6.911813 
  6.907143 
  6.920375 
  6.922711 
  6.929716 
  6.907921 
  6.900137 
  6.918819 
  6.906364 
  6.895467 
  6.900916 
  6.908700 
  6.928159 
  6.895467 
  6.897802 
  6.896245 
  6.898581 
  6.923489 
  6.883791 
  6.890018 
  6.894689 
  6.883791 
  6.870559 
  6.888462 
  6.876786 
  6.863553 
  6.858883 
  6.880678 
  6.871337 
  6.879899 
  6.877564 
  6.885348 
  6.904808 
  6.880678 
  6.872115 
  6.876007 
  6.883013 
  6.870559 
  6.866667 
  6.896245 
  6.897802 
  6.897024 
  6.910256 
  6.890018 
  6.891575 
  6.883013 
  6.893910 
  6.894689 
  6.892353 
  6.892353 
  6.897024 
  6.906364 
  6.888462 
  6.893910 
  6.890797 
  6.910256 
  6.893132 
  6.908700 
  6.918040 
  6.892353 
  6.882234 
  6.868223 
  6.864332 
  6.893132 
  6.876007 
  6.868223 
  6.876007 
  6.890018 
  6.895467 
  6.907921 
  6.911813 
  6.935943 
  6.937500 
  6.935943 
  6.939057 
  6.930495 
  6.898581 
  6.888462 
  6.883791 
  6.878342 
  6.878342 
  6.869002 
  6.861218 
  6.885348 
  6.911035 
  6.900916 
  6.904029 
  6.911035 
  6.918819 
  6.917262 
  6.925824 
  6.922711 
  6.917262 
  6.881456 
  6.896245 
  6.891575 
  6.902473 
  6.883791 
  6.894689 
  6.879121 
  6.900916 
  6.900916 
  6.912592 
  6.949176 
  6.933608 
  6.929716 
  6.915705 
  6.910256 
  6.928938 
  6.928938 
  6.912592 
  6.914148 
  6.900916 
  6.911813 
  6.899359 
  6.904808 
  6.904029 
  6.903251 
  6.910256 
  6.925046 
  6.902473 
  6.907921 
  6.924267 
  6.910256 
  6.921932 
  6.913370 
  6.941392 
  6.930495 
  6.924267 
  6.921154 
  6.934386 
  6.921932 
  6.928159 
  6.914148 
  6.925824 
  6.939835 
  6.925046 
  6.928159 
  6.939057 
  6.943727 
  6.953068 
  6.939057 
  6.956181 
  6.960852 
  6.929716 
  6.950733 
  6.938278 
  6.942170 
  6.954625 
  6.935165 
  6.933608 
  6.931273 
  6.927381 
  6.942949 
  6.925046 
  6.907921 
  6.925046 
  6.936722 
  6.950733 
  6.925824 
  6.943727 
  6.949954 
  6.948397 
  6.931273 
  6.960073 
  6.944505 
  6.946841 
  6.945284 
  6.957738 
  6.923489 
  6.944505 
  6.950733 
  6.953068 
  6.949954 
  6.959295 
  6.936722 
  6.960073 
  6.966300 
  6.965522 
  6.948397 
  6.960073 
  6.958516 
  6.952289 
  6.946841 
  6.952289 
  6.969414 
  6.955403 
  6.949176 
  6.981090 
  6.983425 
  6.987317 
  6.974084 
  6.974863 
  6.971749 
  6.964744 
  6.957738 
  6.981090 
  6.976419 
  7.001328 
  6.961630 
  6.959295 
  6.967857 
  6.964744 
  6.977976 
  6.975641 
  6.981868 
  6.972527 
  6.986538 
  6.977198 
  6.965522 
  6.981090 
  6.989652 
  6.971749 
  6.976419 
  6.990430 
  6.975641 
  6.971749 
  6.981090 
  6.995101 
  6.961630 
  6.952289 
  6.977976 
  7.001328 
  6.977976 
  6.975641 
  6.981090 
  6.986538 
  6.959295 
  6.991987 
  6.991209 
  6.982647 
  6.992766 
  7.000549 
  6.995879 
  6.974863 
  6.974084 
  6.967857 
  6.977976 
  6.997436 
  6.983425 
  6.967079 
  6.962408 
  6.982647 
  7.006777 
  6.995101 
  6.991987 
  7.007555 
  7.010668 
  6.985760 
  6.959295 
  6.963965 
  6.969414 
  6.951511 
  6.963965 
  6.961630 
  6.947619 
  6.963187 
  6.968636 
  6.989652 
  6.995101 
  6.980311 
  6.965522 
  6.968636 
  6.969414 
  6.973306 
  6.959295 
  6.952289 
  6.959295 
  6.960852 
  6.972527 
  6.953846 
  6.967079 
  6.953846 
  6.958516 
  6.954625 
  6.962408 
  6.957738 
  6.986538 
  7.000549 
  6.957738 
  6.970971 
  6.973306 
  6.956960 
  6.966300 
  6.967857 
  6.961630 
  6.935165 
  6.942170 
  6.939057 
  6.934386 
  6.949176 
  6.932830 
  6.946841 
  6.959295 
  6.944505 
  6.948397 
  6.939835 
  6.977976 
  6.966300 
  6.975641 
  6.992766 
  6.979533 
  6.967079 
  6.943727 
  6.942949 
  6.943727 
  6.929716 
  6.939057 
  6.960073 
  6.928938 
  6.930495 
  6.929716 
  6.935943 
  6.928938 
  6.925824 
  6.931273 
  6.927381 
  6.963187 
  6.951511 
  6.932830 
  6.956181 
  6.949954 
  6.946841 
  6.946062 
  6.924267 
  6.933608 
  6.926603 
  6.922711 
  6.923489 
  6.922711 
  6.920375 
  6.944505 
  6.927381 
  6.939057 
  6.921932 
  6.933608 
  6.932051 
  6.939057 
  6.925824 
  6.947619 
  6.947619 
  6.944505 
  6.939835 
  6.922711 
  6.945284 
  6.948397 
  6.921932 
  6.931273 
  6.924267 
  6.903251 
  6.924267 
  6.907143 
  6.890797 
  6.911035 
  6.932051 
  6.925824 
  6.925824 
  6.928938 
  6.935165 
  6.958516 
  6.952289 
  6.946841 
  6.954625 
  6.939057 
  6.934386 
  6.935165 
  6.911813 
  6.936722 
  6.914148 
  6.905586 
  6.922711 
  6.917262 
  6.902473 
  6.901694 
  6.900137 
  6.910256 
  6.916484 
  6.931273 
  6.930495 
  6.934386 
  6.936722 
  6.911813 
  6.930495 
  6.951511 
  6.927381 
  6.947619 
  6.948397 
  6.931273 
  6.934386 
  6.913370 
  6.924267 
  6.921932 
  6.935165 
  6.917262 
  6.918819 
  6.915705 
  6.904808 
  6.908700 
  6.924267 
  6.936722 
  6.921932 
  6.918040 
  6.938278 
  6.926603 
  6.944505 
  6.907921 
  6.900137 
  6.908700 
  6.883791 
  6.907143 
  6.896245 
  6.918819 
  6.900137 
  6.914148 
  6.937500 
  6.918040 
  6.942170 
  6.905586 
  6.921154 
  6.895467 
  6.890018 
  6.909478 
  6.900916 
  6.928938 
  6.932051 
  6.940614 
  6.907921 
  6.891575 
  6.908700 
  6.924267 
  6.932830 
  6.939057 
  6.923489 
  6.898581 
  6.885348 
  6.893132 
  6.879121 
  6.893132 
  6.899359 
  6.897802 
  6.902473 
  6.902473 
  6.922711 
  6.872115 
  6.879121 
  6.866667 
  6.868223 
  6.868223 
  6.857326 
  6.872115 
  6.889240 
  6.908700 
  6.914927 
  6.891575 
  6.909478 
  6.881456 
  6.882234 
  6.872115 
  6.887683 
  6.869002 
  6.885348 
  6.880678 
  6.903251 
  6.893910 
  6.904029 
  6.904808 
  6.908700 
  6.899359 
  6.928159 
  6.890018 
  6.896245 
  6.877564 
  6.877564 
  6.877564 
  6.908700 
  6.890018 
  6.883013 
  6.918040 
  6.908700 
  6.918040 
  6.894689 
  6.909478 
  6.916484 
  6.919597 
  6.924267 
  6.894689 
  6.889240 
  6.880678 
  6.883013 
  6.875229 
  6.877564 
  6.878342 
  6.875229 
  6.876007 
  6.879899 
  6.902473 
  6.917262 
  6.921932 
  6.937500 
  6.960073 
  6.931273 
  6.939835 
  6.924267 
  6.913370 
  6.901694 
  6.890797 
  6.911813 
  6.895467 
  6.864332 
  6.862775 
  6.882234 
  6.897802 
  6.901694 
  6.913370 
  6.914148 
  6.908700 
  6.931273 
  6.937500 
  6.923489 
  6.921154 
  6.921932 
  6.909478 
  6.923489 
  6.903251 
  6.903251 
  6.886905 
  6.889240 
  6.897802 
  6.912592 
  6.925046 
  6.932830 
  6.929716 
  6.908700 
  6.925046 
  6.930495 
  6.934386 
  6.928159 
  6.924267 
  6.922711 
  6.931273 
  6.942949 
  6.915705 
  6.918819 
  6.912592 
  6.905586 
  6.927381 
  6.919597 
  6.887683 
  6.919597 
  6.902473 
  6.909478 
  6.914927 
  6.930495 
  6.934386 
  6.931273 
  6.934386 
  6.949954 
  6.944505 
  6.933608 
  6.929716 
  6.956181 
  6.953068 
  6.918819 
  6.926603 
  6.929716 
  6.932051 
  6.943727 
  6.936722 
  6.936722 
  6.936722 
  6.935165 
  6.925046 
  6.931273 
  6.935943 
  6.952289 
  6.944505 
  6.941392 
  6.939057 
  6.952289 
  6.935943 
  6.951511 
  6.930495 
  6.920375 
  6.920375 
  6.935165 
  6.930495 
  6.921154 
  6.935943 
  6.929716 
  6.932051 
  6.955403 
  6.956960 
  6.964744 
  6.964744 
  6.974863 
  6.950733 
  6.960852 
  6.946062 
  6.965522 
  6.952289 
  6.939057 
  6.934386 
  6.937500 
  6.942949 
  6.950733 
  6.939835 
  6.949954 
  6.960073 
  6.955403 
  6.955403 
  6.965522 
  6.987317 
  6.970192 
  6.957738 
  6.960852 
  6.956960 
  6.956960 
  6.951511 
  6.947619 
  6.979533 
  6.949176 
  6.947619 
  6.966300 
  6.980311 
  7.019231 
  6.994322 
  6.985760 
  6.963965 
  6.967857 
  6.974084 
  6.966300 
  6.956960 
  6.944505 
  6.956960 
  6.960073 
  6.966300 
  6.977198 
  7.007555 
  6.991209 
  7.002106 
  6.989652 
  6.948397 
  6.952289 
  6.937500 
  6.944505 
  6.974084 
  6.986538 
  7.005220 
  7.013004 
  6.969414 
  6.947619 
  6.964744 
  6.996658 
  7.018452 
  7.030907 
  6.962408 
  6.989652 
  6.978755 
  6.977198 
  6.993544 
  6.988095 
  6.995101 
  6.979533 
  6.967857 
  6.970971 
  6.965522 
  6.977976 
  6.970971 
  6.961630 
  6.997436 
  7.000549 
  6.998993 
  7.012225 
  7.008333 
  7.002885 
  6.975641 
  6.967079 
  6.951511 
  6.948397 
  6.979533 
  6.962408 
  6.955403 
  6.943727 
  6.976419 
  6.992766 
  6.987317 
  6.998993 
  7.027015 
  7.005220 
  6.997436 
  6.971749 
  6.982647 
  6.974084 
  6.942170 
  6.945284 
  6.956960 
  6.939835 
  6.952289 
  6.934386 
  6.972527 
  6.988095 
  6.987317 
  6.967079 
  6.981090 
  6.984203 
  6.998993 
  6.992766 
  6.954625 
  6.970971 
  6.984982 
  6.973306 
  6.971749 
  6.974084 
  6.944505 
  6.955403 
  6.937500 
  6.925824 
  6.964744 
  6.975641 
  6.967079 
  6.946841 
  6.963187 
  6.966300 
  6.950733 
  6.954625 
  6.970192 
  6.984203 
  6.953846 
  6.963965 
  6.960852 
  6.943727 
  6.956960 
  6.939057 
  6.959295 
  6.956181 
  6.951511 
  6.949176 
  6.946062 
  6.960073 
  6.949176 
  6.954625 
  6.976419 
  6.956960 
  6.956181 
  6.942170 
  6.953068 
  6.939835 
  6.947619 
  6.953068 
  6.967857 
  6.929716 
  6.929716 
  6.931273 
  6.936722 
  6.927381 
  6.910256 
  6.926603 
  6.913370 
  6.938278 
  6.940614 
  6.935165 
  6.935943 
  6.942170 
  6.947619 
  6.939835 
  6.932051 
  6.942170 
  6.934386 
  6.935943 
  6.945284 
  6.930495 
  6.928938 
  6.946062 
  6.935943 
  6.946062 
  6.912592 
  6.935943 
  6.925046 
  6.930495 
  6.932830 
  6.949176 
  6.939057 
  6.946841 
  6.942170 
  6.941392 
  6.942949 
  6.943727 
  6.941392 
  6.928159 
  6.918040 
  6.925046 
  6.928938 
  6.902473 
  6.900137 
  6.918819 
  6.922711 
  6.925046 
  6.918819 
  6.935943 
  6.943727 
  6.953068 
  6.967079 
  6.964744 
  6.946841 
  6.954625 
  6.931273 
  6.922711 
  6.913370 
  6.917262 
  6.907143 
  6.901694 
  6.902473 
  6.927381 
  6.908700 
  6.909478 
  6.913370 
  6.904808 
  6.917262 
  6.938278 
  6.935943 
  6.932830 
  6.930495 
  6.925046 
  6.922711 
  6.938278 
  6.932830 
  6.939057 
  6.942949 
  6.938278 
  6.932051 
  6.903251 
  6.930495 
  6.919597 
  6.923489 
  6.913370 
  6.928938 
  6.924267 
  6.925046 
  6.911813 
  6.931273 
  6.935165 
  6.916484 
  6.923489 
  6.938278 
  6.916484 
  6.921932 
  6.897802 
  6.898581 
  6.921932 
  6.900137 
  6.928938 
  6.914148 
  6.942170 
  6.911813 
  6.933608 
  6.936722 
  6.911035 
  6.936722 
  6.914148 
  6.921154 
  6.893910 
  6.895467 
  6.909478 
  6.928938 
  6.939057 
  6.942170 
  6.938278 
  6.898581 
  6.900916 
  6.902473 
  6.935943 
  6.950733 
  6.940614 
  6.928159 
  6.891575 
  6.918040 
  6.904808 
  6.904808 
  6.900137 
  6.900137 
  6.886905 
  6.872115 
  6.900916 
  6.919597 
  6.898581 
  6.883791 
  6.906364 
  6.892353 
  6.879899 
  6.871337 
  6.871337 
  6.893132 
  6.878342 
  6.918819 
  6.890797 
  6.905586 
  6.890018 
  6.899359 
  6.907921 
  6.897024 
  6.908700 
  6.897024 
  6.893132 
  6.899359 
  6.882234 
  6.886126 
  6.878342 
  6.896245 
  6.907143 
  6.935943 
  6.904029 
  6.911035 
  6.905586 
  6.900137 
  6.910256 
  6.907143 
  6.901694 
  6.898581 
  6.911035 
  6.902473 
  6.900137 
  6.879899 
  6.900916 
  6.921154 
  6.923489 
  6.918819 
  6.904029 
  6.902473 
  6.900916 
  6.896245 
  6.865888 
  6.893910 
  6.883013 
  6.871337 
  6.870559 
  6.889240 
  6.879899 
  6.888462 
  6.900137 
  6.928938 
  6.928938 
  6.928938 
  6.937500 
  6.932051 
  6.925046 
  6.914148 
  6.898581 
  6.923489 
  6.899359 
  6.878342 
  6.868223 
  6.893910 
  6.912592 
  6.894689 
  6.911035 
  6.903251 
  6.904029 
  6.943727 
  6.928938 
  6.921154 
  6.923489 
  6.914927 
  6.914148 
  6.909478 
  6.915705 
  6.899359 
  6.912592 
  6.897024 
  6.911035 
  6.913370 
  6.912592 
  6.919597 
  6.938278 
  6.918819 
  6.928938 
  6.917262 
  6.932051 
  6.919597 
  6.917262 
  6.930495 
  6.939835 
  6.933608 
  6.914927 
  6.925046 
  6.919597 
  6.921154 
  6.925046 
  6.921154 
  6.904808 
  6.907921 
  6.911035 
  6.911035 
  6.919597 
  6.932830 
  6.932830 
  6.934386 
  6.931273 
  6.939835 
  6.945284 
  6.921932 
  6.947619 
  6.948397 
  6.936722 
  6.918040 
  6.935943 
  6.946062 
  6.941392 
  6.952289 
  6.939057 
  6.935165 
  6.943727 
  6.952289 
  6.927381 
  6.928159 
  6.932830 
  6.933608 
  6.956181 
  6.948397 
  6.944505 
  6.941392 
  6.946841 
  6.955403 
  6.952289 
  6.929716 
  6.949954 
  6.936722 
  6.925824 
  6.932051 
  6.938278 
  6.956181 
  6.921154 
  6.931273 
  6.961630 
  6.954625 
  6.969414 
  6.977976 
  6.974863 
  6.943727 
  6.943727 
  6.949954 
  6.948397 
  6.943727 
  6.942170 
  6.927381 
  6.940614 
  6.950733 
  6.956181 
  6.942949 
  6.955403 
  6.953068 
  6.966300 
  6.955403 
  6.982647 
  6.970971 
  6.944505 
  6.942949 
  6.963965 
  6.949176 
  6.963187 
  6.951511 
  6.967857 
  6.953068 
  6.949954 
  6.964744 
  6.983425 
  6.998214 
  7.007555 
  6.969414 
  6.956181 
  6.946841 
  6.960852 
  6.961630 
  6.953068 
  6.949176 
  6.969414 
  6.987317 
  7.007555 
  7.010668 
  6.998993 
  7.009890 
  6.962408 
  6.956960 
  6.953068 
  6.946062 
  6.954625 
  6.991987 
  6.993544 
  6.988095 
  6.986538 
  6.956960 
  6.967079 
  6.987317 
  6.953846 
  6.958516 
  6.965522 
  6.972527 
  6.981090 
  7.006777 
  6.981868 
  6.993544 
  6.981868 
  6.977976 
  6.960073 
  6.974084 
  6.995101 
  7.010668 
  7.001328 
  6.986538 
  6.979533 
  6.988095 
  7.000549 
  6.993544 
  6.992766 
  6.965522 
  6.944505 
  6.977976 
  6.985760 
  6.976419 
  6.995879 
  6.999771 
  6.985760 
  6.968636 
  6.967857 
  6.974084 
  6.974084 
  6.960852 
  6.969414 
  6.960073 
  6.959295 
  6.966300 
  6.964744 
  6.974863 
  6.950733 
  6.967079 
  6.951511 
  6.965522 
  6.955403 
  6.972527 
  6.961630 
  6.963187 
  6.985760 
  6.977198 
  6.960073 
  6.979533 
  6.972527 
  6.970192 
  6.961630 
  6.949954 
  6.971749 
  6.968636 
  6.991209 
  6.947619 
  6.948397 
  6.967079 
  6.953846 
  6.952289 
  6.950733 
  6.960852 
  6.936722 
  6.955403 
  6.956960 
  6.960073 
  6.962408 
  6.956960 
  6.965522 
  6.969414 
  6.961630 
  6.967079 
  6.963965 
  6.981090 
  6.980311 
  6.975641 
  6.983425 
  6.974084 
  6.963187 
  6.956960 
  6.965522 
  6.956960 
  6.951511 
  6.933608 
  6.958516 
  6.955403 
  6.926603 
  6.951511 
  6.954625 
  6.937500 
  6.933608 
  6.944505 
  6.929716 
  6.953846 
  6.953846 
  6.944505 
  6.935165 
  6.935943 
  6.942170 
  6.926603 
  6.924267 
  6.936722 
  6.936722 
  6.935943 
  6.939835 
  6.935165 
  6.948397 
  6.956181 
  6.937500 
  6.961630 
  6.944505 
  6.942170 
  6.939835 
  6.946841 
  6.920375 
  6.927381 
  6.939057 
  6.939057 
  6.921154 
  6.922711 
  6.942170 
  6.960073 
  6.928938 
  6.938278 
  6.937500 
  6.927381 
  6.943727 
  6.932051 
  6.911813 
  6.922711 
  6.942170 
  6.953068 
  6.920375 
  6.934386 
  6.935943 
  6.942949 
  6.949176 
  6.942949 
  6.945284 
  6.939835 
  6.937500 
  6.939835 
  6.940614 
  6.932830 
  6.936722 
  6.918040 
  6.932051 
  6.949954 
  6.907921 
  6.944505 
  6.921932 
  6.907143 
  6.903251 
  6.918819 
  6.930495 
  6.923489 
  6.928159 
  6.929716 
  6.915705 
  6.935943 
  6.956181 
  6.944505 
  6.948397 
  6.960852 
  6.949176 
  6.932051 
  6.934386 
  6.923489 
  6.925824 
  6.955403 
  6.915705 
  6.911035 
  6.898581 
  6.896245 
  6.905586 
  6.925824 
  6.925824 
  6.936722 
  6.924267 
  6.937500 
  6.923489 
  6.951511 
  6.947619 
  6.931273 
  6.929716 
  6.939057 
  6.905586 
  6.919597 
  6.890797 
  6.896245 
  6.890018 
  6.906364 
  6.921154 
  6.910256 
  6.926603 
  6.949954 
  6.927381 
  6.937500 
  6.923489 
  6.951511 
  6.939835 
  6.947619 
  6.927381 
  6.922711 
  6.921154 
  6.919597 
  6.908700 
  6.912592 
  6.934386 
  6.916484 
  6.929716 
  6.933608 
  6.928938 
  6.935943 
  6.949954 
  6.938278 
  6.935943 
  6.932830 
  6.905586 
  6.908700 
  6.925824 
  6.926603 
  6.941392 
  6.939835 
  6.933608 
  5.994093 
  6.907921 
  6.921932 
  6.900916 
  6.935165 
  6.922711 
  6.931273 
  6.911035 
  6.917262 
  6.902473 
  6.910256 
  6.915705 
  6.935165 
  6.911813 
  6.913370 
  6.920375 
  6.916484 
  6.898581 
  6.884570 
  6.876007 
  6.881456 
  6.892353 
  6.897024 
  6.907143 
  6.935943 
  6.919597 
  6.914148 
  6.912592 
  6.893910 
  6.889240 
  6.870559 
  6.876786 
  6.876786 
  6.890797 
  6.876786 
  6.890018 
  6.899359 
  6.924267 
  6.918040 
  6.919597 
  6.913370 
  6.910256 
  6.899359 
  6.884570 
  6.858883 
  6.869002 
  6.853434 
  6.868223 
  6.881456 
  6.862775 
  6.885348 
  6.904029 
  6.910256 
  6.922711 
  6.928159 
  6.920375 
  6.937500 
  6.922711 
  6.898581 
  6.893132 
  6.900137 
  6.893132 
  6.901694 
  6.902473 
  6.883791 
  6.879899 
  6.873672 
  6.891575 
  6.890018 
  6.907921 
  6.920375 
  6.911035 
  6.931273 
  6.910256 
  6.915705 
  6.916484 
  6.929716 
  6.924267 
  6.911813 
  6.917262 
  6.895467 
  6.881456 
  6.879121 
  6.872894 
  6.865110 
  6.869002 
  6.878342 
  6.872115 
  6.879899 
  6.881456 
  6.891575 
  6.890018 
  6.920375 
  6.936722 
  6.934386 
  6.941392 
  6.946841 
  6.932051 
  6.938278 
  6.921154 
  6.928938 
  6.945284 
  6.918040 
  6.876007 
  6.893910 
  6.902473 
  6.879121 
  6.892353 
  6.887683 
  6.887683 
  6.899359 
  6.900916 
  6.924267 
  6.917262 
  6.904029 
  6.921154 
  6.941392 
  6.946062 
  6.926603 
  6.949954 
  6.930495 
  6.953846 
  6.932051 
  6.939835 
  6.928938 
  6.932830 
  6.910256 
  6.896245 
  6.904808 
  6.900916 
  6.891575 
  6.900137 
  6.904029 
  6.908700 
  6.926603 
  6.912592 
  6.922711 
  6.942170 
  6.931273 
  6.948397 
  6.936722 
  6.932051 
  6.932051 
  6.918819 
  6.930495 
  6.917262 
  6.938278 
  6.923489 
  6.908700 
  6.914148 
  6.917262 
  6.923489 
  6.914148 
  6.921154 
  6.932830 
  6.946841 
  6.932051 
  6.930495 
  6.948397 
  6.969414 
  6.954625 
  6.967857 
  6.963965 
  6.972527 
  6.967079 
  6.960073 
  6.951511 
  6.953068 
  6.925824 
  6.943727 
  6.936722 
  6.919597 
  6.935943 
  6.930495 
  6.922711 
  6.918819 
  6.928159 
  6.932830 
  6.941392 
  6.950733 
  6.950733 
  6.956181 
  6.961630 
  6.948397 
  6.960073 
  6.959295 
  6.963965 
  6.959295 
  6.946841 
  6.956181 
  6.935943 
  6.943727 
  6.923489 
  6.944505 
  6.960073 
  6.967079 
  6.956960 
  6.965522 
  6.967857 
  6.993544 
  6.970192 
  6.959295 
  6.956960 
  6.946062 
  6.951511 
  6.956181 
  6.950733 
  6.977198 
  6.957738 
  6.941392 
  6.971749 
  6.970971 
  6.967079 
  6.986538 
  6.981090 
  6.983425 
  6.978755 
  6.966300 
  6.991987 
  7.032463 
  6.986538 
  6.986538 
  6.963965 
  6.969414 
  6.974084 
  6.980311 
  6.979533 
  6.974863 
  6.982647 
  6.980311 
  6.976419 
  7.009112 
  7.013782 
  6.989652 
  6.998214 
  6.965522 
  6.944505 
  6.941392 
  6.950733 
  6.976419 
  6.996658 
  6.993544 
  6.998993 
  6.960073 
  6.957738 
  6.994322 
  6.997436 
  6.991209 
  7.000549 
  6.991987 
  6.961630 
  6.954625 
  6.966300 
  6.972527 
  6.970971 
  6.984203 
  7.008333 
  7.001328 
  7.000549 
  7.019231 
  7.004441 
  6.983425 
  6.963965 
  6.947619 
  6.959295 
  6.973306 
  6.960852 
  6.953846 
  6.944505 
  6.950733 
  6.995879 
  6.988874 
  6.995101 
  7.021566 
  7.009890 
  7.005998 
  6.975641 
  6.983425 
  6.973306 
  6.948397 
  6.939057 
  6.957738 
  6.939057 
  6.939057 
  6.946841 
  6.954625 
  6.956181 
  6.978755 
  6.970971 
  6.972527 
  6.985760 
  6.989652 
  7.008333 
  6.960852 
  6.963965 
  6.993544 
  6.975641 
  6.962408 
  6.978755 
  6.974084 
  6.957738 
  6.934386 
  6.920375 
  6.950733 
  6.945284 
  6.963187 
  6.951511 
  6.946062 
  6.933608 
  6.948397 
  6.939057 
  6.959295 
  6.967079 
  6.981868 
  6.980311 
  6.974863 
  6.958516 
  6.974084 
  6.964744 
  6.966300 
  6.974084 
  6.976419 
  6.955403 
  6.953846 
  6.960073 
  6.953846 
  6.959295 
  6.973306 
  6.954625 
  6.942949 
  6.953068 
  6.972527 
  6.945284 
  6.957738 
  6.939057 
  6.971749 
  6.977976 
  6.946841 
  6.949954 
  6.965522 
  6.938278 
  6.932051 
  6.948397 
  6.925824 
  6.932830 
  6.933608 
  6.937500 
  6.921932 
  6.925824 
  6.922711 
  6.917262 
  6.925046 
  6.936722 
  6.939835 
  6.939835 
  6.952289 
  6.946841 
  6.952289 
  6.952289 
  6.969414 
  6.957738 
  6.946841 
  6.946062 
  6.931273 
  6.935943 
  6.929716 
  6.917262 
  6.909478 
  6.927381 
  6.905586 
  6.927381 
  6.938278 
  6.927381 
  6.929716 
  6.932830 
  6.928159 
  6.939835 
  6.953068 
  6.948397 
  6.922711 
  6.927381 
  6.942170 
  6.972527 
  6.921154 
  6.932051 
  6.935943 
  6.931273 
  6.944505 
  6.925824 
  6.928159 
  6.943727 
  6.912592 
  6.921154 
  6.933608 
  6.928938 
  6.936722 
  6.928159 
  6.921932 
  6.941392 
  6.920375 
  6.939835 
  6.926603 
  6.921932 
  6.907143 
  6.918819 
  6.914148 
  6.911035 
  6.928938 
  6.899359 
  6.914148 
  6.925824 
  6.942170 
  6.940614 
  6.944505 
  6.949176 
  6.950733 
  6.944505 
  6.942949 
  6.939835 
  6.941392 
  6.966300 
  6.925824 
  6.922711 
  6.925824 
  6.908700 
  6.913370 
  6.896245 
  6.908700 
  6.928938 
  6.893132 
  6.903251 
  6.908700 
  6.916484 
  6.925824 
  6.946841 
  6.931273 
  6.943727 
  6.924267 
  6.940614 
  6.924267 
  6.905586 
  6.917262 
  6.910256 
  6.918819 
  6.897024 
  6.902473 
  6.914148 
  6.886126 
  6.916484 
  6.907143 
  6.948397 
  6.935165 
  6.963965 
  6.945284 
  6.949176 
  6.943727 
  6.941392 
  6.918819 
  6.914927 
  6.901694 
  6.896245 
  6.908700 
  6.904029 
  6.928938 
  6.934386 
  6.948397 
  6.963965 
  6.963965 
  6.953846 
  6.907143 
  6.907143 
  6.905586 
  6.890797 
  6.913370 
  6.932830 
  6.935943 
  6.009661 
  6.929716 
  6.928159 
  6.884570 
  6.909478 
  6.915705 
  6.911813 
  6.927381 
  6.921154 
  6.935943 
  6.908700 
  6.888462 
  6.893910 
  6.882234 
  6.906364 
  6.907921 
  6.915705 
  6.914148 
  6.932051 
  6.892353 
  6.897024 
  6.886126 
  6.904808 
  6.892353 
  6.897802 
  6.886126 
  6.888462 
  6.890797 
  6.912592 
  6.912592 
  6.923489 
  6.905586 
  6.893910 
  6.895467 
  6.885348 
  6.902473 
  6.893132 
  6.897024 
  6.885348 
  6.878342 
  6.867445 
  6.876007 
  6.893910 
  6.886905 
  6.907921 
  6.909478 
  6.907921 
  6.910256 
  6.917262 
  6.911035 
  6.921154 
  6.903251 
  6.906364 
  6.880678 
  6.907921 
  6.876786 
  6.865110 
  6.863553 
  6.882234 
  6.893132 
  6.914927 
  6.909478 
  6.899359 
  6.907921 
  6.911035 
  6.932051 
  6.930495 
  6.927381 
  6.923489 
  6.928159 
  6.911813 
  6.893910 
  6.890018 
  6.897802 
  6.902473 
  6.910256 
  6.897024 
  6.891575 
  6.884570 
  6.881456 
  6.890797 
  6.867445 
  6.896245 
  6.900137 
  6.896245 
  6.893910 
  6.907921 
  6.889240 
  6.897802 
  6.890797 
  6.919597 
  6.921932 
  6.921154 
  6.931273 
  6.921932 
  6.909478 
  6.915705 
  6.904029 
  6.927381 
  6.917262 
  6.905586 
  6.884570 
  6.914148 
  6.914148 
  6.900137 
  6.916484 
  6.894689 
  6.907143 
  6.914148 
  6.914927 
  6.914927 
  6.911035 
  6.898581 
  6.923489 
  6.926603 
  6.909478 
  6.918040 
  6.932051 
  6.920375 
  6.942949 
  6.922711 
  6.937500 
  6.928159 
  6.942949 
  6.912592 
  6.905586 
  6.926603 
  6.896245 
  6.909478 
  6.910256 
  6.907921 
  6.925824 
  6.914927 
  6.910256 
  6.927381 
  6.927381 
  6.932051 
  6.935165 
  6.942949 
  6.914148 
  6.922711 
  6.922711 
  6.922711 
  6.924267 
  6.941392 
  6.921932 
  6.926603 
  6.917262 
  6.932051 
  6.930495 
  6.923489 
  6.931273 
  6.946062 
  6.944505 
  6.915705 
  6.933608 
  6.947619 
  6.949176 
  6.948397 
  6.959295 
  6.963965 
  6.968636 
  6.966300 
  6.965522 
  6.941392 
  6.948397 
  6.932830 
  6.948397 
  6.944505 
  6.928938 
  6.946841 
  6.928159 
  6.923489 
  6.926603 
  6.924267 
  6.925824 
  6.941392 
  6.936722 
  6.948397 
  6.941392 
  6.967857 
  6.946841 
  6.949954 
  6.954625 
  6.974084 
  6.962408 
  6.943727 
  6.942170 
  6.949954 
  6.932051 
  6.935943 
  6.956181 
  6.954625 
  6.953068 
  6.947619 
  6.943727 
  6.958516 
  6.962408 
  6.964744 
  6.951511 
  6.951511 
  6.953068 
  6.963187 
  6.973306 
  6.964744 
  6.967857 
  6.954625 
  6.973306 
  6.976419 
  6.967079 
  6.957738 
  6.963965 
  6.969414 
  6.960073 
  6.955403 
  6.963965 
  6.977198 
  6.998993 
  6.978755 
  6.978755 
  6.988874 
  6.983425 
  7.005998 
  6.971749 
  6.964744 
  6.972527 
  6.975641 
  6.960073 
  6.968636 
  6.982647 
  6.998993 
  6.984203 
  6.970192 
  6.991209 
  6.966300 
  6.965522 
  6.940614 
  6.962408 
  6.970971 
  6.967857 
  6.998993 
  6.991987 
  6.969414 
  6.975641 
  6.966300 
  7.005220 
  7.002106 
  6.998993 
  6.992766 
  6.948397 
  7.003663 
  7.018452 
  7.005998 
  6.985760 
  6.965522 
  6.934386 
  6.930495 
  6.926603 
  6.947619 
  6.967857 
  7.000549 
  7.027015 
  7.015339 
  7.005998 
  6.995101 
  6.970971 
  6.953846 
  6.929716 
  6.943727 
  6.937500 
  6.942949 
  6.983425 
  7.013004 
  7.022344 
  7.005998 
  6.997436 
  7.020788 
  7.023901 
  7.007555 
  6.990430 
  6.956181 
  6.944505 
  6.950733 
  6.952289 
  6.932830 
  6.949954 
  6.946841 
  6.954625 
  6.952289 
  6.975641 
  7.000549 
  6.998214 
  6.981090 
  7.009112 
  6.992766 
  6.988874 
  6.992766 
  6.963187 
  6.956960 
  6.962408 
  6.942170 
  6.940614 
  6.932830 
  6.925824 
  6.939835 
  6.934386 
  6.935165 
  6.950733 
  6.981090 
  6.955403 
  6.986538 
  6.989652 
  6.995879 
  6.992766 
  6.981090 
  6.991209 
  6.990430 
  7.018452 
  6.986538 
  6.975641 
  6.982647 
  6.953068 
  6.943727 
  6.945284 
  6.935165 
  6.945284 
  6.918040 
  6.927381 
  6.923489 
  6.922711 
  6.941392 
  6.951511 
  6.952289 
  6.963965 
  6.975641 
  6.982647 
  6.998993 
  6.999771 
  7.000549 
  7.013004 
  6.993544 
  6.981868 
  6.964744 
  6.976419 
  6.949954 
  6.942170 
  6.908700 
  6.932051 
  6.923489 
  6.899359 
  6.919597 
  6.937500 
  6.932051 
  6.925824 
  6.958516 
  6.957738 
  6.955403 
  6.978755 
  6.967857 
  6.950733 
  6.960073 
  6.959295 
  6.951511 
  6.930495 
  6.939835 
  6.931273 
  6.920375 
  6.921154 
  6.904029 
  6.904808 
  6.923489 
  6.932830 
  6.932051 
  6.921154 
  6.933608 
  6.932051 
  6.935943 
  6.963187 
  6.939057 
  6.960073 
  6.970192 
  6.943727 
  6.954625 
  6.968636 
  6.952289 
  6.939835 
  6.937500 
  6.927381 
  6.919597 
  6.930495 
  6.914148 
  6.899359 
  6.895467 
  6.913370 
  6.946062 
  6.907143 
  6.927381 
  6.936722 
  6.942170 
  6.959295 
  6.959295 
  6.978755 
  6.977198 
  6.961630 
  6.952289 
  6.973306 
  6.946841 
  6.937500 
  6.939057 
  6.921932 
  6.929716 
  6.899359 
  6.911813 
  6.890797 
  6.902473 
  6.890797 
  6.902473 
  6.910256 
  6.904029 
  6.925046 
  6.923489 
  6.935943 
  6.960852 
  6.963187 
  6.965522 
  6.991987 
  6.988095 
  6.968636 
  6.967079 
  6.957738 
  6.937500 
  6.932830 
  6.951511 
  6.915705 
  6.894689 
  6.907921 
  6.895467 
  6.887683 
  6.901694 
  6.893910 
  6.942170 
  6.910256 
  6.937500 
  6.946841 
  6.944505 
  6.949954 
  6.961630 
  6.959295 
  6.960852 
  6.940614 
  6.944505 
  6.925046 
  6.908700 
  6.906364 
  6.911813 
  6.895467 
  6.886905 
  6.889240 
  6.928159 
  6.904029 
  6.896245 
  6.933608 
  6.945284 
  6.977198 
  6.958516 
  6.970971 
  6.977198 
  6.963965 
  6.958516 
  6.927381 
  6.912592 
  6.916484 
  6.914148 
  6.888462 
  6.898581 
  6.908700 
  6.907921 
  6.947619 
  6.944505 
  6.973306 
  6.970971 
  6.969414 
  6.951511 
  6.960073 
  6.930495 
  6.919597 
  6.910256 
  6.910256 
  5.966071 
  6.900916 
  6.911813 
  6.923489 
  6.943727 
  6.946062 
  6.953846 
  6.942949 
  6.928159 
  6.897024 
  6.880678 
  6.890018 
  6.929716 
  6.953846 
  6.942949 
  6.900916 
  6.886126 
  6.944505 
  6.874451 
  6.884570 
  6.916484 
  6.930495 
  6.921154 
  6.932051 
  6.913370 
  6.907143 
  6.865888 
  6.869780 
  6.863553 
  6.871337 
  6.896245 
  6.918040 
  6.935165 
  6.939835 
  6.932830 
  6.944505 
  6.930495 
  6.901694 
  6.870559 
  6.870559 
  6.872894 
  6.857326 
  6.860440 
  6.890018 
  6.912592 
  6.924267 
  6.953068 
  6.921154 
  6.927381 
  6.924267 
  6.939057 
  6.920375 
  6.906364 
  6.873672 
  6.876786 
  6.871337 
  6.871337 
  6.880678 
  6.882234 
  6.906364 
  6.905586 
  6.921932 
  6.914927 
  6.913370 
  6.943727 
  6.913370 
  6.930495 
  6.903251 
  6.904029 
  6.898581 
  6.891575 
  6.890797 
  6.871337 
  6.874451 
  6.883013 
  6.876007 
  6.902473 
  6.896245 
  6.898581 
  6.894689 
  6.913370 
  6.925824 
  6.944505 
  6.926603 
  6.914927 
  6.907143 
  6.907921 
  6.910256 
  6.923489 
  6.913370 
  6.905586 
  6.917262 
  6.914148 
  6.894689 
  6.896245 
  6.900916 
  6.902473 
  6.932051 
  6.929716 
  6.924267 
  6.917262 
  6.913370 
  6.921932 
  6.921932 
  6.918819 
  6.894689 
  6.909478 
  6.890797 
  6.894689 
  6.894689 
  6.883013 
  6.897802 
  6.904808 
  6.912592 
  6.918040 
  6.948397 
  6.944505 
  6.932051 
  6.949176 
  6.936722 
  6.967079 
  6.953068 
  6.947619 
  6.922711 
  6.921932 
  6.945284 
  6.922711 
  6.925046 
  6.903251 
  6.902473 
  6.917262 
  6.904808 
  6.911813 
  6.894689 
  6.898581 
  6.925824 
  6.922711 
  6.927381 
  6.935165 
  6.950733 
  6.956181 
  6.962408 
  6.955403 
  6.974863 
  6.951511 
  6.970971 
  6.929716 
  6.906364 
  6.915705 
  6.878342 
  6.898581 
  6.891575 
  6.886905 
  6.921932 
  6.904808 
  6.902473 
  6.923489 
  6.942949 
  6.944505 
  6.949954 
  6.953068 
  6.936722 
  6.941392 
  6.945284 
  6.939057 
  6.932830 
  6.946062 
  6.918040 
  6.910256 
  6.906364 
  6.921932 
  6.910256 
  6.907143 
  6.936722 
  6.943727 
  6.944505 
  6.949954 
  6.956181 
  6.963965 
  6.981868 
  6.991209 
  7.000549 
  6.995101 
  6.995879 
  6.971749 
  6.967857 
  6.947619 
  6.942170 
  6.944505 
  6.935165 
  6.935165 
  6.910256 
  6.917262 
  6.927381 
  6.936722 
  6.954625 
  6.942170 
  6.986538 
  6.974084 
  6.984203 
  6.955403 
  6.964744 
  6.942949 
  6.934386 
  6.929716 
  6.947619 
  6.939835 
  6.953846 
  6.970192 
  6.979533 
  6.970971 
  6.958516 
  6.995101 
  6.973306 
  6.967857 
  6.955403 
  6.942170 
  6.939057 
  6.930495 
  6.947619 
  6.935165 
  6.944505 
  6.955403 
  6.956960 
  6.966300 
  6.984203 
  6.981868 
  6.972527 
  6.970971 
  6.986538 
  6.957738 
  6.938278 
  6.944505 
  6.956181 
  6.949954 
  6.958516 
  6.967857 
  7.009112 
  7.015339 
  7.013782 
  6.986538 
  6.950733 
  6.950733 
  6.944505 
  6.984203 
  7.006777 
  7.013004 
  6.990430 
  6.972527 
  6.954625 
  7.014560 
  6.990430 
  6.970971 
  6.988874 
  6.970192 
  6.985760 
  6.957738 
  6.966300 
  6.970192 
  6.975641 
  7.016117 
  6.988874 
  7.003663 
  6.995879 
  6.977976 
  6.948397 
  6.939835 
  6.955403 
  6.938278 
  6.942170 
  6.956960 
  6.968636 
  6.981090 
  6.981090 
  6.983425 
  7.000549 
  6.997436 
  6.991987 
  6.974863 
  6.964744 
  6.965522 
  6.941392 
  6.906364 
  6.944505 
  6.946062 
  6.950733 
  6.942949 
  6.973306 
  6.969414 
  6.980311 
  6.973306 
  6.966300 
  7.008333 
  7.003663 
  6.977976 
  6.980311 
  6.977198 
  6.988874 
  6.967857 
  6.946062 
  6.960073 
  6.946841 
  6.949176 
  6.920375 
  6.929716 
  6.921154 
  6.933608 
  6.940614 
  6.973306 
  6.955403 
  6.975641 
  6.975641 
  6.977976 
  7.002885 
  6.992766 
  6.988874 
  6.986538 
  6.993544 
  6.969414 
  6.948397 
  6.960073 
  6.954625 
  6.933608 
  6.922711 
  6.948397 
  6.919597 
  6.919597 
  6.932830 
  6.936722 
  6.928159 
  6.944505 
  6.952289 
  6.959295 
  6.956181 
  6.970192 
  6.962408 
  6.967079 
  6.948397 
  6.952289 
  6.943727 
  6.941392 
  6.931273 
  6.925824 
  6.918819 
  6.906364 
  6.936722 
  6.909478 
  6.935165 
  6.952289 
  6.951511 
  6.970971 
  6.940614 
  6.949954 
  6.969414 
  6.958516 
  6.942170 
  6.959295 
  6.955403 
  6.949954 
  6.962408 
  6.951511 
  6.942949 
  6.939835 
  6.930495 
  6.937500 
  6.933608 
  6.925046 
  6.922711 
  6.920375 
  6.915705 
  6.932830 
  6.941392 
  6.933608 
  6.946841 
  6.945284 
  6.939835 
  6.963965 
  6.950733 
  6.949176 
  6.966300 
  6.954625 
  6.944505 
  6.949176 
  6.941392 
  6.933608 
  6.936722 
  6.927381 
  6.921932 
  6.932051 
  6.928938 
  6.912592 
  6.926603 
  6.920375 
  6.911813 
  6.924267 
  6.918040 
  6.930495 
  6.942949 
  6.934386 
  6.944505 
  6.963187 
  6.953846 
  6.976419 
  6.981090 
  6.948397 
  6.962408 
  6.950733 
  6.949176 
  6.929716 
  6.956960 
  6.939057 
  6.926603 
  6.921932 
  6.928159 
  6.902473 
  6.916484 
  6.918040 
  6.936722 
  6.930495 
  6.943727 
  6.934386 
  6.942170 
  6.940614 
  6.947619 
  6.949954 
  6.951511 
  6.930495 
  6.946062 
  6.942170 
  6.926603 
  6.936722 
  6.934386 
  6.931273 
  6.912592 
  6.913370 
  6.939057 
  6.907143 
  6.907921 
  6.911035 
  6.919597 
  6.961630 
  6.943727 
  6.951511 
  6.967079 
  6.980311 
  6.976419 
  6.948397 
  6.946841 
  6.956181 
  6.930495 
  6.925046 
  6.919597 
  6.916484 
  6.909478 
  6.925824 
  6.935165 
  6.942170 
  6.969414 
  6.945284 
  6.953846 
  6.977198 
  6.974084 
  6.957738 
  6.953068 
  6.956181 
  6.932051 
  6.949176 
  6.930495 
  6.933608 
  6.904808 
  6.926603 
  6.931273 
  6.957738 
  6.952289 
  6.961630 
  6.945284 
  6.958516 
  6.950733 
  6.959295 
  6.946841 
  6.937500 
  6.938278 
  6.920375 
  6.904029 
  6.899359 
  6.921154 
  6.928159 
  6.935165 
  6.960073 
  6.942949 
  6.935943 
  6.914148 
  6.911035 
  6.937500 
  6.939835 
  6.944505 
  6.931273 
  6.952289 
  6.888462 
  6.938278 
  6.918819 
  6.931273 
  6.922711 
  6.928159 
  6.937500 
  6.920375 
  6.887683 
  6.899359 
  6.901694 
  6.926603 
  6.929716 
  6.929716 
  6.903251 
  6.916484 
  6.898581 
  6.908700 
  6.921154 
  6.934386 
  6.957738 
  6.939057 
  6.938278 
  6.921154 
  6.918040 
  6.890797 
  6.897802 
  6.907921 
  6.887683 
  6.934386 
  6.933608 
  6.949176 
  6.941392 
  6.942949 
  6.941392 
  6.918819 
  6.928159 
  6.911813 
  6.905586 
  6.900137 
  6.889240 
  6.900137 
  6.908700 
  6.911813 
  6.923489 
  6.956960 
  6.945284 
  6.936722 
  6.928159 
  6.924267 
  6.918040 
  6.894689 
  6.891575 
  6.890018 
  6.883791 
  6.888462 
  6.887683 
  6.900916 
  6.935943 
  6.928159 
  6.935165 
  6.945284 
  6.933608 
  6.918819 
  6.911813 
  6.909478 
  6.890797 
  6.858104 
  6.867445 
  6.880678 
  6.877564 
  6.885348 
  6.890797 
  6.911035 
  6.928938 
  6.933608 
  6.921154 
  6.943727 
  6.939835 
  6.917262 
  6.907921 
  6.912592 
  6.917262 
  6.904029 
  6.893132 
  6.880678 
  6.881456 
  6.877564 
  6.888462 
  6.891575 
  6.925824 
  6.932830 
  6.937500 
  6.940614 
  6.932830 
  6.932051 
  6.935943 
  6.935165 
  6.939057 
  6.931273 
  6.911813 
  6.895467 
  6.886905 
  6.886905 
  6.870559 
  6.877564 
  6.881456 
  6.866667 
  6.894689 
  6.908700 
  6.895467 
  6.921932 
  6.916484 
  6.947619 
  6.962408 
  6.937500 
  6.954625 
  6.949176 
  6.944505 
  6.926603 
  6.904808 
  6.925046 
  6.901694 
  6.892353 
  6.869780 
  6.890018 
  6.918819 
  6.906364 
  6.914927 
  6.916484 
  6.928159 
  6.932051 
  6.942170 
  6.953846 
  6.935165 
  6.932830 
  6.931273 
  6.920375 
  6.932051 
  6.918040 
  6.925046 
  6.916484 
  6.913370 
  6.911035 
  6.933608 
  6.941392 
  6.944505 
  6.919597 
  6.919597 
  6.917262 
  6.926603 
  6.937500 
  6.941392 
  6.933608 
  6.921932 
  6.930495 
  6.929716 
  6.919597 
  6.921154 
  6.916484 
  6.922711 
  6.938278 
  6.931273 
  6.908700 
  6.910256 
  6.925046 
  6.928938 
  6.942170 
  6.930495 
  6.925824 
  6.933608 
  6.953068 
  6.955403 
  6.932051 
  6.956181 
  6.944505 
  6.936722 
  6.939835 
  6.953846 
  6.935943 
  6.936722 
  6.967857 
  6.943727 
  6.958516 
  6.959295 
  6.953068 
  6.936722 
  6.953846 
  6.929716 
  6.953846 
  6.935165 
  6.949176 
  6.950733 
  6.956960 
  6.949176 
  6.953846 
  6.945284 
  6.935165 
  6.931273 
  6.942170 
  6.958516 
  6.943727 
  6.933608 
  6.947619 
  6.963965 
  6.957738 
  6.976419 
  6.953068 
  6.966300 
  6.958516 
  6.977976 
  6.960852 
  6.958516 
  6.958516 
  6.957738 
  6.953068 
  6.956181 
  6.951511 
  6.942949 
  6.956181 
  6.956181 
  6.952289 
  6.947619 
  6.963965 
  6.967079 
  6.959295 
  6.974863 
  6.983425 
  6.962408 
  6.963965 
  6.975641 
  6.960852 
  6.949176 
  6.963187 
  6.960852 
  6.946841 
  6.952289 
  6.928159 
  6.966300 
  6.972527 
  6.977976 
  6.970971 
  6.981868 
  6.982647 
  6.988095 
  6.977976 
  6.987317 
  6.977198 
  6.960852 
  6.952289 
  6.956181 
  6.967857 
  6.966300 
  6.966300 
  6.974863 
  6.955403 
  6.976419 
  6.956181 
  6.958516 
  6.954625 
  6.952289 
  6.946841 
  6.972527 
  6.980311 
  6.955403 
  6.961630 
  6.967857 
  6.970971 
  6.958516 
  6.991209 
  6.977976 
  7.002106 
  6.975641 
  6.985760 
  6.967079 
  6.975641 
  6.966300 
  6.968636 
  6.968636 
  6.950733 
  6.954625 
  6.876786 
  6.895467 
  6.977976 
  6.981090 
  6.975641 
  6.976419 
  6.983425 
  6.976419 
  6.984982 
  6.967079 
  6.964744 
  6.960852 
  6.981868 
  6.975641 
  6.955403 
  6.960073 
  6.961630 
  6.980311 
  6.973306 
  6.972527 
  6.984982 
  6.975641 
  6.967857 
  6.942949 
  6.948397 
  6.961630 
  6.976419 
  6.970971 
  6.984203 
  6.985760 
  6.974084 
  6.971749 
  6.978755 
  6.956181 
  6.945284 
  6.953846 
  6.947619 
  6.952289 
  6.975641 
  6.970971 
  6.971749 
  6.977198 
  6.964744 
  6.993544 
  6.975641 
  6.956960 
  6.957738 
  6.947619 
  6.957738 
  6.975641 
  6.977198 
  6.981868 
  6.984203 
  6.977976 
  6.963965 
  6.974084 
  6.964744 
  6.959295 
  6.972527 
  6.971749 
  6.967079 
  6.960073 
  6.968636 
  6.989652 
  7.002885 
  6.997436 
  6.982647 
  6.995101 
  6.995101 
  6.972527 
  6.992766 
  7.005998 
  7.005220 
  6.999771 
  6.977976 
  6.987317 
  7.024679 
  6.971749 
  6.978755 
  7.005220 
  6.977198 
  6.974084 
  6.962408 
  6.989652 
  6.952289 
  6.966300 
  6.992766 
  6.962408 
  6.946062 
  6.983425 
  6.963965 
  6.960073 
  6.982647 
  6.974084 
  6.984203 
  6.969414 
  6.980311 
  6.970192 
  6.956960 
  6.952289 
  6.967079 
  6.967079 
  6.955403 
  6.965522 
  6.978755 
  6.953846 
  6.982647 
  6.969414 
  6.985760 
  6.970971 
  6.966300 
  6.960073 
  6.956960 
  6.945284 
  6.984203 
  6.990430 
  6.970971 
  6.962408 
  6.953846 
  6.956960 
  6.976419 
  6.993544 
  6.985760 
  6.961630 
  6.953068 
  6.954625 
  6.976419 
  6.966300 
  6.995879 
  6.990430 
  6.963965 
  6.939835 
  6.942949 
  6.949954 
  6.988874 
  6.997436 
  6.985760 
  6.995879 
  6.970192 
  6.950733 
  6.960852 
  6.972527 
  6.964744 
  6.942170 
  6.974084 
  6.981868 
  6.956960 
  6.868223 
  6.971749 
  6.929716 
  6.961630 
  6.938278 
  6.997436 
  6.961630 
  6.951511 
  6.978755 
  6.970971 
  6.942949 
  6.980311 
  6.951511 
  6.969414 
  6.956960 
  6.939835 
  6.979533 
  6.955403 
  6.960852 
  6.976419 
  6.982647 
  6.957738 
  6.947619 
  6.986538 
  6.975641 
  6.965522 
  6.972527 
  6.980311 
  6.970971 
  6.984203 
  6.995879 
  6.969414 
  6.973306 
  6.949176 
  6.975641 
  6.970192 
  6.995101 
  6.993544 
  6.984982 
  6.975641 
  6.967079 
  6.978755 
  6.979533 
  6.976419 
  6.975641 
  6.956960 
  6.938278 
  6.963965 
  6.982647 
  6.986538 
  6.961630 
  6.965522 
  6.963187 
  6.932051 
  6.946841 
  6.962408 
  6.978755 
  6.977976 
  6.973306 
  6.982647 
  6.953068 
  6.960852 
  6.946841 
  6.945284 
  6.958516 
  6.955403 
  6.952289 
  6.969414 
  6.960073 
  6.954625 
  6.943727 
  6.946062 
  6.944505 
  6.933608 
  6.938278 
  6.958516 
  6.968636 
  6.938278 
  6.952289 
  6.937500 
  6.938278 
  6.921154 
  6.943727 
  6.942170 
  6.941392 
  6.952289 
  6.949176 
  6.946062 
  6.935943 
  6.965522 
  6.910256 
  6.918040 
  6.912592 
  6.929716 
  6.926603 
  6.921932 
  6.916484 
  6.926603 
  6.920375 
  6.926603 
  6.905586 
  6.917262 
  6.941392 
  6.929716 
  6.932830 
  6.941392 
  6.914148 
  6.924267 
  6.935165 
  6.931273 
  6.935943 
  6.928159 
  6.946062 
  6.918040 
  6.912592 
  6.907143 
  6.921932 
  6.928159 
  6.945284 
  6.928159 
  6.940614 
  6.951511 
  6.949954 
  6.939057 
  6.932051 
  6.944505 
  6.911813 
  6.918040 
  6.927381 
  6.957738 
  6.974863 
  6.963187 
  6.941392 
  6.950733 
  6.948397 
  6.938278 
  6.935165 
  6.951511 
  6.925046 
  6.953068 
  6.935943 
  6.942170 
  6.949176 
  6.984982 
  6.969414 
  6.957738 
  6.973306 
  6.947619 
  6.933608 
  6.927381 
  6.918040 
  6.920375 
  6.926603 
  6.942170 
  6.955403 
  6.939835 
  6.956960 
  6.944505 
  6.957738 
  6.982647 
  6.972527 
  6.977198 
  6.960852 
  6.970192 
  6.939057 
  6.934386 
  6.938278 
  6.949176 
  6.938278 
  6.942949 
  6.953846 
  6.958516 
  6.865110 
  6.955403 
  6.991987 
  6.972527 
  6.964744 
  6.966300 
  6.960852 
  6.970192 
  6.949954 
  6.949176 
  6.966300 
  6.958516 
  6.953846 
  6.964744 
  6.961630 
  6.972527 
  6.981868 
  6.974863 
  6.980311 
  6.987317 
  6.960852 
  6.969414 
  6.949954 
  6.939835 
  6.936722 
  6.976419 
  6.971749 
  6.980311 
  6.988874 
  6.988874 
  6.975641 
  6.973306 
  6.949176 
  6.956181 
  6.947619 
  6.954625 
  6.954625 
  6.985760 
  6.982647 
  6.983425 
  6.977976 
  6.970192 
  6.981090 
  6.952289 
  6.944505 
  6.969414 
  6.961630 
  6.973306 
  6.990430 
  6.988874 
  6.970192 
  6.958516 
  6.982647 
  6.998993 
  7.021566 
  6.960852 
  6.969414 
  6.977976 
  7.013782 
  7.000549 
  6.998214 
  6.984203 
  6.972527 
  6.955403 
  6.984203 
  6.977976 
  6.977976 
  7.007555 
  7.004441 
  6.995101 
  7.000549 
  6.979533 
  6.972527 
  6.984982 
  6.998993 
  6.982647 
  6.986538 
  6.998993 
  6.995879 
  6.992766 
  7.005998 
  6.984203 
  6.999771 
  6.991987 
  7.019231 
  6.981090 
  6.977976 
  6.975641 
  6.971749 
  6.979533 
  6.988095 
  6.958516 
  6.967857 
  6.986538 
  6.991209 
  6.995879 
  6.988095 
  7.001328 
  6.995101 
  6.998993 
  6.978755 
  7.005220 
  6.985760 
  6.987317 
  6.923489 
  6.853434 
  6.971749 
  6.978755 
  6.993544 
  6.967079 
  6.979533 
  6.984203 
  6.972527 
  6.999771 
  6.995879 
  6.989652 
  6.999771 
  7.006777 
  7.013782 
  6.984203 
  6.987317 
  6.976419 
  6.969414 
  6.984982 
  6.971749 
  6.965522 
  6.957738 
  6.963187 
  6.935165 
  6.956181 
  6.970192 
  6.963187 
  6.987317 
  6.995879 
  6.988095 
  6.984982 
  6.977198 
  6.982647 
  6.988874 
  6.974863 
  6.998993 
  6.986538 
  6.983425 
  6.981868 
  6.970971 
  6.958516 
  6.956960 
  7.001328 
  6.962408 
  6.947619 
  6.932051 
  6.947619 
  6.971749 
  6.969414 
  6.973306 
  6.984203 
  6.986538 
  6.967079 
  6.949954 
  6.986538 
  6.981868 
  6.956181 
  6.956960 
  6.946841 
  6.950733 
  6.958516 
  6.968636 
  6.939835 
  6.945284 
  6.949954 
  6.953068 
  6.970971 
  6.943727 
  6.949176 
  6.960073 
  6.960073 
  6.942170 
  6.950733 
  6.959295 
  6.966300 
  6.951511 
  6.963965 
  6.946062 
  6.955403 
  6.956960 
  6.961630 
  6.958516 
  6.938278 
  6.948397 
  6.942170 
  6.944505 
  6.927381 
  6.942949 
  6.942949 
  6.932051 
  6.924267 
  6.933608 
  6.937500 
  6.952289 
  6.939835 
  6.945284 
  6.967857 
  6.953068 
  6.967079 
  6.937500 
  6.953068 
  6.948397 
  6.942170 
  6.928159 
  6.914927 
  6.938278 
  6.914927 
  6.930495 
  6.953846 
  6.928159 
  6.944505 
  6.943727 
  6.944505 
  6.947619 
  6.926603 
  6.946841 
  6.925046 
  6.918040 
  6.897802 
  6.872115 
  6.895467 
  6.899359 
  6.910256 
  6.914148 
  6.921154 
  6.921154 
  6.923489 
  6.942949 
  6.939057 
  6.933608 
  6.919597 
  6.917262 
  6.921154 
  6.882234 
  6.917262 
  6.907921 
  6.893910 
  6.915705 
  6.915705 
  6.921154 
  6.930495 
  6.928159 
  6.913370 
  6.930495 
  6.913370 
  6.921932 
  6.883013 
  6.896245 
  6.911813 
  6.915705 
  6.901694 
  6.889240 
  6.904808 
  6.898581 
  6.883013 
  6.897024 
  6.916484 
  6.912592 
  6.899359 
  6.880678 
  6.907143 
  6.891575 
  6.883013 
  6.878342 
  6.878342 
  6.899359 
  6.893910 
  6.913370 
  6.894689 
  6.908700 
  6.876007 
  6.875229 
  6.888462 
  6.888462 
  6.868223 
  6.880678 
  6.892353 
  6.884570 
  6.900137 
  6.909478 
  6.900137 
  6.904808 
  6.906364 
  6.896245 
  6.909478 
  6.885348 
  6.875229 
  6.885348 
  6.902473 
  6.876007 
  6.880678 
  6.884570 
  6.896245 
  6.881456 
  6.879121 
  6.906364 
  6.925046 
  6.910256 
  6.904808 
  6.927381 
  6.923489 
  6.908700 
  6.902473 
  6.900137 
  6.914148 
  6.890797 
  6.907143 
  6.916484 
  6.893132 
  6.935943 
  6.931273 
  6.914148 
  6.934386 
  6.934386 
  6.949176 
  6.953846 
  6.955403 
  6.934386 
  6.935943 
  6.931273 
  6.930495 
  6.925046 
  6.902473 
  6.914148 
  6.925046 
  6.921932 
  6.920375 
  6.907143 
  6.912592 
  6.922711 
  6.936722 
  6.918040 
  6.927381 
  6.939835 
  6.927381 
  6.932051 
  6.961630 
  6.946062 
  6.923489 
  6.931273 
  6.942949 
  6.935165 
  6.930495 
  6.935943 
  6.949954 
  6.939835 
  6.951511 
  6.941392 
  6.933608 
  6.942170 
  6.922711 
  6.930495 
  6.938278 
  6.934386 
  6.932051 
  6.926603 
  6.928159 
  6.942949 
  6.956960 
  6.948397 
  6.953846 
  6.960073 
  6.969414 
  6.963187 
  6.955403 
  6.969414 
  6.964744 
  6.958516 
  6.931273 
  6.932051 
  6.939835 
  6.947619 
  6.959295 
  6.949954 
  6.949176 
  6.946062 
  6.938278 
  6.949176 
  6.968636 
  6.933608 
  6.953846 
  6.959295 
  6.970971 
  6.984982 
  6.981090 
  6.985760 
  6.976419 
  6.974863 
  6.963187 
  6.942170 
  6.949176 
  6.945284 
  6.929716 
  6.925046 
  6.942170 
  6.938278 
  6.942170 
  6.943727 
  6.941392 
  6.946062 
  6.947619 
  6.954625 
  6.988095 
  6.984982 
  7.002106 
  6.981090 
  6.988874 
  6.968636 
  6.980311 
  6.958516 
  6.955403 
  6.970971 
  6.868223 
  6.844093 
  6.944505 
  6.946062 
  6.954625 
  6.942170 
  6.952289 
  6.963965 
  6.979533 
  6.974084 
  6.977198 
  7.030907 
  7.012225 
  6.988095 
  6.981868 
  6.983425 
  6.989652 
  6.985760 
  6.967857 
  6.953846 
  6.949954 
  6.958516 
  6.942949 
  6.957738 
  6.948397 
  6.944505 
  6.976419 
  6.981868 
  6.998214 
  7.005998 
  7.007555 
  7.002885 
  6.995101 
  7.009112 
  6.984203 
  6.975641 
  6.970192 
  6.961630 
  6.974863 
  6.965522 
  6.955403 
  6.956181 
  6.949954 
  6.956960 
  6.977976 
  6.997436 
  6.998993 
  6.989652 
  6.990430 
  7.009890 
  6.993544 
  6.998214 
  6.960073 
  6.950733 
  6.953068 
  6.956960 
  6.962408 
  6.970192 
  6.987317 
  6.992766 
  7.023123 
  7.026236 
  7.008333 
  7.008333 
  6.986538 
  6.987317 
  6.976419 
  6.970192 
  6.985760 
  7.005220 
  7.025458 
  7.045696 
  7.018452 
  7.037134 
  7.024679 
  6.999771 
  7.009890 
  6.998993 
  7.018452 
  6.975641 
  7.023901 
  7.026236 
  7.005220 
  6.998214 
  6.989652 
  6.994322 
  6.998993 
  7.010668 
  7.002106 
  6.990430 
  7.004441 
  7.007555 
  7.001328 
  6.979533 
  6.970971 
  6.977198 
  6.982647 
  7.013782 
  6.988095 
  7.002106 
  6.989652 
  7.007555 
  6.996658 
  7.005998 
  6.988874 
  6.986538 
  6.965522 
  6.991987 
  6.976419 
  6.994322 
  6.971749 
  6.968636 
  6.988874 
  6.988095 
  6.999771 
  7.009112 
  6.995101 
  7.006777 
  7.002106 
  6.993544 
  6.996658 
  6.990430 
  6.987317 
  6.976419 
  6.998214 
  6.981868 
  6.978755 
  6.975641 
  6.998993 
  6.978755 
  6.972527 
  6.981868 
  6.989652 
  6.995101 
  6.988095 
  7.014560 
  6.972527 
  6.996658 
  6.985760 
  6.988095 
  6.991987 
  6.997436 
  6.978755 
  7.006777 
  7.015339 
  6.951511 
  6.960852 
  6.985760 
  6.974084 
  6.980311 
  6.984203 
  6.977976 
  6.991987 
  6.986538 
  6.881456 
  6.973306 
  6.988874 
  6.975641 
  6.981090 
  7.004441 
  6.980311 
  6.969414 
  6.978755 
  6.989652 
  6.983425 
  6.981868 
  6.959295 
  6.974084 
  6.986538 
  6.972527 
  6.985760 
  6.992766 
  6.973306 
  6.981090 
  6.978755 
  6.973306 
  6.977976 
  6.972527 
  6.969414 
  6.956960 
  6.968636 
  6.951511 
  6.964744 
  6.995879 
  6.967857 
  6.954625 
  6.958516 
  6.972527 
  6.964744 
  6.977198 
  6.985760 
  6.985760 
  6.972527 
  6.995879 
  6.987317 
  6.996658 
  6.977976 
  6.987317 
  6.956960 
  6.965522 
  6.966300 
  6.954625 
  6.949176 
  6.942949 
  6.946062 
  6.954625 
  6.950733 
  6.950733 
  6.959295 
  6.967079 
  6.960073 
  6.962408 
  6.970971 
  6.955403 
  6.985760 
  6.974863 
  6.970192 
  6.974863 
  6.974084 
  6.960852 
  6.995879 
  6.963965 
  6.956181 
  6.954625 
  6.955403 
  6.938278 
  6.933608 
  6.923489 
  6.939835 
  6.921154 
  6.925824 
  6.926603 
  6.942949 
  6.953846 
  6.954625 
  6.965522 
  6.966300 
  6.985760 
  6.987317 
  6.991987 
  6.959295 
  6.962408 
  6.967079 
  6.953068 
  6.963965 
  6.950733 
  6.921932 
  6.921932 
  6.918040 
  6.932830 
  6.925046 
  6.930495 
  6.942170 
  6.956960 
  6.967857 
  6.956960 
  6.963965 
  6.982647 
  6.975641 
  6.988095 
  6.960073 
  6.960852 
  6.935943 
  6.915705 
  6.925046 
  6.921932 
  6.904029 
  6.909478 
  6.911035 
  6.933608 
  6.904029 
  6.931273 
  6.931273 
  6.930495 
  6.934386 
  6.935943 
  6.939835 
  6.959295 
  6.940614 
  6.936722 
  6.914148 
  6.921154 
  6.904029 
  6.900916 
  6.915705 
  6.914927 
  6.942170 
  6.921154 
  6.936722 
  6.960852 
  6.949954 
  6.928159 
  6.943727 
  6.941392 
  6.953068 
  6.918040 
  6.948397 
  6.898581 
  6.911035 
  6.921154 
  6.930495 
  6.913370 
  6.936722 
  6.922711 
  6.934386 
  6.937500 
  6.918040 
  6.922711 
  6.916484 
  6.912592 
  6.935165 
  6.936722 
  6.928938 
  6.932051 
  6.956181 
  6.947619 
  6.942949 
  6.942949 
  6.914148 
  6.897802 
  6.897802 
  6.883013 
  6.918819 
  6.913370 
  6.935165 
  6.917262 
  6.921154 
  6.902473 
  6.889240 
  6.870559 
  6.886126 
  6.894689 
  6.922711 
  6.911035 
  6.875229 
  6.876786 
  6.903251 
  6.902473 
  6.923489 
  6.918040 
  6.915705 
  6.907143 
  6.893132 
  6.878342 
  6.907921 
  6.888462 
  6.904808 
  6.906364 
  6.916484 
  6.936722 
  6.919597 
  6.932830 
  6.932830 
  6.911035 
  6.907921 
  6.900137 
  6.884570 
  6.874451 
  6.901694 
  6.879899 
  6.890018 
  6.906364 
  6.911035 
  6.911035 
  6.914927 
  6.936722 
  6.935165 
  6.934386 
  6.917262 
  6.922711 
  6.917262 
  6.907921 
  6.893910 
  6.902473 
  6.886126 
  6.869002 
  6.904808 
  6.888462 
  6.904808 
  6.888462 
  6.913370 
  6.938278 
  6.929716 
  6.951511 
  6.960852 
  6.939835 
  6.928938 
  6.907921 
  6.881456 
  6.886905 
  6.888462 
  6.890797 
  6.882234 
  6.869002 
  6.893132 
  6.906364 
  6.896245 
  6.906364 
  6.928159 
  6.935943 
  6.931273 
  6.939057 
  6.930495 
  6.948397 
  6.936722 
  6.935943 
  6.939057 
  6.938278 
  6.919597 
  6.925824 
  6.911813 
  6.914927 
  6.918040 
  6.918819 
  6.929716 
  6.916484 
  6.921154 
  6.915705 
  6.942170 
  6.915705 
  6.932051 
  6.935165 
  6.948397 
  6.975641 
  6.951511 
  6.956181 
  6.949954 
  6.949176 
  6.930495 
  6.941392 
  6.937500 
  6.924267 
  6.918040 
  6.938278 
  6.923489 
  6.928159 
  6.936722 
  6.948397 
  6.962408 
  6.953068 
  6.988874 
  6.964744 
  6.970971 
  6.963187 
  6.959295 
  6.959295 
  6.944505 
  6.930495 
  6.933608 
  6.942170 
  6.927381 
  6.922711 
  6.922711 
  6.933608 
  6.944505 
  6.960852 
  6.964744 
  6.968636 
  6.968636 
  6.995879 
  6.993544 
  6.993544 
  6.991209 
  6.997436 
  6.961630 
  6.939835 
  6.949176 
  6.933608 
  6.950733 
  6.949954 
  6.941392 
  6.930495 
  6.942949 
  6.959295 
  6.951511 
  6.957738 
  6.963965 
  6.986538 
  6.998993 
  6.995879 
  6.992766 
  6.998993 
  7.002106 
  6.967857 
  6.981868 
  6.953068 
  6.935943 
  6.952289 
  6.935165 
  6.924267 
  6.925046 
  6.950733 
  6.960852 
  6.960852 
  6.969414 
  6.988874 
  6.988874 
  7.002885 
  6.999771 
  7.006777 
  6.999771 
  7.006777 
  6.988095 
  6.979533 
  6.955403 
  6.967857 
  6.939835 
  6.939057 
  6.948397 
  6.940614 
  6.833974 
  6.961630 
  6.985760 
  6.990430 
  6.992766 
  6.998993 
  7.007555 
  7.014560 
  7.011447 
  6.982647 
  7.008333 
  6.991987 
  6.959295 
  6.935943 
  6.933608 
  6.946841 
  6.931273 
  6.945284 
  6.958516 
  6.995101 
  6.999771 
  7.005998 
  6.994322 
  6.991209 
  6.979533 
  6.972527 
  6.957738 
  6.960852 
  6.960073 
  6.944505 
  6.941392 
  6.963187 
  6.964744 
  6.987317 
  6.981090 
  6.992766 
  6.988095 
  7.006777 
  6.991209 
  6.986538 
  6.977976 
  6.959295 
  6.963187 
  6.946841 
  6.958516 
  6.978755 
  7.001328 
  6.993544 
  6.995101 
  7.005998 
  6.977976 
  6.969414 
  6.943727 
  6.973306 
  6.970192 
  6.993544 
  7.004441 
  7.013782 
  6.990430 
  6.984203 
  6.956181 
  6.980311 
  7.005998 
  7.007555 
  6.993544 
  6.988874 
  7.001328 
  7.025458 
  6.998214 
  6.995879 
  6.980311 
  6.970971 
  6.974084 
  6.970971 
  6.977976 
  6.974863 
  6.995879 
  6.990430 
  7.009112 
  6.996658 
  7.005998 
  6.996658 
  6.985760 
  6.982647 
  6.993544 
  6.982647 
  6.985760 
  6.966300 
  6.995101 
  6.989652 
  6.970192 
  7.001328 
  6.977976 
  7.000549 
  6.972527 
  6.998993 
  6.995879 
  7.001328 
  6.991209 
  6.974084 
  6.960073 
  6.972527 
  6.986538 
  6.981868 
  6.966300 
  6.976419 
  6.960073 
  6.979533 
  6.953846 
  6.976419 
  6.988874 
  6.976419 
  6.983425 
  6.997436 
  7.008333 
  6.990430 
  6.975641 
  6.977976 
  6.998214 
  6.973306 
  6.984203 
  7.004441 
  6.980311 
  6.996658 
  6.968636 
  6.872894 
  6.974863 
  6.979533 
  6.976419 
  6.976419 
  6.977976 
  6.976419 
  6.960852 
  6.977976 
  6.999771 
  6.987317 
  6.979533 
  6.973306 
  6.983425 
  6.988874 
  6.993544 
  7.001328 
  7.005220 
  6.988095 
  6.993544 
  6.972527 
  6.983425 
  6.978755 
  6.959295 
  6.963187 
  6.963187 
  6.953846 
  6.946841 
  6.968636 
  6.974084 
  6.960852 
  6.968636 
  6.973306 
  6.968636 
  6.977976 
  7.006777 
  6.991987 
  7.000549 
  6.988095 
  6.998993 
  6.998993 
  7.002106 
  6.995879 
  6.981090 
  6.958516 
  6.946841 
  6.939835 
  6.956960 
  6.949176 
  6.939057 
  6.949954 
  6.970971 
  6.955403 
  6.953846 
  6.984982 
  6.976419 
  6.979533 
  6.998214 
  6.988874 
  6.969414 
  6.981868 
  6.994322 
  6.988874 
  6.957738 
  6.959295 
  6.974084 
  6.970971 
  6.948397 
  6.940614 
  6.946062 
  6.935165 
  6.925824 
  6.938278 
  6.921154 
  6.942170 
  6.928938 
  6.949176 
  6.947619 
  6.948397 
  6.955403 
  6.977198 
  6.973306 
  6.995101 
  6.990430 
  6.984203 
  6.990430 
  6.958516 
  6.960852 
  6.958516 
  6.938278 
  6.935943 
  6.960852 
  6.923489 
  6.918819 
  6.931273 
  6.921932 
  6.942949 
  6.935943 
  6.955403 
  6.967857 
  6.975641 
  6.971749 
  6.978755 
  6.984982 
  6.982647 
  6.990430 
  6.957738 
  6.963187 
  6.928938 
  6.924267 
  6.929716 
  6.911813 
  6.907921 
  6.903251 
  6.907921 
  6.921932 
  6.918819 
  6.952289 
  6.948397 
  6.953846 
  6.946062 
  6.949954 
  6.949176 
  6.960073 
  6.950733 
  6.930495 
  6.930495 
  6.915705 
  6.918040 
  6.891575 
  6.907921 
  6.913370 
  6.939057 
  6.913370 
  6.935165 
  6.963965 
  6.952289 
  6.937500 
  6.956181 
  6.956960 
  6.939057 
  6.945284 
  6.932051 
  6.925046 
  6.907143 
  6.914927 
  6.934386 
  6.911813 
  6.935943 
  6.926603 
  6.942170 
  6.949176 
  6.935165 
  6.923489 
  6.930495 
  6.942170 
  6.919597 
  6.963187 
  6.929716 
  6.932051 
  6.953068 
  6.935943 
  6.949176 
  6.929716 
  6.909478 
  6.918819 
  6.918819 
  6.893132 
  6.901694 
  6.921154 
  6.928159 
  6.907921 
  6.926603 
  6.916484 
  6.911813 
  6.903251 
  6.886126 
  6.888462 
  6.898581 
  6.933608 
  6.907921 
  6.918040 
  6.890018 
  6.900137 
  6.921154 
  6.911813 
  6.918819 
  6.890797 
  6.882234 
  6.876786 
  6.879121 
  6.875229 
  6.881456 
  6.908700 
  6.897802 
  6.881456 
  6.890018 
  6.890797 
  6.914148 
  6.890797 
  6.890797 
  6.893132 
  6.900916 
  6.920375 
  6.900137 
  6.889240 
  6.898581 
  6.890797 
  6.901694 
  6.928159 
  6.921154 
  6.926603 
  6.907921 
  6.937500 
  6.915705 
  6.917262 
  6.896245 
  6.891575 
  6.905586 
  6.877564 
  6.888462 
  6.872115 
  6.866667 
  6.907143 
  6.894689 
  6.928938 
  6.921932 
  6.933608 
  6.933608 
  6.931273 
  6.933608 
  6.939835 
  6.929716 
  6.927381 
  6.906364 
  6.897024 
  6.891575 
  6.884570 
  6.878342 
  6.872115 
  6.877564 
  6.886905 
  6.916484 
  6.915705 
  6.940614 
  6.942170 
  6.937500 
  6.935165 
  6.938278 
  6.919597 
  6.925824 
  6.916484 
  6.914927 
  6.892353 
  6.906364 
  6.905586 
  6.877564 
  6.876786 
  6.883013 
  6.880678 
  6.908700 
  6.897802 
  6.905586 
  6.910256 
  6.926603 
  6.926603 
  6.958516 
  6.947619 
  6.947619 
  6.949176 
  6.950733 
  6.949954 
  6.970971 
  6.968636 
  6.936722 
  6.933608 
  6.933608 
  6.922711 
  6.916484 
  6.904029 
  6.907921 
  6.903251 
  6.912592 
  6.937500 
  6.907921 
  6.928159 
  6.932830 
  6.943727 
  6.931273 
  6.942170 
  6.958516 
  6.949954 
  6.972527 
  6.968636 
  6.959295 
  6.945284 
  6.947619 
  6.952289 
  6.957738 
  6.926603 
  6.941392 
  6.942170 
  6.938278 
  6.938278 
  6.951511 
  6.952289 
  6.934386 
  6.947619 
  6.939057 
