  6.911813 
  6.914148 
  6.885348 
  6.871337 
  6.881456 
  6.895467 
  6.882234 
  6.879121 
  6.922711 
  6.921932 
  6.894689 
  6.911035 
  6.893910 
  6.914927 
  6.904029 
  6.913370 
  6.921932 
  6.949176 
  6.943727 
  6.925046 
  6.925824 
  6.889240 
  6.876007 
  6.889240 
  6.892353 
  6.913370 
  6.931273 
  6.924267 
  6.920375 
  6.905586 
  6.885348 
  6.880678 
  6.926603 
  6.939057 
  6.963965 
  6.963187 
  6.936722 
  6.923489 
  6.924267 
  6.880678 
  6.902473 
  6.911813 
  6.922711 
  6.937500 
  6.932051 
  6.929716 
  6.907921 
  6.900137 
  6.900137 
  6.893132 
  6.948397 
  6.935943 
  6.953846 
  6.934386 
  6.949176 
  6.914148 
  6.918040 
  6.905586 
  6.909478 
  6.941392 
  6.933608 
  6.928159 
  6.944505 
  6.927381 
  6.912592 
  6.914148 
  6.941392 
  6.956960 
  6.991209 
  6.988874 
  6.960073 
  6.973306 
  6.930495 
  6.913370 
  6.932830 
  6.942170 
  6.955403 
  6.973306 
  6.964744 
  6.974863 
  6.928938 
  6.947619 
  6.932051 
  6.957738 
  6.939835 
  6.942170 
  6.960073 
  6.970971 
  6.938278 
  6.952289 
  6.979533 
  6.973306 
  6.967857 
  6.979533 
  6.945284 
  6.931273 
  6.948397 
  6.960852 
  6.974863 
  6.958516 
  6.946841 
  6.981090 
  6.977976 
  6.968636 
  6.961630 
  6.950733 
  6.940614 
  6.998214 
  6.963965 
  6.947619 
  6.947619 
  6.937500 
  6.933608 
  6.936722 
  6.943727 
  6.940614 
  6.959295 
  6.944505 
  6.956960 
  6.947619 
  6.935165 
  6.937500 
  6.950733 
  6.965522 
  6.940614 
  6.942170 
  6.952289 
  6.923489 
  6.927381 
  6.942949 
  6.918819 
  6.925046 
  6.927381 
  6.953846 
  6.956960 
  6.950733 
  6.958516 
  6.966300 
  6.946062 
  6.960852 
  6.944505 
  6.944505 
  6.938278 
  6.975641 
  6.939835 
  6.942949 
  6.935165 
  6.918040 
  6.923489 
  6.912592 
  6.931273 
  6.942170 
  6.928159 
  6.949954 
  6.968636 
  6.967079 
  6.981868 
  6.985760 
  6.967857 
  6.915705 
  6.900916 
  6.914148 
  6.911813 
  6.911035 
  6.918819 
  6.937500 
  6.982647 
  6.968636 
  6.973306 
  6.958516 
  6.943727 
  6.907143 
  6.885348 
  6.870559 
  6.891575 
  6.907921 
  6.934386 
  6.935943 
  6.958516 
  6.942949 
  6.949954 
  6.911035 
  6.930495 
  6.917262 
  6.922711 
  6.933608 
  6.953068 
  6.946062 
  6.949954 
  6.932051 
  6.921154 
  6.932830 
  6.898581 
  6.932051 
  6.917262 
  6.927381 
  6.953068 
  6.937500 
  6.945284 
  6.916484 
  6.920375 
  6.898581 
  6.931273 
  6.935165 
  6.967857 
  6.947619 
  6.945284 
  6.930495 
  6.928938 
  6.934386 
  6.947619 
  6.932830 
  6.939835 
  6.879121 
  6.885348 
  6.938278 
  6.939057 
  6.908700 
  6.883791 
  6.910256 
  6.918040 
  6.910256 
  6.907921 
  6.925046 
  6.898581 
  6.895467 
  6.890797 
  6.899359 
  6.890797 
  6.904808 
  6.914927 
  6.911035 
  6.901694 
  6.904029 
  6.906364 
  6.892353 
  6.907921 
  6.883791 
  6.880678 
  6.887683 
  6.904029 
  6.911035 
  6.944505 
  6.934386 
  6.921932 
  6.916484 
  6.911813 
  6.920375 
  6.893910 
  6.892353 
  6.899359 
  6.923489 
  6.911813 
  6.912592 
  6.897024 
  6.906364 
  6.896245 
  6.911035 
  6.890797 
  6.894689 
  6.900916 
  6.907921 
  6.907921 
  6.922711 
  6.922711 
  6.921932 
  6.935165 
  6.942170 
  6.923489 
  6.907143 
  6.895467 
  6.917262 
  6.911813 
  6.900137 
  6.908700 
  6.905586 
  6.926603 
  6.933608 
  6.967857 
  6.964744 
  6.943727 
  6.921154 
  6.921154 
  6.900916 
  6.882234 
  6.870559 
  6.889240 
  6.890018 
  6.902473 
  6.928159 
  6.935165 
  6.979533 
  6.982647 
  6.989652 
  6.981090 
  6.956181 
  6.949954 
  6.909478 
  6.901694 
  6.884570 
  6.886126 
  6.886905 
  6.924267 
  6.919597 
  6.949176 
  6.959295 
  6.968636 
  6.967079 
  6.972527 
  6.935165 
  6.916484 
  6.907143 
  6.894689 
  6.909478 
  6.909478 
  6.914148 
  6.937500 
  6.964744 
  6.970971 
  6.984203 
  6.969414 
  6.928159 
  6.925824 
  6.896245 
  6.892353 
  6.908700 
  6.948397 
  6.927381 
  6.955403 
  6.963187 
  6.991987 
  6.960073 
  7.004441 
  6.967857 
  6.942949 
  6.930495 
  6.935943 
  6.911035 
  6.906364 
  6.915705 
  6.935165 
  6.936722 
  6.951511 
  6.981868 
  6.998993 
  6.977976 
  6.943727 
  6.914927 
  6.932830 
  6.934386 
  6.941392 
  6.984203 
  6.968636 
  6.949176 
  6.930495 
  6.918040 
  6.945284 
  6.995879 
  6.991987 
  6.960073 
  6.928938 
  6.951511 
  7.002106 
  6.963187 
  6.967079 
  6.949176 
  6.946841 
  6.978755 
  6.979533 
  6.974084 
  6.945284 
  6.946841 
  6.966300 
  6.981090 
  6.981090 
  6.978755 
  6.960852 
  6.949954 
  6.968636 
  6.978755 
  6.992766 
  6.996658 
  6.998214 
  6.956960 
  6.939835 
  6.946062 
  6.952289 
  6.941392 
  6.981090 
  6.974084 
  6.968636 
  7.004441 
  6.974084 
  6.984982 
  6.966300 
  6.947619 
  6.963187 
  6.932051 
  6.931273 
  6.942170 
  6.948397 
  6.952289 
  6.963965 
  6.956960 
  6.963187 
  6.943727 
  6.921932 
  6.942170 
  6.933608 
  6.936722 
  6.940614 
  6.943727 
  6.952289 
  6.947619 
  6.950733 
  6.956960 
  6.953846 
  6.962408 
  6.949954 
  6.948397 
  6.939057 
  6.936722 
  6.925046 
  6.942170 
  6.943727 
  6.946062 
  6.937500 
  6.967079 
  6.972527 
  6.956960 
  6.963965 
  6.966300 
  6.965522 
  6.943727 
  6.949176 
  6.911813 
  6.923489 
  6.906364 
  6.896245 
  6.939835 
  6.934386 
  6.935943 
  6.953846 
  6.956181 
  6.967857 
  6.982647 
  6.985760 
  6.980311 
  6.936722 
  6.913370 
  6.914148 
  6.913370 
  6.907921 
  6.872894 
  6.907143 
  6.917262 
  6.938278 
  6.961630 
  6.974084 
  6.983425 
  6.966300 
  6.957738 
  6.935943 
  6.919597 
  6.891575 
  6.887683 
  6.870559 
  6.870559 
  6.868223 
  6.902473 
  6.918819 
  6.967857 
  6.982647 
  6.998993 
  7.004441 
  6.988095 
  6.948397 
  6.930495 
  6.905586 
  6.900137 
  6.876786 
  6.876786 
  6.902473 
  6.912592 
  6.936722 
  6.956181 
  6.952289 
  6.977976 
  6.957738 
  6.948397 
  6.906364 
  6.906364 
  6.906364 
  6.893132 
  6.884570 
  6.915705 
  6.930495 
  6.959295 
  6.956181 
  6.952289 
  6.967857 
  6.943727 
  6.901694 
  6.921154 
  6.900137 
  6.899359 
  6.929716 
  6.921932 
  6.949176 
  6.941392 
  6.948397 
  6.958516 
  6.938278 
  6.910256 
  6.924267 
  6.908700 
  6.918040 
  6.956960 
  6.986538 
  6.944505 
  6.946062 
  6.898581 
  6.915705 
  6.907921 
  6.932051 
  6.930495 
  6.946841 
  6.907143 
  6.963187 
  6.935165 
  6.923489 
  6.939835 
  6.927381 
  6.937500 
  6.887683 
  6.891575 
  6.923489 
  6.933608 
  6.899359 
  6.923489 
  6.898581 
  6.911813 
  6.882234 
  6.901694 
  6.922711 
  6.908700 
  6.886126 
  6.914148 
  6.906364 
  6.907921 
  6.929716 
  6.920375 
  6.911035 
  6.919597 
  6.898581 
  6.904808 
  6.918040 
  6.912592 
  6.894689 
  6.901694 
  6.895467 
  6.911035 
  6.907921 
  6.923489 
  6.911813 
  6.913370 
  6.914927 
  6.904029 
  6.905586 
  6.911813 
  6.897024 
  6.914148 
  6.902473 
  6.922711 
  6.923489 
  6.921154 
  6.914148 
  6.910256 
  6.909478 
  6.909478 
  6.895467 
  6.900137 
  6.903251 
  6.909478 
  6.886126 
  6.896245 
  6.881456 
  6.880678 
  6.920375 
  6.902473 
  6.896245 
  6.900916 
  6.898581 
  6.927381 
  6.934386 
  6.920375 
  6.946062 
  6.951511 
  6.941392 
  6.915705 
  6.922711 
  6.928159 
  6.927381 
  6.923489 
  6.900916 
  6.893132 
  6.908700 
  6.905586 
  6.934386 
  6.956181 
  6.945284 
  6.944505 
  6.970192 
  6.937500 
  6.956960 
  6.937500 
  6.899359 
  6.886905 
  6.896245 
  6.903251 
  6.906364 
  6.935165 
  6.929716 
  6.955403 
  6.964744 
  6.960852 
  6.953068 
  6.974863 
  6.981090 
  6.958516 
  6.928938 
  6.903251 
  6.909478 
  6.890797 
  6.881456 
  6.879121 
  6.902473 
  6.921932 
  6.953846 
  6.972527 
  6.969414 
  6.982647 
  6.975641 
  6.962408 
  6.960073 
  6.938278 
  6.918040 
  6.904029 
  6.906364 
  6.899359 
  6.913370 
  6.919597 
  6.951511 
  6.949176 
  6.963965 
  6.995101 
  7.004441 
  6.987317 
  6.954625 
  6.957738 
  6.959295 
  6.961630 
  6.949954 
  6.936722 
  6.935943 
  6.951511 
  6.938278 
  6.955403 
  6.951511 
  6.963187 
  6.967857 
  6.961630 
  6.974863 
  6.980311 
  6.995879 
  6.967079 
  6.951511 
  6.947619 
  6.925046 
  6.940614 
  6.969414 
  6.974863 
  6.979533 
  6.984203 
  6.977198 
  6.934386 
  6.928938 
  6.926603 
  6.942949 
  6.973306 
  7.010668 
  6.965522 
  6.989652 
  6.946062 
  6.935943 
  6.990430 
  6.974084 
  6.927381 
  6.989652 
  6.934386 
  6.970971 
  6.977198 
  6.981090 
  6.988874 
  6.993544 
  6.990430 
  6.963187 
  6.976419 
  6.947619 
  6.961630 
  6.946841 
  6.974084 
  6.988095 
  6.992766 
  6.972527 
  6.961630 
  6.967857 
  6.959295 
  6.963187 
  6.974863 
  6.975641 
  6.991987 
  6.980311 
  6.970192 
  6.959295 
  6.984203 
  6.967857 
  6.960073 
  6.957738 
  6.956960 
  6.967079 
  6.970971 
  6.983425 
  6.982647 
  6.961630 
  6.994322 
  6.994322 
  6.949954 
  6.953068 
  6.925824 
  6.929716 
  6.929716 
  6.933608 
  6.932830 
  6.933608 
  6.956181 
  6.957738 
  6.963965 
  6.956181 
  6.968636 
  6.958516 
  6.953068 
  6.924267 
  6.940614 
  6.928938 
  6.934386 
  6.957738 
  6.943727 
  6.947619 
  6.963187 
  6.970192 
  6.963187 
  6.960852 
  6.949954 
  6.952289 
  6.939835 
  6.946062 
  6.947619 
  6.947619 
  6.950733 
  6.968636 
  6.978755 
  6.946062 
  6.954625 
  6.931273 
  6.954625 
  6.928159 
  6.921154 
  6.928938 
  6.935165 
  6.926603 
  6.929716 
  6.939835 
  6.938278 
  6.967079 
  6.988874 
  6.977976 
  6.970192 
  6.943727 
  6.944505 
  6.939057 
  6.918819 
  6.914927 
  6.891575 
  6.917262 
  6.896245 
  6.925824 
  6.938278 
  6.967857 
  6.970192 
  6.953846 
  6.956960 
  6.948397 
  6.932051 
  6.935943 
  6.919597 
  6.907143 
  6.900916 
  6.894689 
  6.900137 
  6.918040 
  6.941392 
  6.956181 
  6.981868 
  6.988874 
  6.967857 
  6.966300 
  6.945284 
  6.948397 
  6.923489 
  6.922711 
  6.913370 
  6.911035 
  6.928159 
  6.930495 
  6.911813 
  6.935165 
  6.932051 
  6.949176 
  6.946062 
  6.956181 
  6.969414 
  6.939835 
  6.932051 
  6.928159 
  6.921154 
  6.908700 
  6.900916 
  6.920375 
  6.914927 
  6.932830 
  6.919597 
  6.960073 
  6.949954 
  6.952289 
  6.935943 
  6.921154 
  6.902473 
  6.887683 
  6.920375 
  6.929716 
  6.940614 
  6.953846 
  6.978755 
  6.943727 
  6.938278 
  6.917262 
  6.950733 
  6.888462 
  6.907143 
  6.918040 
  6.928938 
  6.945284 
  6.947619 
  6.937500 
  6.932830 
  6.946062 
  6.927381 
  6.918819 
  6.924267 
  6.946841 
  6.948397 
  6.921154 
  6.918040 
  6.948397 
  6.943727 
  6.897802 
  6.911813 
  6.908700 
  6.903251 
  6.900137 
  6.928159 
  6.946841 
  6.937500 
  6.928159 
  6.912592 
  6.899359 
  6.882234 
  6.910256 
  6.920375 
  6.902473 
  6.915705 
  6.933608 
  6.944505 
  6.936722 
  6.908700 
  6.883791 
  6.883013 
  6.891575 
  6.898581 
  6.919597 
  6.934386 
  6.908700 
  6.906364 
  6.922711 
  6.930495 
  6.911035 
  6.921154 
  6.907143 
  6.894689 
  6.914927 
  6.907143 
  6.921932 
  6.921154 
  6.918819 
  6.913370 
  6.897024 
  6.923489 
  6.907921 
  6.904808 
  6.913370 
  6.920375 
  6.923489 
  6.923489 
  6.914927 
  6.925046 
  6.914148 
  6.903251 
  6.916484 
  6.924267 
  6.917262 
  6.921932 
  6.920375 
  6.926603 
  6.929716 
  6.914148 
  6.922711 
  6.918819 
  6.922711 
  6.932830 
  6.924267 
  6.895467 
  6.897024 
  6.887683 
  6.907143 
  6.911035 
  6.891575 
  6.911813 
  6.897024 
  6.913370 
  6.935165 
  6.939057 
  6.951511 
  6.956181 
  6.971749 
  6.937500 
  6.921932 
  6.914148 
  6.911035 
  6.912592 
  6.904029 
  6.893910 
  6.921932 
  6.922711 
  6.936722 
  6.989652 
  6.960852 
  6.970192 
  6.960073 
  6.949954 
  6.921154 
  6.906364 
  6.894689 
  6.887683 
  6.890018 
  6.904808 
  6.916484 
  6.955403 
  6.981090 
  6.987317 
  6.983425 
  6.987317 
  6.963965 
  6.948397 
  6.921154 
  6.912592 
  6.882234 
  6.869002 
  6.893132 
  6.939057 
  6.948397 
  6.967079 
  6.970971 
  6.973306 
  6.962408 
  6.958516 
  6.913370 
  6.925824 
  6.892353 
  6.902473 
  6.927381 
  6.948397 
  6.942949 
  6.964744 
  6.970971 
  6.953068 
  6.930495 
  6.921932 
  6.900916 
  6.895467 
  6.928159 
  6.957738 
  6.989652 
  6.985760 
  6.968636 
  6.953068 
  6.956960 
  6.945284 
  6.931273 
  6.944505 
  6.955403 
  6.963965 
  7.013004 
  7.001328 
  6.988095 
  6.955403 
  6.938278 
  6.954625 
  6.965522 
  6.948397 
  6.970971 
  6.980311 
  6.937500 
  6.972527 
  6.978755 
  6.995101 
  6.988874 
  6.974084 
  6.951511 
  6.961630 
  6.977198 
  6.989652 
  7.024679 
  6.976419 
  6.969414 
  6.941392 
  6.946062 
  6.949954 
  6.952289 
  6.967079 
  6.967857 
  6.953068 
  6.963965 
  6.967857 
  6.954625 
  6.952289 
  6.937500 
  6.948397 
  6.939835 
  6.952289 
  6.952289 
  6.948397 
  6.960852 
  6.984982 
  6.967857 
  6.957738 
  6.942949 
  6.956960 
  6.946841 
  6.926603 
  6.931273 
  6.941392 
  6.942170 
  6.956181 
  6.970971 
  6.968636 
  6.975641 
  6.967079 
  6.968636 
  6.963187 
  6.947619 
  6.922711 
  6.930495 
  6.925824 
  6.896245 
  6.933608 
  6.930495 
  6.948397 
  6.961630 
  6.952289 
  6.970192 
  6.980311 
  7.004441 
  6.987317 
  6.974084 
  6.952289 
  6.948397 
  6.907921 
  6.907143 
  6.893132 
  6.893910 
  6.913370 
  6.917262 
  6.946841 
  6.945284 
  6.984982 
  6.988874 
  6.963965 
  6.973306 
  6.943727 
  6.942949 
  6.934386 
  6.915705 
  6.898581 
  6.906364 
  6.880678 
  6.880678 
  6.903251 
  6.937500 
  6.958516 
  6.977976 
  6.998993 
  6.977198 
  6.966300 
  6.963187 
  6.966300 
  6.939835 
  6.946062 
  6.913370 
  6.915705 
  6.876007 
  6.872894 
  6.882234 
  6.908700 
  6.901694 
  6.925824 
  6.942170 
  6.987317 
  6.990430 
  6.978755 
  6.974863 
  6.962408 
  6.935165 
  6.940614 
  6.914927 
  6.892353 
  6.899359 
  6.879899 
  6.905586 
  6.937500 
  6.928159 
  6.932830 
  6.946062 
  6.971749 
  6.976419 
  6.967079 
  6.950733 
  6.963187 
  6.939835 
  6.919597 
  6.935165 
  6.899359 
  6.928159 
  6.928159 
  6.951511 
  6.947619 
  6.960852 
  6.973306 
  6.958516 
  6.960852 
  6.956960 
  6.949954 
  6.932051 
  6.932830 
  6.932051 
  6.914927 
  6.933608 
  6.939057 
  6.935165 
  6.978755 
  6.970192 
  6.962408 
  6.944505 
  6.938278 
  6.103846 
  6.930495 
  6.928159 
  6.934386 
  6.929716 
  6.956960 
  6.960073 
  6.963187 
  6.952289 
  6.950733 
  6.916484 
  6.931273 
  6.965522 
  6.945284 
  6.938278 
  6.900137 
  6.946062 
  6.939057 
  6.942170 
  6.946841 
  6.942170 
  6.911035 
  6.935943 
  6.929716 
  6.925046 
  6.921154 
  6.923489 
  6.942949 
  6.943727 
  6.926603 
  6.925046 
  6.907921 
  6.909478 
  6.909478 
  6.906364 
  6.925046 
  6.953846 
  6.937500 
  6.933608 
  6.933608 
  6.919597 
  6.913370 
  6.915705 
  6.921154 
  6.906364 
  6.936722 
  6.921932 
  6.935943 
  6.921154 
  6.935943 
  6.926603 
  6.935943 
  6.929716 
  6.908700 
  6.902473 
  6.907921 
  6.914927 
  6.915705 
  6.918040 
  6.921932 
  6.916484 
  6.907143 
  6.914148 
  6.908700 
  6.913370 
  6.909478 
  6.919597 
  6.936722 
  6.922711 
  6.903251 
  6.907143 
  6.925824 
  6.908700 
  6.900137 
  6.908700 
  6.900137 
  6.910256 
  6.904808 
  6.904029 
  6.909478 
  6.935943 
  6.914148 
  6.916484 
  6.920375 
  6.921154 
  6.911035 
  6.920375 
  6.911813 
  6.939835 
  6.934386 
  6.932830 
  6.928159 
  6.918819 
  6.914927 
  6.912592 
  6.921154 
  6.923489 
  6.925824 
  6.917262 
  6.915705 
  6.914927 
  6.898581 
  6.888462 
  6.933608 
  6.915705 
  6.901694 
  6.917262 
  6.910256 
  6.935943 
  6.927381 
  6.932051 
  6.951511 
  6.948397 
  6.958516 
  6.933608 
  6.930495 
  6.928159 
  6.925824 
  6.905586 
  6.914927 
  6.910256 
  6.921932 
  6.921932 
  6.943727 
  6.984203 
  6.948397 
  6.947619 
  6.973306 
  6.929716 
  6.932051 
  6.914148 
  6.894689 
  6.886905 
  6.907143 
  6.923489 
  6.921932 
  6.960852 
  6.965522 
  6.972527 
  6.987317 
  6.972527 
  6.953846 
  6.950733 
  6.918040 
  6.892353 
  6.907143 
  6.890797 
  6.925824 
  6.927381 
  6.949176 
  6.948397 
  6.994322 
  6.967079 
  6.972527 
  6.940614 
  6.917262 
  6.911813 
  6.909478 
  6.921154 
  6.932051 
  6.942170 
  6.951511 
  6.981868 
  6.985760 
  6.959295 
  6.935943 
  6.913370 
  6.912592 
  6.921154 
  6.933608 
  6.970971 
  7.011447 
  6.994322 
  6.967857 
  6.957738 
  6.955403 
  6.942949 
  6.932051 
  6.960852 
  6.967079 
  6.991209 
  7.022344 
  6.977198 
  6.933608 
  6.977198 
  6.935165 
  6.957738 
  7.009890 
  7.005998 
  6.977198 
  6.934386 
  6.946062 
  6.981868 
  6.956960 
  6.993544 
  6.981090 
  6.949954 
  6.939835 
  6.940614 
  6.953068 
  6.945284 
  6.981090 
  6.991987 
  6.964744 
  6.949176 
  6.949176 
  6.942170 
  6.946841 
  6.941392 
  6.944505 
  6.976419 
  6.971749 
  6.968636 
  6.953846 
  6.953846 
  6.943727 
  6.958516 
  6.941392 
  6.933608 
  6.949954 
  6.946062 
  6.955403 
  6.939835 
  6.969414 
  6.960852 
  6.953846 
  6.981868 
  6.974084 
  6.960852 
  6.967079 
  6.943727 
  6.948397 
  6.931273 
  6.946062 
  6.935943 
  6.933608 
  6.942170 
  6.935165 
  6.956181 
  6.949176 
  6.966300 
  6.968636 
  6.949954 
  6.981868 
  6.977198 
  6.967079 
  6.963187 
  6.955403 
  6.935165 
  6.926603 
  6.925824 
  6.941392 
  6.928938 
  6.953846 
  6.945284 
  6.955403 
  6.954625 
  6.963965 
  6.988874 
  6.960852 
  6.958516 
  6.942170 
  6.926603 
  6.911813 
  6.911035 
  6.900137 
  6.911035 
  6.908700 
  6.922711 
  6.920375 
  6.949954 
  6.978755 
  6.982647 
  7.008333 
  6.974863 
  6.966300 
  6.944505 
  6.957738 
  6.938278 
  6.915705 
  6.922711 
  6.919597 
  6.918819 
  6.906364 
  6.911035 
  6.923489 
  6.935165 
  6.947619 
  6.952289 
  6.967857 
  6.981090 
  6.959295 
  6.962408 
  6.970192 
  6.958516 
  6.939057 
  6.921932 
  6.919597 
  6.914927 
  6.912592 
  6.913370 
  6.923489 
  6.958516 
  6.953068 
  6.960852 
  6.960852 
  6.973306 
  6.977198 
  6.960852 
  6.949954 
  6.975641 
  6.939057 
  6.918819 
  6.917262 
  6.925824 
  6.932051 
  6.953846 
  6.940614 
  6.960852 
  6.953068 
  6.963965 
  6.970192 
  6.953068 
  6.970192 
  6.963965 
  6.960073 
  6.967857 
  6.937500 
  6.932830 
  6.932051 
  6.929716 
  6.925046 
  6.946841 
  6.952289 
  6.964744 
  6.973306 
  6.960073 
  6.979533 
  6.960852 
  6.943727 
  6.947619 
  6.920375 
  6.941392 
  6.922711 
  6.935165 
  6.952289 
  6.974863 
  6.953068 
  6.986538 
  6.975641 
  6.979533 
  6.953846 
  6.928159 
  6.941392 
  6.932051 
  6.939057 
  6.936722 
  6.997436 
  6.981090 
  6.948397 
  6.930495 
  6.921154 
  6.916484 
  6.948397 
  6.976419 
  6.964744 
  6.931273 
  6.922711 
  6.926603 
  6.925046 
  6.953846 
  6.955403 
  6.945284 
  6.926603 
  6.908700 
  6.924267 
  6.946062 
  6.931273 
  6.939057 
  6.928938 
  6.936722 
  6.924267 
  6.949176 
  6.930495 
  6.918819 
  6.931273 
  6.935165 
  6.920375 
  6.942170 
  6.939057 
  6.951511 
  6.927381 
  6.925046 
  6.936722 
  6.939835 
  6.945284 
  6.930495 
  6.942170 
  6.942170 
  6.933608 
  6.935943 
  6.944505 
  6.934386 
  6.933608 
  6.929716 
  6.912592 
  6.921932 
  6.932830 
  6.935943 
  6.943727 
  6.943727 
  6.960073 
  6.945284 
  6.921154 
  6.921932 
  6.932051 
  6.932051 
  6.943727 
  6.909478 
  6.929716 
  6.918040 
  6.931273 
  6.912592 
  6.939835 
  6.934386 
  6.951511 
  6.921154 
  6.904808 
  6.916484 
  6.914148 
  6.914927 
  6.913370 
  6.922711 
  6.929716 
  6.932051 
  6.925046 
  6.942170 
  6.947619 
  6.937500 
  6.929716 
  6.926603 
  6.933608 
  6.914927 
  6.909478 
  6.912592 
  6.930495 
  6.908700 
  6.918819 
  6.914148 
  6.935943 
  6.915705 
  6.928159 
  6.930495 
  6.953846 
  6.959295 
  6.950733 
  6.935165 
  6.940614 
  6.919597 
  6.921154 
  6.932830 
  6.921154 
  6.923489 
  6.928159 
  6.905586 
  6.921932 
  6.911035 
  6.917262 
  6.965522 
  6.930495 
  6.919597 
  6.935943 
  6.928159 
  6.930495 
  6.932051 
  6.925824 
  6.936722 
  6.939835 
  6.958516 
  6.934386 
  6.955403 
  6.926603 
  6.932830 
  6.915705 
  6.926603 
  6.904808 
  6.930495 
  6.930495 
  6.956181 
  6.975641 
  6.960073 
  6.966300 
  6.957738 
  6.935943 
  6.938278 
  6.911813 
  6.890797 
  6.923489 
  6.932830 
  6.931273 
  6.939835 
  6.990430 
  6.985760 
  6.986538 
  6.967857 
  6.946062 
  6.925046 
  6.919597 
  6.904029 
  6.927381 
  6.935165 
  6.949954 
  6.974863 
  6.972527 
  6.962408 
  6.940614 
  6.929716 
  6.904808 
  6.931273 
  6.933608 
  6.954625 
  6.956960 
  6.958516 
  6.944505 
  6.937500 
  6.905586 
  6.915705 
  6.932051 
  6.942949 
  6.960852 
  6.947619 
  6.946062 
  6.933608 
  6.945284 
  6.953068 
  6.989652 
  6.970192 
  6.972527 
  6.940614 
  6.928938 
  6.977198 
  6.970192 
  6.942949 
  6.942170 
  6.963965 
  6.961630 
  6.987317 
  6.981868 
  6.956181 
  6.959295 
  6.937500 
  6.929716 
  6.949954 
  6.964744 
  6.977198 
  6.983425 
  6.971749 
  6.956960 
  6.939835 
  6.935943 
  6.938278 
  6.947619 
  6.953846 
  6.977976 
  6.968636 
  6.990430 
  6.959295 
  6.949954 
  6.953068 
  6.941392 
  6.944505 
  6.946062 
  6.949954 
  6.963187 
  6.971749 
  6.976419 
  6.967857 
  6.975641 
  6.946841 
  6.953846 
  6.942170 
  6.946841 
  6.913370 
  6.941392 
  6.927381 
  6.921154 
  6.954625 
  6.956181 
  6.961630 
  6.984203 
  6.957738 
  6.982647 
  6.951511 
  6.965522 
  6.946841 
  6.946062 
  6.914148 
  6.918040 
  6.917262 
  6.921154 
  6.921932 
  6.946841 
  6.958516 
  6.969414 
  6.972527 
  6.981868 
  6.979533 
  6.972527 
  6.935943 
  6.918819 
  6.908700 
  6.902473 
  6.893910 
  6.898581 
  6.906364 
  6.927381 
  6.937500 
  6.950733 
  6.976419 
  6.977976 
  6.988095 
  6.999771 
  6.980311 
  6.929716 
  6.939057 
  6.897024 
  6.915705 
  6.896245 
  6.917262 
  6.918819 
  6.925046 
  6.932830 
  6.943727 
  6.949176 
  6.973306 
  6.953846 
  6.956960 
  6.949176 
  6.943727 
  6.936722 
  6.911813 
  6.913370 
  6.925046 
  6.927381 
  6.924267 
  6.946841 
  6.953068 
  6.967857 
  6.948397 
  6.977976 
  6.981868 
  6.945284 
  6.935165 
  6.921154 
  6.907921 
  6.907921 
  6.912592 
  6.916484 
  6.957738 
  6.967857 
  6.962408 
  7.002885 
  6.967857 
  6.983425 
  6.976419 
  6.956181 
  6.926603 
  6.926603 
  6.923489 
  6.906364 
  6.927381 
  6.947619 
  6.970192 
  6.985760 
  6.981090 
  7.000549 
  6.961630 
  6.966300 
  6.925046 
  6.918040 
  6.924267 
  6.913370 
  6.925046 
  6.941392 
  6.974863 
  6.984203 
  7.005998 
  6.992766 
  6.982647 
  6.935943 
  6.922711 
  6.930495 
  6.918819 
  6.949954 
  6.968636 
  6.978755 
  6.992766 
  6.967857 
  6.948397 
  6.954625 
  6.916484 
  6.930495 
  6.939835 
  6.938278 
  6.970971 
  6.984203 
  6.960073 
  6.926603 
  6.928159 
  6.923489 
  6.960073 
  6.988095 
  6.907143 
  6.962408 
  6.948397 
  6.942949 
  6.911035 
  6.914927 
  6.933608 
  6.951511 
  6.951511 
  6.945284 
  6.910256 
  6.907921 
  6.910256 
  6.933608 
  6.932051 
  6.939835 
  6.956960 
  6.960073 
  6.931273 
  6.930495 
  6.915705 
  6.918819 
  6.897802 
  6.921154 
  6.932051 
  6.954625 
  6.967079 
  6.948397 
  6.950733 
  6.944505 
  6.909478 
  6.915705 
  6.911035 
  6.911813 
  6.897024 
  6.908700 
  6.908700 
  6.939835 
  6.956181 
  6.954625 
  6.956960 
  6.952289 
  6.963965 
  6.925046 
  6.911035 
  6.895467 
  6.876007 
  6.904808 
  6.925046 
  6.908700 
  6.929716 
  6.935943 
  6.949176 
  6.938278 
  6.946841 
  6.948397 
  6.949176 
  6.907921 
  6.886905 
  6.882234 
  6.883013 
  6.897024 
  6.889240 
  6.910256 
  6.934386 
  6.925824 
  6.936722 
  6.953846 
  6.960073 
  6.946062 
  6.931273 
  6.920375 
  6.925824 
  6.899359 
  6.893132 
  6.902473 
  6.906364 
  6.900137 
  6.918819 
  6.900916 
  6.927381 
  6.928159 
  6.942170 
  6.933608 
  6.962408 
  6.956960 
  6.949954 
  6.935943 
  6.925046 
  6.914927 
  6.903251 
  6.907921 
  6.900137 
  6.907143 
  6.915705 
  6.908700 
  6.907921 
  6.905586 
  6.920375 
  6.958516 
  6.941392 
  6.916484 
  6.930495 
  6.908700 
  6.921932 
  6.932051 
  6.914148 
  6.918819 
  6.920375 
  6.930495 
  6.937500 
  6.942170 
  6.935943 
  6.944505 
  6.933608 
  6.926603 
  6.915705 
  6.925824 
  6.921154 
  6.930495 
  6.961630 
  6.921154 
  6.943727 
  6.956960 
  6.941392 
  6.953846 
  6.931273 
  6.915705 
  6.927381 
  6.921154 
  6.930495 
  6.919597 
  6.932830 
  6.935943 
  6.953846 
  6.951511 
  6.974863 
  6.967079 
  6.965522 
  6.938278 
  6.937500 
  6.918040 
  6.905586 
  6.911813 
  6.914148 
  6.926603 
  6.957738 
  6.949176 
  6.957738 
  6.974084 
  6.970971 
  6.951511 
  6.947619 
  6.926603 
  6.921932 
  6.918819 
  6.908700 
  6.918040 
  6.925046 
  6.950733 
  6.953846 
  6.949176 
  6.956181 
  6.944505 
  6.936722 
  6.921932 
  6.945284 
  6.955403 
  6.941392 
  6.950733 
  6.949176 
  6.975641 
  6.970971 
  6.977976 
  6.959295 
  6.939835 
  6.955403 
  6.973306 
  6.973306 
  6.963187 
  6.974863 
  6.924267 
  6.967857 
  6.968636 
  6.989652 
  7.016896 
  6.992766 
  6.963187 
  6.957738 
  6.951511 
  6.941392 
  6.968636 
  6.988874 
  7.002106 
  6.970192 
  6.949176 
  6.935943 
  6.936722 
  6.955403 
  6.953846 
  6.965522 
  6.951511 
  6.963187 
  6.941392 
  6.941392 
  6.946062 
  6.952289 
  6.948397 
  6.978755 
  6.958516 
  6.952289 
  6.950733 
  6.967079 
  6.955403 
  6.956181 
  6.946062 
  6.954625 
  6.942949 
  6.941392 
  6.946841 
  6.945284 
  6.944505 
  6.946062 
  6.958516 
  6.959295 
  6.942170 
  6.969414 
  6.969414 
  6.956960 
  6.942949 
  6.955403 
  6.954625 
  6.930495 
  6.955403 
  6.936722 
  6.921932 
  6.945284 
  6.949176 
  6.942949 
  6.960073 
  6.952289 
  6.971749 
  6.964744 
  6.977198 
  6.963187 
  6.966300 
  6.936722 
  6.916484 
  6.924267 
  6.923489 
  6.921932 
  6.929716 
  6.944505 
  6.946062 
  6.965522 
  6.956960 
  6.980311 
  6.970192 
  6.950733 
  6.930495 
  6.925046 
  6.918040 
  6.915705 
  6.897802 
  6.900137 
  6.921932 
  6.923489 
  6.928159 
  6.942170 
  6.951511 
  6.985760 
  6.998214 
  6.987317 
  6.957738 
  6.964744 
  6.940614 
  6.934386 
  6.919597 
  6.920375 
  6.913370 
  6.911035 
  6.900137 
  6.904808 
  6.920375 
  6.947619 
  6.939835 
  6.948397 
  6.959295 
  6.978755 
  6.973306 
  6.966300 
  6.965522 
  6.949954 
  6.934386 
  6.921932 
  6.916484 
  6.911813 
  6.900916 
  6.903251 
  6.914148 
  6.940614 
  6.954625 
  6.960073 
  6.954625 
  6.975641 
  6.964744 
  6.967857 
  6.950733 
  6.961630 
  6.940614 
  6.925824 
  6.939835 
  6.914148 
  6.937500 
  6.943727 
  6.943727 
  6.950733 
  6.963187 
  6.958516 
  6.949176 
  6.956181 
  6.960852 
  6.946062 
  6.943727 
  6.954625 
  6.942170 
  6.926603 
  6.929716 
  6.918040 
  6.919597 
  6.950733 
  6.941392 
  6.953068 
  6.970192 
  6.960852 
  6.959295 
  6.957738 
  6.936722 
  6.933608 
  6.918040 
  6.921932 
  6.939835 
  6.938278 
  6.956960 
  6.967857 
  6.958516 
  6.963965 
  6.940614 
  6.947619 
  6.937500 
  6.915705 
  6.939835 
  6.918819 
  6.939835 
  6.939057 
  6.960852 
  6.935165 
  6.902473 
  6.911813 
  6.915705 
  6.945284 
  6.921154 
  6.932051 
  6.914148 
  6.934386 
  6.926603 
  6.943727 
  6.924267 
  6.916484 
  6.921154 
  6.912592 
  6.922711 
  6.919597 
  6.925046 
  6.937500 
  6.926603 
  6.933608 
  6.937500 
  6.925046 
  6.930495 
  6.912592 
  6.917262 
  6.915705 
  6.921932 
  6.938278 
  6.924267 
  6.923489 
  6.932051 
  6.943727 
  6.928938 
  6.939057 
  6.916484 
  6.911813 
  6.917262 
  6.914148 
  6.929716 
  6.937500 
  6.926603 
  6.934386 
  6.949176 
  6.931273 
  6.927381 
  6.908700 
  6.909478 
  6.909478 
  6.941392 
  6.909478 
  6.918819 
  6.920375 
  6.919597 
  6.919597 
  6.936722 
  6.924267 
  6.925824 
  6.908700 
  6.900916 
  6.891575 
  6.883791 
  6.904808 
  6.895467 
  6.885348 
  6.910256 
  6.918819 
  6.916484 
  6.920375 
  6.937500 
  6.925046 
  6.924267 
  6.930495 
  6.927381 
  6.914927 
  6.900916 
  6.904808 
  6.913370 
  6.903251 
  6.908700 
  6.891575 
  6.920375 
  6.927381 
  6.907143 
  6.927381 
  6.933608 
  6.955403 
  6.938278 
  6.948397 
  6.945284 
  6.931273 
  6.928159 
  6.912592 
  6.913370 
  6.911813 
  6.909478 
  6.904808 
  6.904029 
  6.899359 
  6.903251 
  6.928159 
  6.941392 
  6.923489 
  6.919597 
  6.918819 
  6.921932 
  6.942170 
  6.926603 
  6.944505 
  6.942949 
  6.932051 
  6.928159 
  6.935165 
  6.925824 
  6.919597 
  6.910256 
  6.910256 
  6.905586 
  6.928159 
  6.918819 
  6.931273 
  6.949176 
  6.948397 
  6.943727 
  6.922711 
  6.960852 
  6.950733 
  6.926603 
  6.921932 
  6.900916 
  6.920375 
  6.921932 
  6.920375 
  6.916484 
  6.944505 
  6.951511 
  6.967079 
  6.979533 
  6.973306 
  6.977198 
  6.967079 
  6.964744 
  6.927381 
  6.920375 
  6.915705 
  6.885348 
  6.898581 
  6.901694 
  6.911035 
  6.935943 
  6.962408 
  6.987317 
  6.990430 
  6.973306 
  6.967857 
  6.936722 
  6.935165 
  6.914927 
  6.889240 
  6.912592 
  6.889240 
  6.916484 
  6.939835 
  6.961630 
  6.963187 
  6.972527 
  6.972527 
  6.976419 
  6.966300 
  6.947619 
  6.923489 
  6.898581 
  6.929716 
  6.933608 
  6.966300 
  7.001328 
  7.003663 
  6.989652 
  6.975641 
  6.932051 
  6.920375 
  6.915705 
  6.948397 
  6.998214 
  6.985760 
  6.990430 
  6.934386 
  6.929716 
  6.995879 
  7.000549 
  6.974084 
  6.954625 
  6.958516 
  6.937500 
  6.957738 
  6.987317 
  7.000549 
  7.008333 
  7.017674 
  7.000549 
  6.967079 
  6.943727 
  6.952289 
  6.958516 
  6.948397 
  6.956960 
  6.949176 
  6.952289 
  6.978755 
  6.984982 
  6.972527 
  6.967079 
  6.944505 
  6.935165 
  6.926603 
  6.934386 
  6.948397 
  6.939835 
  6.946062 
  6.948397 
  6.952289 
  6.982647 
  6.962408 
  6.974863 
  6.945284 
  6.943727 
  6.936722 
  6.951511 
  6.927381 
  6.922711 
  6.953068 
  6.945284 
  6.950733 
  6.949176 
  6.977976 
  6.955403 
  6.958516 
  6.961630 
  6.966300 
  6.971749 
  6.980311 
  6.929716 
  6.940614 
  6.939835 
  6.942949 
  6.929716 
  6.927381 
  6.939057 
  6.932830 
  6.940614 
  6.953068 
  6.970971 
  6.974863 
  6.961630 
  6.964744 
  6.966300 
  6.967857 
  6.962408 
  6.953068 
  6.925046 
  6.915705 
  6.921932 
  6.928159 
  6.910256 
  6.934386 
  6.943727 
  6.950733 
  6.964744 
  6.967079 
  6.981868 
  6.960073 
  6.949176 
  6.935943 
  6.915705 
  6.905586 
  6.904029 
  6.897024 
  6.889240 
  6.898581 
  6.920375 
  6.927381 
  6.939835 
  6.960852 
  6.986538 
  6.997436 
  6.984203 
  6.972527 
  6.949176 
  6.949954 
  6.930495 
  6.893910 
  6.907921 
  6.890797 
  6.918819 
  6.898581 
  6.904029 
  6.925046 
  6.954625 
  6.963187 
  6.956181 
  6.962408 
  6.976419 
  6.965522 
  6.941392 
  6.945284 
  6.920375 
  6.918040 
  6.890018 
  6.911813 
  6.890018 
  6.907143 
  6.918819 
  6.931273 
  6.963187 
  6.959295 
  6.974084 
  6.951511 
  6.943727 
  6.929716 
  6.935943 
  6.919597 
  6.935943 
  6.917262 
  6.936722 
  6.940614 
  6.938278 
  6.985760 
  6.985760 
  6.961630 
  6.954625 
  6.954625 
  6.940614 
  6.919597 
  6.911035 
  6.918040 
  6.940614 
  6.939835 
  6.984203 
  6.974084 
  6.958516 
  6.963965 
  6.939835 
  6.936722 
  6.928159 
  6.921932 
  6.933608 
  6.956181 
  6.944505 
  6.980311 
  6.958516 
  6.951511 
  6.935165 
  6.917262 
  6.956960 
  6.948397 
  6.960852 
  6.943727 
  6.918819 
  6.910256 
  6.953846 
  6.945284 
  6.946062 
  6.919597 
  6.946062 
  6.911035 
  6.946841 
  6.924267 
  6.920375 
  6.934386 
  6.927381 
  6.903251 
  6.919597 
  6.921154 
  6.928159 
  6.948397 
  6.921154 
  6.935165 
  6.928159 
  6.915705 
  6.905586 
  6.933608 
  6.926603 
  6.921932 
  6.929716 
  6.932051 
  6.936722 
  6.920375 
  6.944505 
  6.921154 
  6.923489 
  6.912592 
  6.925824 
  6.913370 
  6.921932 
  6.917262 
  6.914148 
  6.919597 
  6.921932 
  6.893132 
  6.891575 
  6.904808 
  6.893910 
  6.907921 
  6.900137 
  6.903251 
  6.921154 
  6.908700 
  6.902473 
  6.917262 
  6.926603 
  6.924267 
  6.913370 
  6.904808 
  6.891575 
  6.914927 
  6.894689 
  6.917262 
  6.916484 
  6.924267 
  6.921932 
  6.904808 
  6.928159 
  6.925824 
  6.917262 
  6.926603 
  6.916484 
  6.925046 
  6.923489 
  6.935943 
  6.937500 
  6.919597 
  6.919597 
  6.911035 
  6.932051 
  6.922711 
  6.925046 
  6.922711 
  6.916484 
  6.912592 
  6.905586 
  6.906364 
  6.913370 
  6.913370 
  6.904029 
  6.912592 
  6.907143 
  6.936722 
  6.937500 
  6.939057 
  6.960852 
  6.950733 
  6.949954 
  6.955403 
  6.960073 
  6.922711 
  6.921154 
  6.889240 
  6.890018 
  6.900916 
  6.893910 
  6.901694 
  6.921932 
  6.956181 
  6.946062 
  6.967079 
  6.973306 
  6.949954 
  6.930495 
  6.936722 
  6.907143 
  6.896245 
  6.900916 
  6.922711 
  6.895467 
  6.912592 
  6.920375 
  6.956960 
  6.958516 
  6.950733 
  6.970971 
  6.977198 
  6.977976 
  6.955403 
  6.925046 
  6.916484 
  6.911813 
  6.883791 
  6.901694 
  6.893910 
  6.912592 
  6.936722 
  6.967857 
  6.987317 
  6.978755 
  6.965522 
  6.957738 
  6.965522 
  6.928938 
  6.903251 
  6.914927 
  6.890797 
  6.887683 
  6.907143 
  6.932830 
  6.939835 
  6.949954 
  6.974863 
  6.993544 
  6.995879 
  6.972527 
  6.939057 
  6.932830 
  6.925824 
  6.935943 
  6.932051 
  6.955403 
  6.987317 
  6.972527 
  6.981868 
  6.979533 
  6.955403 
  6.958516 
  6.932051 
  6.918040 
  6.930495 
  6.931273 
  6.950733 
  6.981868 
  7.002106 
  6.985760 
  6.947619 
  6.935165 
  6.915705 
  6.907921 
  6.918040 
  6.937500 
  7.010668 
  6.991209 
  6.981090 
  6.937500 
  6.944505 
  6.984203 
  7.005220 
  6.960852 
  6.942170 
  6.942170 
  6.953068 
  6.963187 
  6.973306 
  6.984982 
  6.986538 
  6.981868 
  6.967079 
  6.964744 
  6.961630 
  6.981090 
  6.964744 
  6.955403 
  6.980311 
  6.968636 
  6.987317 
  6.988095 
  7.005998 
  6.971749 
  6.963965 
  6.969414 
  6.975641 
  6.978755 
  6.976419 
  6.965522 
  6.970192 
  6.982647 
  6.984982 
  6.983425 
  6.976419 
  6.958516 
  6.949176 
  6.957738 
  6.942949 
  6.939835 
  6.917262 
  6.949954 
  6.931273 
  6.956181 
  6.958516 
  6.962408 
  6.955403 
  6.954625 
  6.955403 
  6.945284 
  6.925824 
  6.939057 
  6.924267 
  6.939057 
  6.933608 
  6.947619 
  6.946062 
  6.966300 
  6.956960 
  6.964744 
  6.960073 
  6.950733 
  6.935165 
  6.952289 
  6.949954 
  6.942949 
  6.952289 
  6.970192 
  6.959295 
  6.950733 
  6.967857 
  6.953068 
  6.942170 
  6.939057 
  6.942949 
  6.931273 
  6.942170 
  6.922711 
  6.924267 
  6.951511 
  6.951511 
  6.948397 
  6.949954 
  6.981868 
  6.969414 
  6.970971 
  6.948397 
  6.956181 
  6.936722 
  6.919597 
  6.926603 
  6.916484 
  6.918819 
  6.922711 
  6.939835 
  6.932051 
  6.968636 
  6.952289 
  6.971749 
  6.937500 
  6.935943 
  6.936722 
  6.932051 
  6.926603 
  6.915705 
  6.926603 
  6.922711 
  6.917262 
  6.918040 
  6.939835 
  6.947619 
  6.970192 
  6.972527 
  6.949954 
  6.960852 
  6.968636 
  6.957738 
  6.933608 
  6.929716 
  6.932051 
  6.929716 
  6.918040 
  6.904808 
  6.903251 
  6.922711 
  6.930495 
  6.935165 
  6.941392 
  6.965522 
  6.956960 
  6.956181 
  6.955403 
  6.950733 
  6.937500 
  6.923489 
  6.923489 
  6.908700 
  6.908700 
  6.903251 
  6.916484 
  6.940614 
  6.943727 
  6.935165 
  6.943727 
  6.953846 
  6.950733 
  6.960073 
  6.941392 
  6.948397 
  6.938278 
  6.925046 
  6.948397 
  6.922711 
  6.932830 
  6.939835 
  6.936722 
  6.967857 
  6.938278 
  6.957738 
  6.941392 
  6.942170 
  6.954625 
  6.948397 
  6.933608 
  6.942949 
  6.957738 
  6.921154 
  6.940614 
  6.927381 
  6.939057 
  6.951511 
  6.956181 
  6.953068 
  6.955403 
  6.940614 
  6.087500 
  6.918040 
  6.954625 
  6.939057 
  6.922711 
  6.942949 
  6.960073 
  6.937500 
  6.959295 
  6.931273 
  6.929716 
  6.926603 
  6.922711 
  6.936722 
  6.942949 
  6.921154 
  6.920375 
  6.921154 
  6.934386 
  6.931273 
  6.928938 
  6.942170 
  6.932051 
  6.912592 
  6.907143 
  6.878342 
  6.903251 
  6.926603 
  6.915705 
  6.930495 
  6.957738 
  6.925046 
  6.934386 
  6.934386 
  6.894689 
  6.893910 
  6.922711 
  6.915705 
  6.913370 
  6.939057 
  6.927381 
  6.932051 
  6.915705 
  6.942170 
  6.918040 
  6.926603 
  6.919597 
  6.907143 
  6.914927 
  6.910256 
  6.909478 
  6.895467 
  6.926603 
  6.916484 
  6.899359 
  6.889240 
  6.911035 
  6.896245 
  6.907143 
  6.901694 
  6.907143 
  6.909478 
  6.898581 
  6.901694 
  6.919597 
  6.912592 
  6.911813 
  6.922711 
  6.901694 
  6.896245 
  6.907143 
  6.894689 
  6.914927 
  6.918819 
  6.921154 
  6.927381 
  6.913370 
  6.931273 
  6.920375 
  6.914148 
  6.914148 
  6.907143 
  6.926603 
  6.921154 
  6.921154 
  6.936722 
  6.921154 
  6.904029 
  6.920375 
  6.907921 
  6.928159 
  6.914927 
  6.938278 
  6.914148 
  6.914148 
  6.899359 
  6.900916 
  6.932051 
  6.922711 
  6.903251 
  6.902473 
  6.906364 
  6.910256 
  6.913370 
  6.926603 
  6.946841 
  6.937500 
  6.959295 
  6.939835 
  6.955403 
  6.932051 
  6.928938 
  6.910256 
  6.913370 
  6.912592 
  6.911813 
  6.893910 
  6.918040 
  6.921154 
  6.921154 
  6.945284 
  6.949176 
  6.925824 
  6.936722 
  6.946062 
  6.927381 
  6.911035 
  6.914927 
  6.932051 
  6.908700 
  6.923489 
  6.913370 
  6.921932 
  6.939835 
  6.953068 
  6.942949 
  6.956181 
  6.963187 
  6.963187 
  6.934386 
  6.939835 
  6.932051 
  6.920375 
  6.920375 
  6.907143 
  6.908700 
  6.911035 
  6.924267 
  6.940614 
  6.939835 
  6.932830 
  6.942949 
  6.948397 
  6.956181 
  6.931273 
  6.939057 
  6.944505 
  6.926603 
  6.921154 
  6.927381 
  6.922711 
  6.921932 
  6.943727 
  6.934386 
  6.944505 
  6.955403 
  6.948397 
  6.970971 
  6.970192 
  6.981868 
  6.984203 
  6.981090 
  6.975641 
  6.947619 
  6.935165 
  6.925824 
  6.919597 
  6.939835 
  6.943727 
  6.939057 
  6.970971 
  6.965522 
  6.976419 
  6.985760 
  6.967857 
  6.965522 
  6.938278 
  6.942170 
  6.927381 
  6.928159 
  6.917262 
  6.942949 
  6.957738 
  6.972527 
  7.006777 
  6.992766 
  6.980311 
  6.965522 
  6.974084 
  6.963965 
  6.960073 
  6.972527 
  6.998214 
  6.984203 
  6.991987 
  6.969414 
  6.960852 
  6.974863 
  6.984982 
  6.952289 
  6.984982 
  6.987317 
  6.969414 
  6.993544 
  6.970971 
  6.970192 
  6.987317 
  6.991209 
  6.968636 
  6.981868 
  6.971749 
  6.964744 
  6.961630 
  6.965522 
  6.951511 
  6.948397 
  6.976419 
  6.981090 
  6.986538 
  6.993544 
  6.986538 
  6.994322 
  6.984982 
  6.954625 
  6.974084 
  6.949954 
  6.978755 
  6.967857 
  6.963965 
  6.960852 
  6.952289 
  6.979533 
  6.981090 
  6.976419 
  6.980311 
  6.985760 
  6.973306 
  6.960852 
  6.966300 
  6.963965 
  6.959295 
  6.932830 
  6.935165 
  6.939835 
  6.925824 
  6.942949 
  6.946062 
  6.934386 
  6.962408 
  6.960852 
  6.954625 
  6.961630 
  6.946841 
  6.951511 
  6.941392 
  6.942170 
  6.923489 
  6.935165 
  6.932830 
  6.935943 
  6.935165 
  6.949176 
  6.953068 
  6.989652 
  6.961630 
  6.964744 
  6.956960 
  6.973306 
  6.944505 
  6.941392 
  6.953846 
  6.936722 
  6.960852 
  6.956181 
  6.949954 
  6.935943 
  6.959295 
  6.937500 
  6.950733 
  6.961630 
  6.946062 
  6.932830 
  6.940614 
  6.936722 
  6.932051 
  6.932830 
  6.948397 
  6.936722 
  6.935943 
  6.964744 
  6.952289 
  6.975641 
  6.954625 
  6.950733 
  6.935943 
  6.927381 
  6.921932 
  6.935943 
  6.928159 
  6.923489 
  6.927381 
  6.933608 
  6.943727 
  6.955403 
  6.962408 
  6.940614 
  6.935943 
  6.921932 
  6.934386 
  6.928159 
  6.916484 
  6.923489 
  6.918040 
  6.917262 
  6.927381 
  6.926603 
  6.950733 
  6.954625 
  6.970192 
  6.956181 
  6.963187 
  6.942949 
  6.956181 
  6.948397 
  6.955403 
  6.932830 
  6.941392 
  6.918040 
  6.907921 
  6.913370 
  6.915705 
  6.920375 
  6.928159 
  6.950733 
  6.945284 
  6.951511 
  6.965522 
  6.949176 
  6.946841 
  6.938278 
  6.932051 
  6.925824 
  6.925046 
  6.915705 
  6.918819 
  6.914148 
  6.908700 
  6.938278 
  6.933608 
  6.928159 
  6.938278 
  6.949176 
  6.954625 
  6.950733 
  6.962408 
  6.956181 
  6.924267 
  6.968636 
  6.933608 
  6.923489 
  6.933608 
  6.936722 
  6.945284 
  6.941392 
  6.940614 
  6.948397 
  6.935165 
  6.970971 
  6.952289 
  6.949954 
  6.960073 
  6.954625 
  6.951511 
  6.935943 
  6.939835 
  6.926603 
  6.928159 
  6.941392 
  6.948397 
  6.967079 
  6.960852 
  6.124084 
  6.946062 
  6.960073 
  6.932051 
  6.928159 
  6.935165 
  6.943727 
  6.937500 
  6.967857 
  6.969414 
  6.948397 
  6.966300 
  6.939835 
  6.944505 
  6.941392 
  6.950733 
  6.970971 
  6.942170 
  6.952289 
  6.924267 
  6.934386 
  6.926603 
  6.919597 
  6.932830 
  6.942949 
  6.942949 
  6.932051 
  6.925824 
  6.924267 
  6.932830 
  6.929716 
  6.932051 
  6.950733 
  6.949954 
  6.217491 
  6.915705 
  6.921154 
  6.918040 
  6.921932 
  6.923489 
  6.935165 
  6.938278 
  6.931273 
  6.951511 
  6.949954 
  6.930495 
  6.902473 
  6.903251 
  6.919597 
  6.918819 
  6.928159 
  6.931273 
  6.940614 
  6.931273 
  6.945284 
  6.949954 
  6.913370 
  6.933608 
  6.914927 
  6.912592 
  6.939057 
  6.894689 
  6.911813 
  6.910256 
  6.923489 
  6.917262 
  6.921932 
  6.938278 
  6.932830 
  6.909478 
  6.900137 
  6.903251 
  6.897024 
  6.904029 
  6.893132 
  6.909478 
  6.918040 
  6.904029 
  6.911813 
  6.925046 
  6.932830 
  6.927381 
  6.921932 
  6.915705 
  6.920375 
  6.899359 
  6.904808 
  6.916484 
  6.922711 
  6.908700 
  6.917262 
  6.907143 
  6.928938 
  6.923489 
  6.928938 
  6.907143 
  6.932830 
  6.939057 
  6.928938 
  6.925046 
  6.935165 
  6.912592 
  6.924267 
  6.921154 
  6.919597 
  6.919597 
  6.912592 
  6.918040 
  6.897802 
  6.890018 
  6.906364 
  6.925824 
  6.924267 
  6.917262 
  6.913370 
  6.907921 
  6.919597 
  6.926603 
  6.928159 
  6.931273 
  6.934386 
  6.958516 
  6.925824 
  6.935943 
  6.924267 
  6.935165 
  6.897024 
  6.902473 
  6.910256 
  6.921932 
  6.903251 
  6.914927 
  6.933608 
  6.925046 
  6.936722 
  6.954625 
  6.924267 
  6.953068 
  6.935165 
  6.928938 
  6.930495 
  6.918819 
  6.916484 
  6.904808 
  6.919597 
  6.901694 
  6.916484 
  6.922711 
  6.931273 
  6.941392 
  6.937500 
  6.959295 
  6.963187 
  6.943727 
  6.948397 
  6.933608 
  6.935165 
  6.907921 
  6.912592 
  6.896245 
  6.912592 
  6.921154 
  6.935943 
  6.926603 
  6.926603 
  6.938278 
  6.954625 
  6.950733 
  6.935165 
  6.942170 
  6.932051 
  6.938278 
  6.923489 
  6.929716 
  6.932051 
  6.917262 
  6.936722 
  6.928159 
  6.911035 
  6.918819 
  6.935165 
  6.943727 
  6.979533 
  6.969414 
  6.978755 
  6.977976 
  6.995879 
  6.949954 
  6.947619 
  6.965522 
  6.955403 
  6.921932 
  6.936722 
  6.930495 
  6.939835 
  6.938278 
  6.960073 
  6.964744 
  6.968636 
  6.988874 
  6.975641 
  6.972527 
  6.986538 
  6.960073 
  6.942170 
  6.921154 
  6.923489 
  6.918040 
  6.950733 
  6.955403 
  6.964744 
  6.974863 
  7.002885 
  6.989652 
  6.991987 
  6.995101 
  6.966300 
  6.935943 
  6.913370 
  6.920375 
  6.935943 
  6.946062 
  6.976419 
  6.996658 
  6.993544 
  7.010668 
  6.977976 
  6.965522 
  6.953846 
  6.942170 
  6.949176 
  6.966300 
  6.994322 
  7.019231 
  7.002885 
  6.967079 
  6.967857 
  6.967857 
  6.998214 
  6.998214 
  6.999771 
  6.983425 
  6.965522 
  6.974084 
  6.980311 
  6.960073 
  7.003663 
  6.995101 
  6.991987 
  6.970192 
  6.979533 
  6.975641 
  6.983425 
  6.963187 
  6.965522 
  6.960073 
  6.992766 
  6.999771 
  6.988095 
  6.991987 
  7.002885 
  6.990430 
  6.983425 
  6.992766 
  6.964744 
  6.972527 
  6.960852 
  6.949176 
  6.955403 
  6.970192 
  6.962408 
  6.950733 
  6.968636 
  6.977976 
  6.973306 
  6.988874 
  6.968636 
  6.977198 
  6.971749 
  6.976419 
  6.952289 
  6.967079 
  6.950733 
  6.975641 
  6.963965 
  6.961630 
  6.954625 
  6.974863 
  6.974863 
  6.971749 
  6.977198 
  6.954625 
  6.960073 
  6.961630 
  6.965522 
  6.974084 
  6.958516 
  6.959295 
  6.946062 
  6.953846 
  6.936722 
  6.937500 
  6.937500 
  6.943727 
  6.948397 
  6.944505 
  6.949954 
  6.966300 
  6.952289 
  6.974863 
  6.958516 
  6.959295 
  6.945284 
  6.943727 
  6.953068 
  6.949176 
  6.940614 
  6.940614 
  6.936722 
  6.949954 
  6.946062 
  6.944505 
  6.954625 
  6.949954 
  6.939835 
  6.948397 
  6.953068 
  6.961630 
  6.964744 
  6.970192 
  6.963187 
  6.953846 
  6.955403 
  6.935165 
  6.944505 
  6.943727 
  6.939835 
  6.914927 
  6.921932 
  6.930495 
  6.928159 
  6.933608 
  6.947619 
  6.947619 
  6.939835 
  6.957738 
  6.964744 
  6.968636 
  6.986538 
  6.952289 
  6.949954 
  6.930495 
  6.928159 
  6.925046 
  6.928938 
  6.919597 
  6.902473 
  6.923489 
  6.936722 
  6.949954 
  6.950733 
  6.961630 
  6.935165 
  6.934386 
  6.942170 
  6.939057 
  6.935165 
  6.926603 
  6.927381 
  6.905586 
  6.927381 
  6.939835 
  6.935943 
  6.939057 
  6.956181 
  6.960073 
  6.950733 
  6.947619 
  6.967857 
  6.960073 
  6.945284 
  6.941392 
  6.932051 
  6.943727 
  6.925824 
  6.921932 
  6.921154 
  6.921154 
  6.932830 
  6.932830 
  6.934386 
  6.955403 
  6.950733 
  6.942949 
  6.949176 
  6.956960 
  6.942949 
  6.932051 
  6.945284 
  6.921154 
  6.923489 
  6.918819 
  6.904808 
  6.925046 
  6.927381 
  6.925824 
  6.932051 
  6.933608 
  6.949954 
  6.963187 
  6.965522 
  6.972527 
  6.964744 
  6.954625 
  6.949176 
  6.925824 
  6.938278 
  6.938278 
  6.918819 
  6.942170 
  6.935943 
  6.943727 
  6.945284 
  6.951511 
  6.942170 
  6.965522 
  6.958516 
  6.978755 
  6.949176 
  6.933608 
  6.945284 
  6.902473 
  6.925046 
  6.939835 
  6.944505 
  6.956181 
  6.981090 
  6.961630 
  6.963187 
  6.958516 
  6.930495 
  6.928938 
  6.925824 
  6.933608 
  6.950733 
  6.939835 
  6.979533 
  6.949176 
  6.930495 
  6.921932 
  6.907143 
  6.930495 
  6.939835 
  6.961630 
  6.944505 
  6.922711 
  6.935943 
  6.928938 
  6.928938 
  6.898581 
  6.911813 
  6.922711 
  6.918040 
  6.932051 
  6.946062 
  6.932051 
  6.916484 
  6.907143 
  6.914927 
  6.917262 
  6.920375 
  6.902473 
  6.928159 
  6.938278 
  6.925824 
  6.946062 
  6.948397 
  6.940614 
  6.914927 
  6.898581 
  6.886905 
  6.907921 
  6.913370 
  6.918040 
  6.935943 
  6.913370 
  6.932830 
  6.931273 
  6.917262 
  6.943727 
  6.926603 
  6.925046 
  6.950733 
  6.897802 
  6.931273 
  6.909478 
  6.895467 
  6.904029 
  6.910256 
  6.925824 
  6.924267 
  6.921154 
  6.899359 
  6.906364 
  6.903251 
  6.923489 
  6.906364 
  6.918040 
  6.912592 
  6.910256 
  6.914148 
  6.928159 
  6.921932 
  6.925046 
  6.908700 
  6.912592 
  6.922711 
  6.899359 
  6.909478 
  6.915705 
  6.928938 
  6.914148 
  6.911035 
  6.916484 
  6.920375 
  6.912592 
  6.925824 
  6.897802 
  6.925046 
  6.921932 
  6.920375 
  6.911813 
  6.923489 
  6.921154 
  6.919597 
  6.922711 
  6.926603 
  6.907921 
  6.924267 
  6.910256 
  6.904808 
  6.891575 
  6.896245 
  6.904029 
  6.904808 
  6.911035 
  6.909478 
  6.898581 
  6.905586 
  6.916484 
  6.925046 
  6.925046 
  6.945284 
  6.973306 
  6.939835 
  6.956181 
  6.943727 
  6.935165 
  6.908700 
  6.902473 
  6.913370 
  6.907921 
  6.897802 
  6.900137 
  6.912592 
  6.904808 
  6.918819 
  6.939057 
  6.931273 
  6.938278 
  6.943727 
  6.938278 
  6.948397 
  6.942170 
  6.939835 
  6.914148 
  6.933608 
  6.919597 
  6.918040 
  6.930495 
  6.918040 
  6.925046 
  6.937500 
  6.928159 
  6.936722 
  6.922711 
  6.926603 
  6.935165 
  6.949954 
  6.928938 
  6.927381 
  6.927381 
  6.931273 
  6.941392 
  6.943727 
  6.932830 
  6.933608 
  6.921154 
  6.920375 
  6.929716 
  6.918819 
  6.918040 
  6.922711 
  6.910256 
  6.918040 
  6.913370 
  6.949954 
  6.945284 
  6.947619 
  6.947619 
  6.945284 
  6.942170 
  6.939835 
  6.932830 
  6.959295 
  6.958516 
  6.956960 
  6.961630 
  6.970971 
  6.947619 
  6.943727 
  6.967079 
  6.960073 
  6.939835 
  6.960073 
  6.965522 
  6.946062 
  6.930495 
  6.968636 
  6.956181 
  6.967857 
  6.960073 
  6.956181 
  6.952289 
  6.973306 
  6.962408 
  6.950733 
  6.942949 
  6.936722 
  6.942170 
  6.954625 
  6.970192 
  6.962408 
  6.979533 
  6.974084 
  6.960852 
  6.995101 
  6.986538 
  6.979533 
  6.964744 
  6.942949 
  6.939057 
  6.958516 
  6.944505 
  6.958516 
  6.964744 
  6.979533 
  6.967079 
  6.986538 
  6.990430 
  6.979533 
  6.979533 
  6.969414 
  6.967079 
  6.974863 
  6.967857 
  6.979533 
  6.991209 
  7.005220 
  6.999771 
  6.976419 
  6.989652 
  7.002106 
  6.981090 
  6.976419 
  6.961630 
  6.964744 
  6.984982 
  7.008333 
  6.975641 
  7.005220 
  7.001328 
  6.992766 
  6.952289 
  6.957738 
  6.951511 
  6.974084 
  6.942170 
  6.962408 
  6.971749 
  6.996658 
  7.001328 
  6.998214 
  6.987317 
  7.004441 
  6.987317 
  6.979533 
  6.981868 
  6.974084 
  6.966300 
  6.958516 
  6.948397 
  6.960073 
  6.963187 
  6.963965 
  6.956960 
  6.967857 
  6.973306 
  6.977976 
  6.992766 
  6.960073 
  6.971749 
  6.967079 
  6.970971 
  6.946841 
  6.944505 
  6.961630 
  6.939057 
  6.963965 
  6.974863 
  6.976419 
  6.972527 
  6.966300 
  6.977198 
  6.955403 
  6.949176 
  6.960852 
  6.957738 
  6.958516 
  6.969414 
  6.946062 
  6.954625 
  6.937500 
  6.924267 
  6.926603 
  6.937500 
  6.930495 
  6.950733 
