  6.644048 
  6.614469 
  6.630815 
  6.609799 
  6.616804 
  6.601236 
  6.591117 
  6.604350 
  6.611355 
  6.616026 
  6.614469 
  6.641712 
  6.606685 
  6.588004 
  6.583333 
  6.604350 
  6.609799 
  6.595009 
  6.611355 
  6.598123 
  6.563874 
  6.580998 
  6.540522 
  6.575549 
  6.600458 
  6.593452 
  6.588782 
  6.567766 
  6.569322 
  6.594231 
  6.585668 
  6.585668 
  6.590339 
  6.579441 
  6.571658 
  6.579441 
  6.563874 
  6.577106 
  6.617582 
  6.559982 
  6.572436 
  6.538187 
  6.554533 
  6.528068 
  6.547527 
  6.573993 
  6.574771 
  6.542857 
  6.512500 
  6.531960 
  6.580220 
  6.532738 
  6.514835 
  6.565430 
  6.479808 
  6.513278 
  6.563874 
  6.521841 
  6.518727 
  6.500824 
  6.579441 
  6.540522 
  6.542079 
  6.531181 
  6.563874 
  6.595009 
  6.567766 
  6.581777 
  6.572436 
  6.516392 
  6.591117 
  6.582555 
  6.586447 
  6.554533 
  6.562317 
  6.575549 
  6.560760 
  6.578663 
  6.571658 
  6.602793 
  6.619918 
  6.615247 
  6.630815 
  6.573214 
  6.545971 
  6.586447 
  6.654167 
  6.745238 
  6.703984 
  6.654167 
  6.609020 
  6.596566 
  6.677518 
  6.682189 
  6.721886 
  6.738233 
  6.745238 
  6.799725 
  6.839423 
  6.830082 
  6.826190 
  6.834753 
  6.881456 
  6.928938 
  6.955403 
  6.970971 
  7.035577 
  7.062821 
  7.071383 
  7.053480 
  7.055815 
  7.078388 
  7.131319 
  7.147665 
  7.178800 
  7.179579 
  7.194368 
  7.183471 
  7.172573 
  7.206044 
  7.268315 
  7.276877 
  7.336035 
  7.302564 
  7.324359 
  7.368727 
  7.354716 
  7.323581 
  7.294780 
  7.366392 
  7.022344 
  7.053480 
  6.985760 
  6.973306 
  6.998993 
  6.979533 
  6.972527 
  6.960073 
  6.934386 
  6.883791 
  6.923489 
  6.921154 
  6.952289 
  6.960073 
  6.963965 
  6.932830 
  6.895467 
  6.897024 
  6.900137 
  6.927381 
  6.950733 
  6.967079 
  6.929716 
  6.920375 
  6.883013 
  6.876786 
  6.888462 
  6.895467 
  6.926603 
  6.928159 
  6.904808 
  6.902473 
  6.868223 
  6.844872 
  6.824634 
  6.826969 
  6.888462 
  6.927381 
  6.944505 
  6.884570 
  6.847207 
  6.832418 
  6.837088 
  6.853434 
  6.851877 
  6.832418 
  6.872115 
  6.908700 
  6.931273 
  6.911035 
  6.890797 
  6.856548 
  6.803617 
  6.866667 
  6.925046 
  6.946841 
  6.953068 
  6.877564 
  6.877564 
  6.853434 
  6.886126 
  6.972527 
  6.911035 
  6.874451 
  6.878342 
  6.961630 
  6.902473 
  6.914927 
  6.964744 
  6.973306 
  6.923489 
  6.858883 
  6.883013 
  6.928159 
  6.973306 
  7.001328 
  6.959295 
  6.966300 
  6.943727 
  6.890018 
  6.900137 
  6.909478 
  6.924267 
  6.942170 
  6.966300 
  6.976419 
  7.014560 
  7.025458 
  7.003663 
  6.963187 
  6.974084 
  6.994322 
  7.009890 
  7.043361 
  7.061264 
  7.051145 
  7.072940 
  7.062821 
  7.108745 
  7.093178 
  7.095513 
  7.127427 
  7.173352 
  7.203709 
  7.181136 
  7.241071 
  7.279991 
  7.279991 
  7.272207 
  7.289332 
  7.304121 
  7.287775 
  7.346932 
  7.378846 
  7.448123 
  7.466026 
  7.485485 
  7.530632 
  7.510394 
  7.539973 
  7.540751 
  7.564103 
  7.596016 
  7.574222 
  7.607692 
  7.646612 
  7.654396 
  7.765705 
  7.805403 
  7.835760 
  7.859890 
  7.887912 
  7.850549 
  7.913599 
  7.933837 
  8.028800 
  8.014011 
  7.992995 
  7.988324 
  8.036584 
  8.038141 
  7.950183 
  7.943956 
  7.940842 
  7.920604 
  7.893361 
  7.901923 
  7.847436 
  7.779716 
  7.740797 
  7.711218 
  7.535302 
  7.520513 
  7.512729 
  7.488599 
  7.463690 
  7.476923 
  7.503388 
  7.483929 
  7.491712 
  7.462912 
  7.450458 
  7.464469 
  7.480815 
  7.445788 
  7.435668 
  7.466804 
  7.445009 
  7.462912 
  7.437225 
  7.442674 
  7.464469 
  7.490156 
  7.430998 
  7.432555 
  7.437225 
  7.478480 
  7.487042 
  7.485485 
  7.442674 
  7.413874 
  7.421658 
  7.463690 
  7.476145 
  7.469139 
  7.491712 
  7.450458 
  7.401419 
  7.374954 
  7.354716 
  7.387408 
  7.417766 
  7.400641 
  7.435668 
  7.493269 
  7.504167 
  7.454350 
  7.462134 
  7.466026 
  7.470696 
  7.434112 
  7.380403 
  7.445788 
  7.438004 
  7.458242 
  7.462912 
  7.516621 
  7.482372 
  7.443452 
  7.475366 
  7.466804 
  7.436447 
  7.462134 
  7.504167 
  7.511951 
  7.499496 
  7.491712 
  7.497940 
  7.476145 
  7.429441 
  7.506502 
  7.518178 
  7.530632 
  7.553205 
  7.493269 
  7.496383 
  7.553205 
  7.501053 
  7.540751 
  7.563324 
  7.543864 
  7.515842 
  7.530632 
  7.540751 
  7.529853 
  7.522070 
  7.550092 
  7.547756 
  7.528297 
  7.558654 
  7.501832 
  7.497161 
  7.507280 
  7.523626 
  7.564881 
  7.577335 
  7.557097 
  7.545421 
  7.588233 
  7.563324 
  7.553205 
  7.525962 
  7.543864 
  7.527518 
  7.506502 
  7.585119 
  7.592125 
  7.648947 
  7.655174 
  7.594460 
  7.547756 
  7.529075 
  7.549313 
  7.600687 
  7.632601 
  7.700321 
  7.710440 
  7.746245 
  7.771932 
  7.808516 
  7.785165 
  7.827976 
  7.801511 
  7.853663 
  7.878571 
  7.898031 
  7.915934 
  7.964194 
  7.978205 
  8.019460 
  7.955632 
  8.028800 
  8.014011 
  8.052152 
  8.042811 
  8.081731 
  8.052152 
  8.105082 
  8.161126 
  8.219505 
  8.284890 
  8.273214 
  8.288782 
  8.270879 
  8.289560 
  8.340156 
  8.368956 
  8.379853 
  8.414881 
  8.470147 
  8.486493 
  8.512179 
  8.515293 
  8.498947 
  8.495055 
  8.439789 
  8.484936 
  8.500504 
  8.494277 
  8.438233 
  8.417995 
  8.376740 
  8.334707 
  8.337042 
  8.347161 
  8.182921 
  8.140110 
  7.950962 
  7.979762 
  8.018681 
  8.066941 
  8.023352 
  7.997665 
  7.923718 
  7.908150 
  7.899588 
  7.933059 
  7.936172 
  7.987546 
  8.008562 
  7.962637 
  7.895696 
  7.854441 
  7.867674 
  7.912821 
  7.963416 
  7.940064 
  7.955632 
  7.974313 
  7.960302 
  7.951740 
  7.894918 
  7.861447 
  7.813187 
  7.809295 
  7.809295 
  7.897253 
  7.957967 
  7.967308 
  7.906593 
  7.811630 
  7.807738 
  7.762592 
  7.822527 
  7.862225 
  7.895696 
  7.892582 
  7.927610 
  7.903480 
  7.919826 
  7.909707 
  7.901923 
  7.891804 
  7.890247 
  7.882463 
  7.910485 
  7.886355 
  7.871566 
  7.846658 
  7.878571 
  7.912821 
  7.921383 
  7.887912 
  7.854441 
  7.877793 
  7.870009 
  7.862225 
  7.894918 
  7.929945 
  7.883242 
  7.893361 
  7.929167 
  7.926053 
  7.946291 
  7.954853 
  7.967308 
  7.936172 
  7.848214 
  7.834203 
  7.873123 
  7.908929 
  7.937729 
  7.967308 
  7.946291 
  7.925275 
  7.895696 
  7.877015 
  7.831868 
  7.902701 
  7.915156 
  7.981319 
  7.930723 
  7.948626 
  8.014789 
  7.958745 
  7.984432 
  7.932280 
  7.951740 
  7.961081 
  7.989881 
  8.013233 
  7.998443 
  8.012454 
  7.962637 
  8.003114 
  8.036584 
  8.029579 
  7.986767 
  8.004670 
  8.028022 
  8.029579 
  8.014789 
  8.014789 
  7.988324 
  8.060714 
  8.000000 
  8.012454 
  8.008562 
  7.979762 
  8.030357 
  8.075504 
  8.092628 
  8.077839 
  8.061493 
  8.083288 
  8.086401 
  8.067720 
  8.001557 
  7.992216 
  7.960302 
  8.010119 
  8.036584 
  8.088736 
  8.106639 
  8.165797 
  8.132326 
  8.147894 
  8.131548 
  8.190705 
  8.205495 
  8.274771 
  8.274771 
  8.312134 
  8.372070 
  8.389194 
  8.375183 
  8.395421 
  8.439789 
  8.402427 
  8.446795 
  8.466255 
  8.500504 
  8.510623 
  8.512179 
  8.540201 
  8.582234 
  8.653846 
  8.673306 
  8.670971 
  8.660852 
  8.653068 
  8.656960 
  8.695879 
  8.701328 
  8.748810 
  8.757372 
  8.793178 
  8.879579 
  8.888141 
  8.913049 
  8.946520 
  8.969093 
  8.948077 
  9.011126 
  8.990110 
  8.986996 
  9.014240 
  9.002564 
  8.983104 
  9.015018 
  8.983104 
  8.926282 
  8.944963 
  8.945742 
  8.980769 
  8.919277 
  8.958974 
  8.927839 
  8.836767 
  8.786951 
  8.688095 
  8.654625 
  8.457692 
  8.405540 
  8.400092 
  8.345604 
  8.316804 
  8.314469 
  8.332372 
  8.330815 
  8.357280 
  8.337821 
  8.305907 
  8.295009 
  8.280998 
  8.282555 
  8.319139 
  8.344048 
  8.334707 
  8.309020 
  8.309020 
  8.281777 
  8.263095 
  8.230403 
  8.263095 
  8.232738 
  8.227289 
  8.249863 
  8.306685 
  8.341712 
  8.298123 
  8.258425 
  8.247527 
  8.228068 
  8.189927 
  8.217949 
  8.225733 
  8.288782 
  8.298123 
  8.288004 
  8.287225 
  8.229625 
  8.203938 
  8.259982 
  8.246749 
  8.200824 
  8.196154 
  8.224954 
  8.240522 
  8.197711 
  8.217170 
  8.226511 
  8.256868 
  8.286447 
  8.275549 
  8.201603 
  8.238187 
  8.247527 
  8.232738 
  8.186035 
  8.193819 
  8.192262 
  8.270101 
  8.241300 
  8.210943 
  8.170467 
  8.213278 
  8.230403 
  8.239744 
  8.248306 
  8.197711 
  8.203159 
  8.279441 
  8.212500 
  8.244414 
  8.282555 
  8.232738 
  8.235073 
  8.274771 
  8.270101 
  8.252976 
  8.259203 
  8.311355 
  8.285668 
  8.192262 
  8.236630 
  8.214057 
  8.191484 
  8.185256 
  8.270879 
  8.278663 
  8.315247 
  8.259982 
  8.266987 
  8.236630 
  8.238965 
  8.242857 
  8.265430 
  8.235073 
  8.264652 
  8.326923 
  8.316804 
  8.344826 
  8.279441 
  8.287225 
  8.276328 
  8.305907 
  8.375183 
  8.294231 
  8.358837 
  8.364286 
  8.393864 
  8.352610 
  8.364286 
  8.385302 
  8.358837 
  8.378297 
  8.391529 
  8.361951 
  8.316804 
  8.354945 
  8.411767 
  8.344826 
  8.318361 
  8.400092 
  8.451465 
  8.394643 
  8.310577 
  8.353388 
  8.378297 
  8.382967 
  8.312134 
  8.338599 
  8.451465 
  8.493498 
  8.440568 
  8.372070 
  8.346383 
  8.436676 
  8.371291 
  8.366621 
  8.404762 
  8.414103 
  8.396978 
  8.407875 
  8.365064 
  8.355723 
  8.399313 
  8.407097 
  8.421108 
  8.446795 
  8.384524 
  8.400092 
  8.377518 
  8.372070 
  8.346383 
  8.376740 
  8.402427 
  8.375962 
  8.399313 
  8.425000 
  8.478709 
  8.539423 
  8.561996 
  8.520742 
  8.577564 
  8.570559 
  8.540201 
  8.601694 
  8.668636 
  8.741804 
  8.755815 
  8.767491 
  8.743361 
  8.730907 
  8.705998 
  8.791621 
  8.817308 
  8.831319 
  8.840659 
  8.875687 
  8.830540 
  8.925504 
  9.003342 
  9.015797 
  9.018910 
  8.970650 
  8.977656 
  9.000229 
  9.007234 
  9.057051 
  9.006456 
  9.052381 
  9.102198 
  9.122436 
  9.137225 
  9.078068 
  9.085073 
  9.113095 
  9.179258 
  9.171474 
  9.194826 
  9.166026 
  9.135668 
  9.225962 
  9.130220 
  8.776053 
  8.758150 
  8.766712 
  8.717674 
  8.746474 
  8.814194 
  8.727793 
  8.709890 
  8.678755 
  8.677976 
  8.705220 
  8.716896 
  8.737134 
  8.778388 
  8.757372 
  8.730128 
  8.694322 
  8.674863 
  8.678755 
  8.698214 
  8.709112 
  8.693544 
  8.705998 
  8.718452 
  8.727793 
  8.752701 
  8.621932 
  8.622711 
  8.638278 
  8.708333 
  8.712225 
  8.737912 
  8.676419 
  8.618819 
  8.711447 
  8.668636 
  8.665522 
  8.684982 
  8.675641 
  8.670971 
  8.681090 
  8.675641 
  8.653846 
  8.639057 
  8.720009 
  8.730128 
  8.686538 
  8.688874 
  8.683425 
  8.691209 
  8.674084 
  8.666300 
  8.625046 
  8.635943 
  8.633608 
  8.611813 
  8.647619 
  8.661630 
  8.690430 
  8.727793 
  8.698214 
  8.689652 
  8.645284 
  8.655403 
  8.670192 
  8.632051 
  8.633608 
  8.626603 
  8.624267 
  8.660073 
  8.653068 
  8.691209 
  8.734799 
  8.786172 
  8.701328 
  8.721566 
  8.642949 
  8.706777 
  8.712225 
  8.726236 
  8.734020 
  8.685760 
  8.674863 
  8.663187 
  8.730128 
  8.720788 
  8.773718 
  8.657738 
  8.703663 
  8.726236 
  8.705998 
  8.688874 
  8.710668 
  8.734020 
  8.658516 
  8.661630 
  8.691987 
  8.720788 
  8.731685 
  8.740247 
  8.727793 
  8.709890 
  8.753480 
  8.727793 
  8.790064 
  8.772940 
  8.755037 
  8.751923 
  8.754258 
  8.766712 
  8.757372 
  8.699771 
  8.793956 
  8.809524 
  8.828205 
  8.782280 
  8.772940 
  8.764377 
  8.762821 
  8.762821 
  8.772161 
  8.757372 
  8.751923 
  8.787729 
  8.790842 
  8.789286 
  8.838324 
  8.796291 
  8.759707 
  8.769826 
  8.786951 
  8.755815 
  8.769048 
  8.744139 
  8.769826 
  8.825870 
  8.785394 
  8.802518 
  8.833654 
  8.816529 
  8.790064 
  8.763599 
  8.775275 
  8.813416 
  8.776053 
  8.831319 
  8.853892 
  8.887363 
  8.845330 
  8.869460 
  8.893590 
  8.893590 
  8.948077 
  8.987775 
  8.956639 
  9.044597 
  9.085073 
  9.057830 
  9.077289 
  9.044597 
  9.120101 
  9.155907 
  9.178480 
  9.182372 
  9.217399 
  9.187821 
  9.171474 
  9.232189 
  9.238416 
  9.171474 
  9.291346 
  9.302244 
  9.324038 
  9.413553 
  9.420559 
  9.433013 
  9.478159 
  9.467262 
  9.492949 
  9.561447 
  9.510852 
  9.529533 
  9.510852 
  9.565339 
  9.571566 
  9.570788 
  9.615156 
  9.601145 
  9.682875 
  9.678984 
  9.739698 
  9.765385 
  9.770055 
  9.816758 
  9.849451 
  9.875137 
  9.870467 
  9.935852 
  9.960760 
  9.984890 
  9.962317 
  10.005907 
  10.031593 
  9.991117 
  10.009020 
  10.016026 
  9.941300 
  9.899267 
  9.900046 
  9.829212 
  9.820650 
  9.777839 
  9.706227 
  9.634615 
  9.664194 
  9.603480 
  9.565339 
  9.670421 
  9.555220 
  9.433791 
  9.351282 
  9.271886 
  9.275000 
  9.282005 
  9.246978 
  9.218178 
  9.255540 
  9.260211 
  9.268773 
  9.253984 
  9.217399 
  9.245421 
  9.251648 
  9.205723 
  9.207280 
  9.263324 
  9.214286 
  9.173810 
  9.166804 
  9.268773 
  9.291346 
  9.253205 
  9.221291 
  9.215064 
  9.191712 
  9.184707 
  9.197161 
  9.276557 
  9.264881 
  9.235302 
  9.218956 
  9.188599 
  9.185485 
  9.153571 
  9.211172 
  9.253984 
  9.221291 
  9.232189 
  9.166026 
  9.157463 
  9.163690 
  9.183929 
  9.236859 
  9.199496 
  9.257097 
  9.164469 
  9.182372 
  9.152015 
  9.173810 
  9.159799 
  9.180037 
  9.207280 
  9.229853 
  9.209615 
  9.199496 
  9.229853 
  9.213507 
  9.235302 
  9.229853 
  9.197940 
  9.196383 
  9.166026 
  9.170696 
  9.183150 
  9.236859 
  9.182372 
  9.201053 
  9.218178 
  9.233745 
  9.264103 
  9.261767 
  9.250870 
  9.211172 
  9.212729 
  9.189377 
  9.174588 
  9.214286 
  9.262546 
  9.231410 
  9.214286 
  9.256319 
  9.250092 
  9.258654 
  9.228297 
  9.194048 
  9.257097 
  9.180037 
  9.201832 
  9.234524 
  9.282784 
  9.256319 
  9.246200 
  9.237637 
  9.230632 
  9.227518 
  9.200275 
  9.243864 
  9.223626 
  9.283562 
  9.283562 
  9.259432 
  9.305357 
  9.235302 
  9.239194 
  9.243864 
  9.362179 
  9.186264 
  9.274222 
  9.358288 
  9.362179 
  9.348947 
  9.282005 
  9.275000 
  9.263324 
  9.293681 
  9.282005 
  9.356731 
  9.380861 
  9.376190 
  9.345055 
  9.313141 
  9.328709 
  9.225183 
  9.268773 
  9.331822 
  9.355952 
  9.346612 
  9.291346 
  9.361401 
  9.348168 
  9.345055 
  9.285897 
  9.315476 
  9.327930 
  9.327152 
  9.320147 
  9.291346 
  9.307692 
  9.362179 
  9.388645 
  9.401099 
  9.344277 
  9.330266 
  9.343498 
  9.282005 
  9.299130 
  9.247756 
  9.303800 
  9.343498 
  9.388645 
  9.393315 
  9.360623 
  9.369185 
  9.354396 
  9.367628 
  9.391758 
  9.386310 
  9.399542 
  9.413553 
  9.401877 
  9.416667 
  9.391758 
  9.436905 
  9.443132 
  9.506181 
  9.541209 
  9.580128 
  9.654075 
  9.677427 
  9.677427 
  9.644734 
  9.706227 
  9.711676 
  9.737363 
  9.727244 
  9.742033 
  9.786401 
  9.797299 
  9.831548 
  9.864240 
  9.846337 
  9.894597 
  9.959982 
  9.942857 
  9.998901 
  10.054945 
  10.080632 
  10.064286 
  10.117216 
  10.139789 
  10.137454 
  10.151465 
  10.217628 
  10.237088 
  10.281456 
  10.287683 
  10.326603 
  10.311813 
  10.363965 
  10.398993 
  10.359295 
  10.387317 
  10.382647 
  10.376419 
  10.345284 
  10.356181 
  10.333608 
  10.356960 
  10.298581 
  10.247207 
  10.164698 
  10.124222 
  10.122665 
  10.075183 
  10.044048 
  10.088416 
  9.972436 
  9.920284 
  9.879029 
  9.665751 
  9.642399 
  9.575458 
  9.581685 
  9.580128 
  9.580907 
  9.555998 
  9.570788 
  9.570788 
  9.509295 
  9.485165 
  9.454808 
  9.482830 
  9.452473 
  9.517857 
  9.522527 
  9.517079 
  9.481273 
  9.481273 
  9.495284 
  9.449359 
  9.471154 
  9.449359 
  9.424451 
  9.411996 
  9.430678 
  9.459478 
  9.540430 
  9.535760 
  9.516300 
  9.507738 
  9.408883 
  9.427564 
  9.396429 
  9.450916 
  9.490614 
  9.475824 
  9.500733 
  9.471932 
  9.446245 
  9.436126 
  9.397207 
  9.422115 
  9.470375 
  9.443910 
  9.422115 
  9.491392 
  9.438462 
  9.365293 
  9.391758 
  9.429121 
  9.428342 
  9.488278 
  9.433013 
  9.415110 
  9.456364 
  9.458700 
  9.464148 
  9.421337 
  9.446245 
  9.482830 
  9.492949 
  9.477381 
  9.457143 
  9.488278 
  9.429899 
  9.450137 
  9.467262 
  9.441575 
  9.478938 
  9.462592 
  9.459478 
  9.451694 
  9.476603 
  9.477381 
  9.533425 
  9.526419 
  9.493727 
  9.482830 
  9.476603 
  9.446245 
  9.484386 
  9.440797 
  9.467262 
  9.435348 
  9.452473 
  9.444689 
  9.521749 
  9.524863 
  9.534203 
  9.533425 
  9.505403 
  9.472711 
  9.479716 
  9.454808 
  9.482051 
  9.518636 
  9.470375 
  9.489835 
  9.493727 
  9.513187 
  9.500733 
  9.489057 
  9.554441 
  9.513187 
  9.553663 
  9.533425 
  9.501511 
  9.457921 
  9.515522 
  9.533425 
  9.517857 
  9.493727 
  9.498397 
  9.531868 
  9.589469 
  9.517857 
  9.510073 
  9.519414 
  9.536538 
  9.536538 
  9.469597 
  9.544322 
  9.590247 
  9.503846 
  9.568452 
  9.556777 
  9.514744 
  9.601145 
  9.657967 
  9.594918 
  9.553663 
  9.524863 
  9.557555 
  9.595696 
  9.600366 
  9.606593 
  9.658745 
  9.615156 
  9.640064 
  9.608150 
  9.604258 
  9.536538 
  9.611264 
  9.601145 
  9.584020 
  9.566896 
  9.622161 
  9.633059 
  9.643178 
  9.552885 
  9.572344 
  9.543544 
  9.559890 
  9.570009 
  9.619048 
  9.601923 
  9.606593 
  9.613599 
  9.626832 
  9.570788 
  9.587912 
  9.594918 
  9.597253 
  9.608150 
  9.571566 
  9.605037 
  9.559890 
  9.594139 
  9.601145 
  9.596474 
  9.588690 
  9.596474 
  9.577015 
  9.557555 
  9.586355 
  9.552885 
  9.580907 
  9.586355 
  9.593361 
  9.596474 
  9.591804 
  9.606593 
  9.586355 
  9.538874 
  9.547436 
  9.530311 
  9.569231 
  9.566896 
  9.629945 
  9.644734 
  9.597253 
  9.614377 
  9.652518 
  9.626832 
  9.644734 
  9.626053 
  9.658745 
  9.622940 
  9.608929 
  9.700778 
  9.717903 
  9.721016 
  9.731136 
  9.710897 
  9.740476 
  9.796520 
  9.811310 
  9.799634 
  9.844780 
  9.827656 
  9.868132 
  9.906273 
  9.966209 
  9.922619 
  9.895375 
  9.868132 
  9.910943 
  9.905495 
  9.949863 
  9.977106 
  9.936630 
  9.656410 
  9.645513 
  9.700778 
  9.620604 
  9.488278 
  9.545101 
  9.540430 
  9.510852 
  9.499954 
  9.549771 
  9.537317 
  9.502289 
  9.502289 
  9.464148 
  9.489057 
  9.517079 
  9.483608 
  9.546658 
  9.500733 
  9.448581 
  9.471154 
  9.514744 
  9.516300 
  9.527976 
  9.480495 
  9.502289 
  9.461813 
  9.499176 
  9.539652 
  9.510852 
  9.484386 
  9.482830 
  9.490614 
  9.480495 
  9.540430 
  9.513187 
  9.543544 
  9.497619 
  9.499176 
  9.481273 
  9.476603 
  9.494505 
  9.534982 
  9.588690 
  9.512408 
  9.476603 
  9.458700 
  9.517079 
  9.510852 
  9.526419 
  9.525641 
  9.509295 
  9.471154 
  9.493727 
  9.492949 
  9.489835 
  9.485943 
  9.456364 
  9.551328 
  9.496062 
  9.503846 
  9.566117 
  9.553663 
  9.510073 
  9.536538 
  9.449359 
  9.531868 
  9.559112 
  9.562225 
  9.570009 
  9.554441 
  9.550549 
  9.534203 
  9.628388 
  9.608929 
  9.513965 
  9.496062 
  9.557555 
  9.513187 
  9.582463 
  9.587134 
  9.559112 
  9.570788 
  9.542766 
  9.538095 
  9.547436 
  9.521749 
  9.598810 
  9.525641 
  9.596474 
  9.586355 
  9.576236 
  9.500733 
  9.629167 
  9.632280 
  9.562225 
  9.587134 
  9.605037 
  9.609707 
  9.598810 
  9.592582 
  9.671200 
  9.712454 
  9.671978 
  9.666529 
  9.584020 
  9.601923 
  9.606593 
  9.654853 
  9.626053 
  9.657189 
  9.690659 
  9.681319 
  9.646291 
  9.658745 
  9.616712 
  9.588690 
  9.629945 
  9.621383 
  9.637729 
  9.684432 
  9.641621 
  9.640064 
  9.719460 
  9.661859 
  9.648626 
  9.598810 
  9.615934 
  9.660302 
  9.667308 
  9.625275 
  9.664194 
  9.643956 
  9.676648 
  9.684432 
  9.650183 
  9.614377 
  9.652518 
  9.691438 
  9.698443 
  9.682875 
  9.735027 
  9.731136 
  9.767720 
  9.721016 
  9.697665 
  9.759936 
  9.799634 
  9.796520 
  9.819872 
  9.784844 
  9.801969 
  9.751374 
  9.736584 
  9.805861 
  9.839332 
  9.859570 
  9.893040 
  9.880586 
  9.844002 
  9.859570 
  9.907830 
  9.925733 
  9.938965 
  9.966987 
  9.998123 
  9.980998 
  10.024588 
  10.044826 
  10.072070 
  10.042491 
  10.065064 
  10.101648 
  10.110211 
  10.108654 
  10.153800 
  10.121886 
  10.181822 
  10.237088 
  10.199725 
  10.226190 
  10.325824 
  10.356181 
  10.313370 
  10.347619 
  10.395879 
  10.402106 
  10.370971 
  10.422344 
  10.402106 
  10.461264 
  10.475275 
  10.466712 
  10.416896 
  10.421566 
  10.420009 
  10.352289 
  10.349954 
  10.359295 
  10.397436 
  10.380311 
  10.321154 
  10.280678 
  10.143681 
  10.158471 
  10.036264 
  9.999679 
  9.946749 
  9.907051 
  9.853342 
  9.873581 
  9.889148 
  9.889927 
  9.853342 
  9.822207 
  9.766941 
  9.777060 
  9.805861 
  9.870467 
  9.945192 
  9.919505 
  9.902381 
  9.901603 
  9.832326 
  9.810531 
  9.778617 
  9.822207 
  9.847115 
  9.952976 
  9.852564 
  9.877473 
  9.806639 
  9.886035 
  9.877473 
  9.770055 
  9.805861 
  9.759158 
  9.793407 
  9.862683 
  9.869689 
  9.879808 
  9.815980 
  9.808196 
  9.788736 
  9.738919 
  9.738919 
  9.750595 
  9.782509 
  9.826877 
  9.822985 
  9.838553 
  9.844780 
  9.867353 
  9.865797 
  9.783288 
  9.806639 
  9.813645 
  9.791850 
  9.750595 
  9.801969 
  9.814423 
  9.817537 
  9.822985 
  9.868910 
  9.882143 
  9.935852 
  10.006685 
  9.931181 
  9.828434 
  9.774725 
  9.759936 
  9.805861 
  9.829212 
  9.912500 
  9.926511 
  9.886035 
  9.825321 
  9.833104 
  9.885256 
  9.867353 
  9.861905 
  9.804304 
  9.827656 
  9.777839 
  9.819093 
  9.841667 
  9.898489 
  9.910943 
  9.861126 
  9.792628 
  9.850229 
  9.853342 
  9.869689 
  9.866575 
  9.861905 
  9.837775 
  9.910165 
  9.904716 
  9.903938 
  9.882921 
  9.856456 
  9.810531 
  9.855678 
  9.870467 
  9.889148 
  9.958425 
  9.900824 
  9.900824 
  9.860348 
  9.818315 
  9.886035 
  9.910943 
  9.920284 
  9.848672 
  9.889148 
  9.903159 
  9.949863 
  9.890705 
  9.914057 
  9.961538 
  9.939744 
  9.983333 
  9.956868 
  9.952976 
  9.924954 
  9.939744 
  9.899267 
  9.903159 
  9.959203 
  9.980998 
  9.963095 
  9.980998 
  9.924954 
  9.956868 
  9.923397 
  9.924954 
  9.907051 
  9.917170 
  9.921841 
  9.949084 
  9.959203 
  10.003571 
  9.956868 
  9.983333 
  9.949084 
  9.933516 
  9.917170 
  9.935852 
  9.909386 
  9.978663 
  10.017582 
  10.001236 
  10.008242 
  10.011355 
  10.020696 
  10.034707 
  9.956868 
  9.948306 
  9.957647 
  10.012134 
  9.984890 
  10.020696 
  10.054167 
  10.000458 
  10.073626 
  10.104762 
  10.076740 
  10.117995 
  10.145238 
  10.154579 
  10.154579 
  10.160806 
  10.126557 
  10.086859 
  10.131227 
  10.201282 
  10.161584 
  10.239423 
  10.223077 
  10.247207 
  10.277564 
  10.257326 
  10.260440 
  10.290018 
  10.283013 
  10.337500 
  10.374863 
  10.374863 
  10.350733 
  10.437912 
  10.521200 
  10.472161 
  10.522756 
  10.510302 
  10.561676 
  10.628617 
  10.547665 
  10.541438 
  10.563233 
  10.551557 
  10.538324 
  10.560119 
  10.572573 
  10.630952 
  10.625504 
  10.647299 
  10.671429 
  10.758608 
  10.729808 
  10.701786 
  10.658196 
  10.732921 
  10.681548 
  10.753159 
  10.743819 
  10.752381 
  10.840339 
  10.836447 
  10.819322 
  10.789744 
  10.767170 
  10.753159 
  10.699451 
  10.778068 
  10.800641 
  10.707234 
  10.696337 
  10.697894 
  10.662866 
  10.633288 
  10.484615 
  10.288462 
  10.279121 
  10.230861 
  10.235531 
  10.192720 
  10.205174 
  10.220742 
  10.240201 
  10.247985 
  10.178709 
  10.167811 
  10.100870 
  10.142903 
  10.093864 
  10.107875 
  10.205952 
  10.143681 
  10.200504 
  10.093864 
  10.143681 
  10.082189 
  10.114103 
  10.130449 
  10.178709 
  10.145238 
  10.119551 
  10.121108 
  10.111767 
  10.118773 
  10.096200 
  10.167811 
  10.118773 
  10.124222 
  10.082967 
  10.089973 
  10.079853 
  10.063507 
  10.121108 
  10.181044 
  10.129670 
  10.127335 
  10.057280 
  10.028480 
  10.066621 
  10.096978 
  10.042491 
  10.073626 
  10.098535 
  10.118773 
  10.105540 
  10.065842 
  10.096978 
  10.164698 
  10.194277 
  10.195833 
  10.194277 
  10.126557 
  10.098535 
  10.026145 
  10.030037 
  10.083745 
  10.121886 
  10.096978 
  10.129670 
  10.147573 
  10.198168 
  10.184936 
  10.220742 
  10.202839 
  10.167033 
  10.129670 
  10.046383 
  10.059615 
  10.058837 
  10.108654 
  10.153800 
  10.130449 
  10.100870 
  10.114103 
  10.155357 
  10.222299 
  10.174817 
  10.146795 
  10.154579 
  10.130449 
  10.121886 
  10.086859 
  10.107097 
  10.132784 
  10.185714 
  10.165476 
  10.198947 
  10.219963 
  10.191163 
  10.096978 
  10.103984 
  10.126557 
  10.125778 
  10.189606 
